#EAST NORTH ELEV Kg/m^2 [-4->-3) [-3->-2) [-2->-1) [-1->0) [0->1) [1->2) [2->3) [3->4) (percent)
433487 1479887 0 0 -nan -nan -nan -nan -nan -nan -nan -nan 
435487 1479887 0 0 -nan -nan -nan -nan -nan -nan -nan -nan 
437487 1479887 0 0 -nan -nan -nan -nan -nan -nan -nan -nan 
439487 1479887 0 0 -nan -nan -nan -nan -nan -nan -nan -nan 
441487 1479887 0 0 -nan -nan -nan -nan -nan -nan -nan -nan 
443487 1479887 0 0 -nan -nan -nan -nan -nan -nan -nan -nan 
445487 1479887 0 0 -nan -nan -nan -nan -nan -nan -nan -nan 
447487 1479887 0 0 -nan -nan -nan -nan -nan -nan -nan -nan 
449487 1479887 0 0 -nan -nan -nan -nan -nan -nan -nan -nan 
451487 1479887 0 0 -nan -nan -nan -nan -nan -nan -nan -nan 
453487 1479887 0 0 -nan -nan -nan -nan -nan -nan -nan -nan 
455487 1479887 0 0 -nan -nan -nan -nan -nan -nan -nan -nan 
457487 1479887 0 0 -nan -nan -nan -nan -nan -nan -nan -nan 
459487 1479887 0 7.35491e-319 0.0315722 0.10748 0.233097 0.423202 0.617338 0.898129 2.09183 95.5974 
461487 1479887 0 1.24813e-312 0.0368472 0.113741 0.263877 0.479585 0.719123 1.01468 2.24915 95.123 
463487 1479887 0 1.42087e-306 0.0413232 0.127452 0.295322 0.535464 0.799368 1.11803 2.4238 94.6592 
465487 1479887 0 1.08551e-300 0.0461584 0.142251 0.329219 0.595554 0.885269 1.22766 2.6048 94.1691 
467487 1479887 0 5.56541e-295 0.0513542 0.15814 0.365569 0.659841 0.976766 1.34341 2.79162 93.6533 
469487 1479887 0 1.91486e-289 0.0569078 0.175111 0.404346 0.728262 1.07373 1.46504 2.98361 93.113 
471487 1479887 0 4.42133e-284 0.0628121 0.193139 0.445492 0.800703 1.17597 1.59221 3.18008 92.5496 
473487 1479887 0 6.85071e-279 0.0690553 0.212187 0.488919 0.876994 1.2832 1.72452 3.38026 91.9649 
475487 1479887 0 7.12325e-274 0.0756206 0.232204 0.534503 0.956909 1.39509 1.86151 3.58332 91.3608 
477487 1479887 0 4.97019e-269 0.0824864 0.253122 0.58209 1.04017 1.51123 2.0026 3.78838 90.7399 
479487 1479887 0 2.32706e-264 0.089626 0.27486 0.631492 1.12643 1.63111 2.1472 3.99453 90.1048 
481487 1479887 0 7.31087e-260 0.097008 0.297321 0.682488 1.21531 1.7542 2.2946 4.20081 89.4583 
483487 1479887 0 1.54115e-255 0.104597 0.320396 0.734828 1.30637 1.87987 2.44408 4.40627 88.8036 
485487 1479887 0 2.17982e-251 0.112351 0.343962 0.788234 1.39912 2.00746 2.59484 4.60993 88.1441 
487487 1479887 0 2.0686e-247 0.120229 0.367886 0.842404 1.49304 2.13626 2.74607 4.81083 87.4833 
489487 1479887 0 1.31704e-243 0.128181 0.392024 0.897014 1.58757 2.2655 2.8969 5.00801 86.8248 
491487 1479887 0 5.62554e-240 0.136157 0.416225 0.951721 1.68212 2.39441 3.04647 5.20053 86.1724 
493487 1479887 0 1.61197e-236 0.144107 0.440329 1.00617 1.77609 2.52217 3.19389 5.38752 85.5297 
495487 1479887 0 3.09853e-233 0.151974 0.464175 1.05999 1.86886 2.64796 3.33828 5.5681 84.9007 
497487 1479887 0 3.99523e-230 0.159706 0.487596 1.11283 1.95979 2.77097 3.47877 5.74147 84.2889 
499487 1479887 0 3.45535e-227 0.167246 0.510429 1.1643 2.04828 2.89038 3.61452 5.90687 83.698 
501487 1479887 0 2.00442e-224 0.174539 0.532507 1.21404 2.13369 3.0054 3.74469 6.0636 83.1315 
503487 1479887 0 7.79848e-222 0.181534 0.553671 1.26169 2.21543 3.11525 3.8685 6.21102 82.5929 
505487 1479887 0 2.03487e-219 0.188177 0.573765 1.30691 2.29291 3.21918 3.98521 6.34853 82.0853 
507487 1479887 0 3.56082e-217 0.194419 0.592639 1.34937 2.36559 3.31651 4.0941 6.47562 81.6118 
509487 1479887 0 4.17861e-215 0.200212 0.610153 1.38875 2.43295 3.40656 4.19454 6.5918 81.175 
511487 1479887 0 3.28825e-213 0.205514 0.626176 1.42476 2.49451 3.48874 4.28592 6.69667 80.7777 
513487 1479887 0 1.73514e-211 0.210284 0.640588 1.45714 2.54981 3.56248 4.36771 6.78988 80.4221 
515487 1479887 0 6.13943e-210 0.214486 0.65328 1.48565 2.59848 3.6273 4.43944 6.8711 80.1103 
517487 1479887 0 1.45657e-208 0.218087 0.664159 1.51008 2.64016 3.68275 4.50068 6.94008 79.844 
519487 1479887 0 2.31703e-207 0.221062 0.673141 1.53024 2.67455 3.72847 4.5511 6.9966 79.6248 
521487 1479887 0 2.47129e-206 0.223386 0.680159 1.546 2.70141 3.76416 4.5904 7.04051 79.454 
523487 1479887 0 1.76725e-205 0.225043 0.685162 1.55722 2.72054 3.78957 4.61836 7.07166 79.3324 
525487 1479887 0 8.47328e-205 0.22602 0.688111 1.56384 2.73182 3.80454 4.63482 7.08997 79.2609 
527487 1479887 0 2.72383e-204 0.226309 0.688984 1.5658 2.73516 3.80898 4.6397 7.09539 79.2397 
529487 1479887 0 5.87061e-204 0.225909 0.687776 1.56309 2.73054 3.80284 4.63295 7.08789 79.269 
531487 1479887 0 8.48324e-204 0.224822 0.684494 1.55573 2.71799 3.78618 4.61463 7.06751 79.3486 
533487 1479887 0 8.21901e-204 0.223057 0.679164 1.54376 2.6976 3.7591 4.58483 7.0343 79.4782 
535487 1479887 0 5.33901e-204 0.220626 0.671825 1.52729 2.66951 3.72178 4.54373 6.98835 79.6569 
537487 1479887 0 2.32538e-204 0.217549 0.662533 1.50643 2.63393 3.67447 4.49155 6.9298 79.8837 
539487 1479887 0 6.79091e-205 0.213849 0.651357 1.48133 2.59111 3.61748 4.42859 6.85884 80.1575 
541487 1479887 0 1.32976e-205 0.209553 0.63838 1.45218 2.54135 3.5512 4.35521 6.77567 80.4765 
543487 1479887 0 1.746e-206 0.204695 0.623701 1.4192 2.48501 3.47606 4.27184 6.68057 80.8389 
545487 1479887 0 1.53728e-207 0.199311 0.60743 1.38263 2.42249 3.39258 4.17896 6.57385 81.2428 
547487 1479887 0 9.07646e-209 0.193443 0.589688 1.34273 2.35424 3.30131 4.07712 6.45588 81.6856 
549487 1479887 0 3.59378e-210 0.187133 0.570608 1.29981 2.28074 3.20288 3.96693 6.32708 82.1648 
551487 1479887 0 9.5428e-212 0.18043 0.550331 1.25418 2.20254 3.09794 3.84903 6.18793 82.6776 
553487 1479887 0 1.69945e-213 0.173384 0.52901 1.20616 2.12017 2.98721 3.72414 6.03898 83.221 
555487 1479887 0 2.02988e-215 0.166047 0.506799 1.15612 2.03422 2.87143 3.59302 5.8808 83.7916 
557487 1479887 0 1.62622e-217 0.158472 0.48386 1.1044 1.9453 2.75138 3.45645 5.71407 84.3861 
559487 1479887 0 8.73895e-220 0.150715 0.460359 1.05138 1.85403 2.62787 3.31527 5.53949 85.0009 
561487 1479887 0 3.15012e-222 0.142831 0.436461 0.997434 1.76103 2.5017 3.17033 5.35782 85.6324 
563487 1479887 0 7.61736e-225 0.134874 0.41233 0.942919 1.66692 2.37371 3.02251 5.16988 86.2769 
565487 1479887 0 1.2357e-227 0.126897 0.388129 0.888205 1.57233 2.24469 2.87268 4.97655 86.9305 
567487 1479887 0 1.34483e-230 0.118954 0.364015 0.833643 1.47786 2.11547 2.72172 4.77871 87.5896 
569487 1479887 0 9.81953e-234 0.111093 0.34014 0.779575 1.38409 1.98682 2.57051 4.5773 88.2505 
571487 1479887 0 4.81059e-237 0.103362 0.316644 0.72632 1.29158 1.85949 2.4199 4.37328 88.9094 
573487 1479887 0 1.58127e-240 0.0958044 0.29366 0.674178 1.20084 1.73419 2.27071 4.16763 89.563 
575487 1479887 0 3.48765e-244 0.0884591 0.271308 0.623423 1.11235 1.61158 2.12371 3.9613 90.2079 
577487 1479887 0 5.16164e-248 0.0813616 0.249696 0.5743 1.02655 1.49226 1.97963 3.75526 90.8409 
579487 1479887 0 5.12607e-252 0.0745425 0.228918 0.527023 0.943807 1.37678 1.83915 3.55046 91.4593 
581487 1479887 0 3.41613e-256 0.0680277 0.209053 0.481777 0.864458 1.26561 1.70289 3.34781 92.0604 
583487 1479887 0 1.52773e-260 0.0618381 0.190166 0.43871 0.788774 1.15916 1.57137 3.14817 92.6418 
585487 1479887 0 4.58487e-265 0.0559896 0.172306 0.39794 0.71697 1.05776 1.44507 2.95237 93.2016 
587487 1479887 0 9.23384e-270 0.0504932 0.155508 0.359551 0.649207 0.961659 1.32437 2.76117 93.738 
589487 1479887 0 1.24801e-274 0.0453555 0.139794 0.323595 0.585594 0.871057 1.20959 2.57525 94.2498 
591487 1479887 0 1.13197e-279 0.0405783 0.125171 0.290093 0.526182 0.786064 1.10096 2.39523 94.7357 
593487 1479887 0 6.89025e-285 0.0361597 0.111634 0.259041 0.470979 0.706732 0.998635 2.22165 95.1952 
595487 1479887 0 2.81462e-290 0.0320938 0.0991664 0.230405 0.419946 0.633047 0.902703 2.05497 95.6277 
597487 1479887 0 7.71589e-296 0.0283717 0.0877429 0.204132 0.373002 0.564942 0.813181 1.89555 96.0331 
599487 1479887 0 1.41949e-301 0.0249816 0.0773286 0.180147 0.330034 0.502295 0.73002 1.74368 96.4115 
601487 1479887 0 1.7525e-307 0.0219092 0.0678815 0.158359 0.290896 0.444944 0.653119 1.59959 96.7633 
603487 1479887 0 1.45197e-313 0.0191385 0.0593541 0.138664 0.255418 0.392688 0.58232 1.46338 97.089 
605487 1479887 0 8.04833e-320 0 0 0 0 0.564764 0.48496 1.21547 97.7348 
607487 1479887 0 0 -nan -nan -nan -nan -nan -nan -nan -nan 
609487 1479887 0 0 -nan -nan -nan -nan -nan -nan -nan -nan 
611487 1479887 0 0 -nan -nan -nan -nan -nan -nan -nan -nan 
613487 1479887 0 0 -nan -nan -nan -nan -nan -nan -nan -nan 
615487 1479887 0 0 -nan -nan -nan -nan -nan -nan -nan -nan 
617487 1479887 0 0 -nan -nan -nan -nan -nan -nan -nan -nan 
619487 1479887 0 0 -nan -nan -nan -nan -nan -nan -nan -nan 
621487 1479887 0 0 -nan -nan -nan -nan -nan -nan -nan -nan 
623487 1479887 0 0 -nan -nan -nan -nan -nan -nan -nan -nan 
625487 1479887 0 0 -nan -nan -nan -nan -nan -nan -nan -nan 
627487 1479887 0 0 -nan -nan -nan -nan -nan -nan -nan -nan 
629487 1479887 0 0 -nan -nan -nan -nan -nan -nan -nan -nan 
433487 1477887 0 0 -nan -nan -nan -nan -nan -nan -nan -nan 
435487 1477887 0 0 -nan -nan -nan -nan -nan -nan -nan -nan 
437487 1477887 0 0 -nan -nan -nan -nan -nan -nan -nan -nan 
439487 1477887 0 0 -nan -nan -nan -nan -nan -nan -nan -nan 
441487 1477887 0 0 -nan -nan -nan -nan -nan -nan -nan -nan 
443487 1477887 0 0 -nan -nan -nan -nan -nan -nan -nan -nan 
445487 1477887 0 0 -nan -nan -nan -nan -nan -nan -nan -nan 
447487 1477887 0 0 -nan -nan -nan -nan -nan -nan -nan -nan 
449487 1477887 0 0 -nan -nan -nan -nan -nan -nan -nan -nan 
451487 1477887 0 0 -nan -nan -nan -nan -nan -nan -nan -nan 
453487 1477887 0 0 -nan -nan -nan -nan -nan -nan -nan -nan 
455487 1477887 0 0 -nan -nan -nan -nan -nan -nan -nan -nan 
457487 1477887 0 6.31811e-317 0.0346888 0.106999 0.248498 0.452017 0.679551 0.963403 2.16085 95.354 
459487 1477887 0 1.59813e-310 0.0391548 0.120811 0.280096 0.508425 0.760585 1.0682 2.3401 94.8826 
461487 1477887 0 2.71292e-304 0.0440552 0.135815 0.314483 0.569448 0.847997 1.18021 2.52697 94.381 
463487 1477887 0 3.09076e-298 0.0493691 0.152071 0.35169 0.635312 0.941902 1.29943 2.72112 93.8491 
465487 1477887 0 2.36318e-292 0.0551011 0.169591 0.391739 0.706034 1.04228 1.42569 2.92196 93.2876 
467487 1477887 0 1.21263e-286 0.0612511 0.188374 0.434622 0.78158 1.14902 1.55879 3.12885 92.6975 
469487 1477887 0 4.17598e-281 0.0678143 0.208402 0.480293 0.861853 1.26195 1.69839 3.34104 92.0803 
471487 1477887 0 9.65115e-276 0.0747803 0.229643 0.528673 0.946697 1.38082 1.84409 3.55772 91.4376 
473487 1477887 0 1.49687e-270 0.0821332 0.252046 0.579644 1.03589 1.50527 1.9954 3.778 90.7716 
475487 1477887 0 1.55799e-265 0.0898515 0.275546 0.633051 1.12915 1.63488 2.15173 4.00093 90.0849 
477487 1477887 0 1.0882e-260 0.097908 0.300058 0.688699 1.22613 1.76915 2.31243 4.22552 89.3801 
479487 1477887 0 5.10036e-256 0.10627 0.325482 0.746357 1.32641 1.90747 2.47677 4.45073 88.6605 
481487 1477887 0 1.6041e-251 0.114899 0.3517 0.805759 1.42952 2.0492 2.64395 4.67553 87.9294 
483487 1477887 0 3.38519e-247 0.123751 0.378581 0.866605 1.53495 2.19361 2.81311 4.89885 87.1906 
485487 1477887 0 4.79332e-243 0.13278 0.405979 0.928565 1.64212 2.33991 2.98334 5.11963 86.4477 
487487 1477887 0 4.55379e-239 0.141932 0.433737 0.991282 1.75041 2.48729 3.15372 5.33684 85.7048 
489487 1477887 0 2.9025e-235 0.151153 0.461687 1.05438 1.85919 2.63486 3.32328 5.54945 84.966 
491487 1477887 0 1.24112e-231 0.160384 0.489652 1.11746 1.96777 2.78174 3.49104 5.7565 84.2354 
493487 1477887 0 3.5602e-228 0.169565 0.517451 1.18012 2.07546 2.92701 3.65604 5.95706 83.5173 
495487 1477887 0 6.85065e-225 0.178634 0.544899 1.24194 2.18156 3.06976 3.8173 6.15024 82.8157 
497487 1477887 0 8.84225e-222 0.187529 0.571807 1.30251 2.28537 3.20907 3.97387 6.33524 82.1346 
499487 1477887 0 7.65498e-219 0.196189 0.59799 1.3614 2.38618 3.34405 4.12485 6.51129 81.4781 
501487 1477887 0 4.4448e-216 0.20455 0.623263 1.41822 2.48332 3.47382 4.26934 6.67771 80.8498 
503487 1477887 0 1.73088e-213 0.212555 0.647449 1.47255 2.57613 3.59753 4.40652 6.83388 80.2534 
505487 1477887 0 4.52025e-211 0.220146 0.670374 1.52403 2.66396 3.7144 4.53559 6.97924 79.6923 
507487 1477887 0 7.91628e-209 0.227267 0.691876 1.57229 2.74622 3.82365 4.65582 7.11329 79.1696 
509487 1477887 0 9.29654e-207 0.233868 0.711801 1.61699 2.82235 3.9246 4.76654 7.23561 78.6882 
511487 1477887 0 7.32057e-205 0.239901 0.730007 1.65782 2.89182 4.01659 4.86714 7.34583 78.2509 
513487 1477887 0 3.86522e-203 0.245323 0.746363 1.69448 2.95418 4.09905 4.95706 7.44362 77.8599 
515487 1477887 0 1.36834e-201 0.250094 0.760753 1.72673 3.00899 4.17144 5.03583 7.52872 77.5174 
517487 1477887 0 3.24781e-200 0.25418 0.773075 1.75434 3.05588 4.23332 5.10302 7.6009 77.2253 
519487 1477887 0 5.16835e-199 0.257552 0.783242 1.77711 3.09455 4.2843 5.15829 7.65999 76.985 
521487 1477887 0 5.51402e-198 0.260185 0.791182 1.79489 3.12473 4.32407 5.20134 7.70585 76.7978 
523487 1477887 0 3.94395e-197 0.262062 0.796838 1.80756 3.14622 4.35237 5.23195 7.73837 76.6646 
525487 1477887 0 1.8912e-196 0.263167 0.800172 1.81502 3.15888 4.36904 5.24997 7.75747 76.5863 
527487 1477887 0 6.07969e-196 0.263495 0.801159 1.81723 3.16263 4.37398 5.2553 7.76312 76.5631 
529487 1477887 0 1.31028e-195 0.263042 0.799793 1.81417 3.15745 4.36715 5.24792 7.7553 76.5952 
531487 1477887 0 1.89314e-195 0.261811 0.796083 1.80587 3.14335 4.3486 5.22787 7.73404 76.6824 
533487 1477887 0 1.83378e-195 0.259812 0.790056 1.79237 3.12045 4.31843 5.19524 7.69937 76.8243 
535487 1477887 0 1.19085e-195 0.257058 0.781754 1.77378 3.08889 4.27684 5.15021 7.65137 77.0201 
537487 1477887 0 5.18472e-196 0.253569 0.771234 1.75021 3.04888 4.22408 5.093 7.59016 77.2689 
539487 1477887 0 1.51342e-196 0.249371 0.758573 1.72185 3.00068 4.16048 5.02392 7.51588 77.5692 
541487 1477887 0 2.96192e-197 0.244493 0.743859 1.68887 2.94464 4.08644 4.94332 7.42872 77.9197 
543487 1477887 0 3.88668e-198 0.23897 0.727197 1.65152 2.88111 4.00241 4.85165 7.32891 78.3182 
545487 1477887 0 3.41975e-199 0.232843 0.708705 1.61005 2.81052 3.90893 4.74938 7.21672 78.7628 
547487 1477887 0 2.0176e-200 0.226154 0.688517 1.56475 2.73337 3.8066 4.63708 7.09249 79.251 
549487 1477887 0 7.98215e-202 0.218954 0.666775 1.51595 2.65018 3.69607 4.51538 6.95658 79.7801 
551487 1477887 0 2.11773e-203 0.211293 0.643635 1.46399 2.5615 3.57805 4.38496 6.80945 80.3471 
553487 1477887 0 3.76798e-205 0.203226 0.619262 1.40922 2.46796 3.45331 4.24655 6.65159 80.9489 
555487 1477887 0 4.49629e-207 0.194813 0.59383 1.35205 2.37018 3.32264 4.10095 6.48357 81.582 
557487 1477887 0 3.59858e-209 0.186111 0.567518 1.29286 2.26884 3.18691 3.94902 6.30603 82.2427 
559487 1477887 0 1.9318e-211 0.177184 0.54051 1.23206 2.16461 3.04698 3.79162 6.11967 82.9274 
561487 1477887 0 6.95617e-214 0.168093 0.512994 1.17008 2.05821 2.90377 3.6297 5.92524 83.6319 
563487 1477887 0 1.68027e-216 0.1589 0.485155 1.10732 1.95033 2.75817 3.46419 5.72358 84.3524 
565487 1477887 0 2.72277e-219 0.149666 0.45718 1.04421 1.84167 2.61112 3.29607 5.51557 85.0845 
567487 1477887 0 2.95997e-222 0.140452 0.42925 0.981148 1.73293 2.46352 3.12631 5.30214 85.8242 
569487 1477887 0 2.15889e-225 0.131316 0.401539 0.918527 1.62477 2.31626 2.9559 5.08429 86.5674 
571487 1477887 0 1.05648e-228 0.122313 0.374213 0.856723 1.51784 2.17021 2.78577 4.86303 87.3099 
573487 1477887 0 3.46892e-232 0.113493 0.34743 0.796089 1.41275 2.02618 2.61687 4.63941 88.0478 
575487 1477887 0 7.64279e-236 0.104904 0.321331 0.736948 1.31005 1.88495 2.4501 4.41447 88.7772 
577487 1477887 0 1.12992e-239 0.0965891 0.296047 0.679596 1.21028 1.74724 2.28629 4.18928 89.4947 
579487 1477887 0 1.12098e-243 0.088585 0.271691 0.624294 1.11387 1.61369 2.12624 3.96489 90.1967 
581487 1477887 0 7.46301e-248 0.0809239 0.248363 0.571268 1.02125 1.48487 1.97068 3.74233 90.8803 
583487 1477887 0 3.33431e-252 0.073632 0.226142 0.520704 0.932735 1.36129 1.82023 3.52257 91.5427 
585487 1477887 0 9.99732e-257 0.0667299 0.205094 0.472753 0.848614 1.24336 1.67549 3.30655 92.1814 
587487 1477887 0 2.01165e-261 0.0602327 0.185265 0.427527 0.769093 1.13141 1.53691 3.09516 92.7944 
589487 1477887 0 2.71657e-266 0.0541498 0.166685 0.385098 0.694319 1.02568 1.40489 2.88919 93.38 
591487 1477887 0 2.46201e-271 0.0484852 0.149368 0.345507 0.624378 0.926343 1.27975 2.68939 93.9368 
593487 1477887 0 1.49748e-276 0.0432383 0.133315 0.308756 0.559296 0.833483 1.16169 2.49638 94.4638 
595487 1477887 0 6.11275e-282 0.0384039 0.118511 0.27482 0.499048 0.747115 1.05084 2.31072 94.9605 
597487 1477887 0 1.67461e-287 0.0339725 0.104928 0.243645 0.443557 0.667181 0.947256 2.13288 95.4266 
599487 1477887 0 3.07888e-293 0.0299317 0.0925317 0.21515 0.392704 0.593565 0.850912 1.96322 95.862 
601487 1477887 0 3.79899e-299 0.0262656 0.081274 0.189238 0.346333 0.526096 0.761712 1.80202 96.2671 
603487 1477887 0 3.14583e-305 0.0229562 0.0711019 0.16579 0.304256 0.464555 0.679503 1.64945 96.6424 
605487 1477887 0 1.7482e-311 0.0199837 0.0619561 0.144677 0.26626 0.408686 0.604075 1.50563 96.9887 
607487 1477887 0 6.51952e-318 0.0171268 0.0538814 0.12398 0.232728 0.355041 0.53654 1.37106 97.3096 
609487 1477887 0 0 -nan -nan -nan -nan -nan -nan -nan -nan 
611487 1477887 0 0 -nan -nan -nan -nan -nan -nan -nan -nan 
613487 1477887 0 0 -nan -nan -nan -nan -nan -nan -nan -nan 
615487 1477887 0 0 -nan -nan -nan -nan -nan -nan -nan -nan 
617487 1477887 0 0 -nan -nan -nan -nan -nan -nan -nan -nan 
619487 1477887 0 0 -nan -nan -nan -nan -nan -nan -nan -nan 
621487 1477887 0 0 -nan -nan -nan -nan -nan -nan -nan -nan 
623487 1477887 0 0 -nan -nan -nan -nan -nan -nan -nan -nan 
625487 1477887 0 0 -nan -nan -nan -nan -nan -nan -nan -nan 
627487 1477887 0 0 -nan -nan -nan -nan -nan -nan -nan -nan 
629487 1477887 0 0 -nan -nan -nan -nan -nan -nan -nan -nan 
433487 1475887 0 0 -nan -nan -nan -nan -nan -nan -nan -nan 
435487 1475887 0 0 -nan -nan -nan -nan -nan -nan -nan -nan 
437487 1475887 0 0 -nan -nan -nan -nan -nan -nan -nan -nan 
439487 1475887 0 0 -nan -nan -nan -nan -nan -nan -nan -nan 
441487 1475887 0 0 -nan -nan -nan -nan -nan -nan -nan -nan 
443487 1475887 0 0 -nan -nan -nan -nan -nan -nan -nan -nan 
445487 1475887 0 0 -nan -nan -nan -nan -nan -nan -nan -nan 
447487 1475887 0 0 -nan -nan -nan -nan -nan -nan -nan -nan 
449487 1475887 0 0 -nan -nan -nan -nan -nan -nan -nan -nan 
451487 1475887 0 0 -nan -nan -nan -nan -nan -nan -nan -nan 
453487 1475887 0 4.496e-322 0 0 0 0 0 0 0 100 
455487 1475887 0 2.44149e-315 0.0364454 0.112507 0.261043 0.474551 0.711874 1.00529 2.23309 95.1652 
457487 1475887 0 9.20841e-309 0.041309 0.127409 0.295222 0.535287 0.799114 1.1177 2.42325 94.6607 
459487 1475887 0 2.33097e-302 0.0466316 0.143698 0.332532 0.60142 0.893634 1.23829 2.62213 94.1217 
461487 1475887 0 3.96017e-296 0.0524252 0.161414 0.373053 0.673058 0.99553 1.36703 2.82923 93.5483 
463487 1475887 0 4.5156e-290 0.0586981 0.180579 0.416831 0.75026 1.10482 1.50382 3.04397 92.941 
465487 1475887 0 3.45575e-284 0.0654537 0.2012 0.463876 0.83302 1.22144 1.64845 3.26567 92.3009 
467487 1475887 0 1.77497e-278 0.0726896 0.223269 0.514162 0.92127 1.34525 1.80061 3.49355 91.6292 
469487 1475887 0 6.11866e-273 0.0803976 0.24676 0.567622 1.01487 1.47599 1.9599 3.72674 90.9277 
471487 1475887 0 1.41557e-267 0.0885634 0.271626 0.624145 1.11361 1.61332 2.12581 3.96428 90.1986 
473487 1475887 0 2.1979e-262 0.097166 0.297801 0.683578 1.21721 1.75682 2.29773 4.20516 89.4445 
475487 1475887 0 2.29021e-257 0.106178 0.325202 0.745725 1.32531 1.90596 2.47498 4.4483 88.6684 
477487 1475887 0 1.60147e-252 0.115565 0.353724 0.810344 1.43747 2.06011 2.65676 4.69259 87.8734 
479487 1475887 0 7.51491e-248 0.125287 0.383243 0.877153 1.55321 2.21857 2.84223 4.93689 87.0634 
481487 1475887 0 2.36632e-243 0.135298 0.413619 0.945833 1.67195 2.38056 3.03044 5.18004 86.2423 
483487 1475887 0 4.99978e-239 0.145547 0.444694 1.01603 1.79309 2.54524 3.22042 5.42089 85.4141 
485487 1475887 0 7.08815e-235 0.155975 0.476297 1.08734 1.91594 2.71169 3.41115 5.65831 84.5833 
487487 1475887 0 6.74216e-231 0.166524 0.508243 1.15937 2.03981 2.87897 3.60157 5.89118 83.7543 
489487 1475887 0 4.30254e-227 0.177127 0.540338 1.23167 2.16395 3.04609 3.79061 6.11846 82.9318 
491487 1475887 0 1.84199e-223 0.187719 0.572381 1.3038 2.28758 3.21204 3.9772 6.33914 82.1202 
493487 1475887 0 5.29005e-220 0.198231 0.604164 1.37529 2.40993 3.3758 4.16026 6.55226 81.3241 
495487 1475887 0 1.0191e-216 0.208593 0.635478 1.44566 2.53021 3.53636 4.33876 6.75695 80.548 
497487 1475887 0 1.31684e-213 0.218735 0.666114 1.51447 2.64764 3.69271 4.51167 6.95241 79.7962 
499487 1475887 0 1.14126e-210 0.228588 0.695863 1.58124 2.76146 3.84388 4.67803 7.13791 79.073 
501487 1475887 0 6.63348e-208 0.238085 0.724525 1.64553 2.87091 3.98892 4.8369 7.31279 78.3823 
503487 1475887 0 2.58572e-205 0.24716 0.751903 1.7069 2.97528 4.12693 4.98742 7.47648 77.7279 
505487 1475887 0 6.75893e-203 0.25575 0.777809 1.76494 3.07389 4.25707 5.12878 7.62847 77.1133 
507487 1475887 0 1.1847e-200 0.263796 0.802068 1.81927 3.16608 4.37852 5.26021 7.76832 76.5417 
509487 1475887 0 1.39237e-198 0.271244 0.824513 1.86951 3.25128 4.49056 5.38104 7.89565 76.0162 
511487 1475887 0 1.09721e-196 0.278041 0.844994 1.91533 3.32892 4.59252 5.49066 8.01016 75.5394 
513487 1475887 0 5.79693e-195 0.284142 0.863371 1.95643 3.39851 4.68378 5.58851 8.11158 75.1137 
515487 1475887 0 2.05335e-193 0.289505 0.879522 1.99254 3.45962 4.76382 5.67412 8.1997 74.7412 
517487 1475887 0 4.87605e-192 0.294093 0.893339 2.02343 3.51185 4.83217 5.74707 8.27434 74.4237 
519487 1475887 0 7.76248e-191 0.297877 0.90473 2.04889 3.55488 4.88843 5.80701 8.33538 74.1628 
521487 1475887 0 8.2842e-190 0.30083 0.91362 2.06875 3.58844 4.93228 5.85368 8.3827 73.9597 
523487 1475887 0 5.92665e-189 0.302933 0.91995 2.08289 3.61234 4.96348 5.88684 8.41623 73.8153 
525487 1475887 0 2.84231e-188 0.304172 0.92368 2.09122 3.62641 4.98185 5.90635 8.43592 73.7304 
527487 1475887 0 9.13758e-188 0.304539 0.924784 2.09369 3.63057 4.98729 5.91213 8.44174 73.7053 
529487 1475887 0 1.9692e-187 0.304032 0.923256 2.09028 3.62481 4.97977 5.90414 8.43368 73.74 
531487 1475887 0 2.84478e-187 0.302653 0.919106 2.081 3.60915 4.95932 5.88242 8.41176 73.8346 
533487 1475887 0 2.75493e-187 0.300411 0.91236 2.06593 3.58369 4.92607 5.84707 8.37601 73.9885 
535487 1475887 0 1.78847e-187 0.297323 0.903062 2.04516 3.54858 4.8802 5.79825 8.32647 74.201 
537487 1475887 0 7.78345e-188 0.293408 0.891275 2.01882 3.50405 4.82197 5.73619 8.26324 74.4711 
539487 1475887 0 2.27087e-188 0.288692 0.877076 1.98708 3.45037 4.75171 5.66118 8.18642 74.7975 
541487 1475887 0 4.44176e-189 0.283208 0.860559 1.95014 3.38787 4.66983 5.57357 8.09614 75.1787 
543487 1475887 0 5.82473e-190 0.276992 0.841834 1.90826 3.31695 4.57681 5.47379 7.9926 75.6128 
545487 1475887 0 5.12122e-191 0.270087 0.821028 1.86171 3.23806 4.47319 5.36233 7.87601 76.0976 
547487 1475887 0 3.01901e-192 0.26254 0.79828 1.81078 3.1517 4.35958 5.23974 7.74663 76.6307 
549487 1475887 0 1.19336e-193 0.254402 0.773744 1.75584 3.05843 4.23668 5.10666 7.6048 77.2094 
551487 1475887 0 3.16315e-195 0.245729 0.747589 1.69723 2.95885 4.10522 4.96378 7.4509 77.8307 
553487 1475887 0 5.62246e-197 0.236582 0.719991 1.63536 2.85361 3.96601 4.81186 7.28538 78.4912 
555487 1475887 0 6.70225e-199 0.227024 0.691141 1.57064 2.74341 3.81992 4.65172 7.10874 79.1874 
557487 1475887 0 5.35828e-201 0.217119 0.661235 1.50351 2.62896 3.66786 4.48424 6.92159 79.9155 
559487 1475887 0 2.87322e-203 0.206937 0.630476 1.43442 2.51102 3.51076 4.31036 6.72459 80.6714 
561487 1475887 0 1.03341e-205 0.196547 0.599072 1.36384 2.39035 3.34962 4.13106 6.51849 81.451 
563487 1475887 0 2.49327e-208 0.186017 0.567233 1.29222 2.26774 3.18544 3.94736 6.30409 82.2499 
565487 1475887 0 4.03532e-211 0.175419 0.535168 1.22003 2.14397 3.01923 3.76031 6.08228 83.0636 
567487 1475887 0 4.38155e-214 0.16482 0.503083 1.14774 2.01983 2.85202 3.57098 5.85404 83.8875 
569487 1475887 0 3.19184e-217 0.154286 0.47118 1.0758 1.89607 2.68481 3.38043 5.62035 84.7171 
571487 1475887 0 1.56006e-220 0.143883 0.43965 1.00464 1.77345 2.51858 3.18976 5.38231 85.5477 
573487 1475887 0 5.11626e-224 0.133669 0.408676 0.934662 1.65265 2.35427 2.99999 5.14101 86.3751 
575487 1475887 0 1.12588e-227 0.123701 0.378428 0.86626 1.53435 2.19279 2.81215 4.8976 87.1947 
577487 1475887 0 1.66257e-231 0.11403 0.349061 0.799783 1.41915 2.03497 2.62722 4.65323 88.0026 
579487 1475887 0 1.64752e-235 0.1047 0.320712 0.735544 1.30761 1.88159 2.44611 4.40904 88.7947 
581487 1475887 0 1.09562e-239 0.0957524 0.293501 0.673819 1.20021 1.73332 2.26967 4.16619 89.5675 
583487 1475887 0 4.88972e-244 0.0872184 0.267531 0.614842 1.09738 1.59078 2.09867 3.92577 90.3178 
585487 1475887 0 1.46457e-248 0.0791251 0.242883 0.558803 0.999445 1.45448 1.93379 3.68887 91.0426 
587487 1475887 0 2.94406e-253 0.0714922 0.219619 0.505848 0.906693 1.32484 1.77562 3.45648 91.7394 
589487 1475887 0 3.97193e-258 0.0643333 0.197781 0.456081 0.81932 1.20218 1.62464 3.22954 92.4061 
591487 1475887 0 3.59648e-263 0.0576555 0.177394 0.409561 0.737452 1.08672 1.48126 3.00891 93.041 
593487 1475887 0 2.18565e-268 0.0514601 0.158464 0.366309 0.661148 0.978623 1.34575 2.79535 93.6429 
595487 1475887 0 8.9147e-274 0.045743 0.14098 0.326309 0.590401 0.877918 1.21832 2.58954 94.2108 
597487 1475887 0 2.44039e-279 0.0404952 0.124916 0.28951 0.525146 0.784579 1.09905 2.39203 94.7443 
599487 1475887 0 4.48366e-285 0.0357035 0.110235 0.255831 0.465265 0.698498 0.987959 2.2033 95.2432 
601487 1475887 0 5.52874e-291 0.0313508 0.0968867 0.225165 0.410592 0.619503 0.884969 2.0237 95.7078 
603487 1475887 0 4.57544e-297 0.0274172 0.0848114 0.197384 0.360925 0.547364 0.789931 1.85347 96.1387 
605487 1475887 0 2.54126e-303 0.0238802 0.0739431 0.172343 0.316027 0.481804 0.702633 1.69279 96.5366 
607487 1475887 0 9.47252e-310 0.0207158 0.0642096 0.149882 0.275637 0.422503 0.622805 1.54171 96.9025 
609487 1475887 0 2.36961e-316 0.0178977 0.0555301 0.12983 0.239401 0.369082 0.550162 1.40018 97.2379 
611487 1475887 0 0 -nan -nan -nan -nan -nan -nan -nan -nan 
613487 1475887 0 0 -nan -nan -nan -nan -nan -nan -nan -nan 
615487 1475887 0 0 -nan -nan -nan -nan -nan -nan -nan -nan 
617487 1475887 0 0 -nan -nan -nan -nan -nan -nan -nan -nan 
619487 1475887 0 0 -nan -nan -nan -nan -nan -nan -nan -nan 
621487 1475887 0 0 -nan -nan -nan -nan -nan -nan -nan -nan 
623487 1475887 0 0 -nan -nan -nan -nan -nan -nan -nan -nan 
625487 1475887 0 0 -nan -nan -nan -nan -nan -nan -nan -nan 
627487 1475887 0 0 -nan -nan -nan -nan -nan -nan -nan -nan 
629487 1475887 0 0 -nan -nan -nan -nan -nan -nan -nan -nan 
433487 1473887 0 0 -nan -nan -nan -nan -nan -nan -nan -nan 
435487 1473887 0 0 -nan -nan -nan -nan -nan -nan -nan -nan 
437487 1473887 0 0 -nan -nan -nan -nan -nan -nan -nan -nan 
439487 1473887 0 0 -nan -nan -nan -nan -nan -nan -nan -nan 
441487 1473887 0 0 -nan -nan -nan -nan -nan -nan -nan -nan 
443487 1473887 0 0 -nan -nan -nan -nan -nan -nan -nan -nan 
445487 1473887 0 0 -nan -nan -nan -nan -nan -nan -nan -nan 
447487 1473887 0 0 -nan -nan -nan -nan -nan -nan -nan -nan 
449487 1473887 0 0 -nan -nan -nan -nan -nan -nan -nan -nan 
451487 1473887 0 4.82702e-321 0 0 0 0 0 0 0 100 
453487 1473887 0 4.24553e-314 0.0380491 0.117423 0.272327 0.494615 0.740743 1.04262 2.29677 94.9975 
455487 1473887 0 2.38761e-307 0.0432713 0.133416 0.308987 0.559706 0.83407 1.16244 2.49762 94.4605 
457487 1473887 0 9.01234e-301 0.0490074 0.150965 0.34916 0.630839 0.935539 1.29138 2.70816 93.8849 
459487 1473887 0 2.28328e-294 0.0552748 0.170122 0.392952 0.708173 1.0453 1.42949 2.92792 93.2708 
461487 1473887 0 3.88268e-288 0.0620858 0.190922 0.440435 0.791808 1.16344 1.57667 3.1563 92.6183 
463487 1473887 0 4.43152e-282 0.0694477 0.213384 0.491645 0.881779 1.28991 1.73277 3.3926 91.9285 
465487 1473887 0 3.39486e-276 0.0773616 0.23751 0.546578 0.978051 1.42462 1.89748 3.63599 91.2024 
467487 1473887 0 1.74556e-270 0.085822 0.26328 0.605181 1.08051 1.56734 2.07042 3.88555 90.4419 
469487 1473887 0 6.02401e-265 0.0948165 0.290654 0.667357 1.18896 1.71775 2.25105 4.14026 89.6492 
471487 1473887 0 1.3953e-259 0.104325 0.319571 0.732958 1.30312 1.87539 2.43877 4.39903 88.8268 
473487 1473887 0 2.16904e-254 0.114321 0.349945 0.801785 1.42263 2.03974 2.63283 4.66071 87.978 
475487 1473887 0 2.26294e-249 0.124769 0.381669 0.873593 1.54704 2.21014 2.8324 4.92407 87.1063 
477487 1473887 0 1.58442e-244 0.135627 0.414615 0.948083 1.67584 2.38585 3.03657 5.18788 86.2155 
479487 1473887 0 7.44456e-240 0.146846 0.448633 1.02492 1.80842 2.56604 3.24433 5.45088 85.3099 
481487 1473887 0 2.34726e-235 0.158371 0.483554 1.10371 1.94411 2.74978 3.45462 5.71182 84.394 
483487 1473887 0 4.9661e-231 0.17014 0.519192 1.18404 2.0822 2.93609 3.66631 5.96945 83.4726 
485487 1473887 0 7.04981e-227 0.182088 0.555347 1.26547 2.22189 3.12393 3.87827 6.22258 82.5504 
487487 1473887 0 6.71463e-223 0.194143 0.591807 1.3475 2.36239 3.31223 4.08932 6.47006 81.6326 
489487 1473887 0 4.29064e-219 0.206233 0.628348 1.42964 2.50284 3.49986 4.29827 6.71079 80.724 
491487 1473887 0 1.83929e-215 0.21828 0.664741 1.51139 2.64239 3.68572 4.50396 6.94376 79.8298 
493487 1473887 0 5.28908e-212 0.230209 0.700755 1.59221 2.78015 3.86867 4.70524 7.16802 78.9547 
495487 1473887 0 1.02019e-208 0.24194 0.736156 1.6716 2.91527 4.04761 4.901 7.38273 78.1037 
497487 1473887 0 1.31984e-205 0.253396 0.770712 1.74904 3.04689 4.22146 5.09016 7.58711 77.2812 
499487 1473887 0 1.14519e-202 0.264503 0.804197 1.82403 3.17417 4.38917 5.27171 7.78048 76.4917 
501487 1473887 0 6.66374e-200 0.275186 0.836391 1.89608 3.29632 4.54972 5.44469 7.96225 75.7394 
503487 1473887 0 2.60025e-197 0.285374 0.867082 1.96473 3.41256 4.70219 5.60821 8.13191 75.0279 
505487 1473887 0 6.80364e-195 0.295 0.89607 2.02953 3.52217 4.84566 5.76146 8.28902 74.3611 
507487 1473887 0 1.19364e-192 0.304002 0.923167 2.09008 3.62447 4.97933 5.90367 8.43321 73.7421 
509487 1473887 0 1.40406e-190 0.31232 0.948199 2.14598 3.71885 5.10243 6.03418 8.5642 73.1738 
511487 1473887 0 1.10727e-188 0.319901 0.971007 2.1969 3.80474 5.21427 6.15238 8.68174 72.6591 
513487 1473887 0 5.85409e-187 0.326697 0.991445 2.2425 3.88162 5.31425 6.25774 8.78564 72.2001 
515487 1473887 0 2.07484e-185 0.332663 1.00939 2.28253 3.94904 5.40182 6.34979 8.87576 71.799 
517487 1473887 0 4.9296e-184 0.337763 1.02472 2.31672 4.00661 5.47652 6.42814 8.95198 71.4575 
519487 1473887 0 7.85104e-183 0.341965 1.03735 2.34488 4.05401 5.53796 6.49246 9.01423 71.1771 
521487 1473887 0 8.38145e-182 0.345242 1.0472 2.36684 4.09095 5.58582 6.54249 9.06244 70.959 
523487 1473887 0 5.99762e-181 0.347575 1.05421 2.38247 4.11723 5.61984 6.57803 9.09658 70.8041 
525487 1473887 0 2.87673e-180 0.348949 1.05834 2.39167 4.1327 5.63987 6.59893 9.11661 70.7129 
527487 1473887 0 9.24864e-180 0.349356 1.05956 2.3944 4.13728 5.6458 6.60512 9.12254 70.6859 
529487 1473887 0 1.99302e-179 0.348793 1.05787 2.39063 4.13094 5.6376 6.59656 9.11434 70.7233 
531487 1473887 0 2.87876e-179 0.347264 1.05328 2.38038 4.11372 5.61531 6.57329 9.09203 70.8247 
533487 1473887 0 2.78714e-179 0.344778 1.04581 2.36373 4.08571 5.57904 6.53541 9.05563 70.9899 
535487 1473887 0 1.80876e-179 0.34135 1.0355 2.34076 4.04707 5.52898 6.48306 9.00515 71.2181 
537487 1473887 0 7.86835e-180 0.337002 1.02243 2.31162 3.99802 5.46538 6.41646 8.94065 71.5084 
539487 1473887 0 2.29443e-180 0.33176 1.00667 2.27647 3.93884 5.38858 6.33588 8.86218 71.8596 
541487 1473887 0 4.4851e-181 0.325657 0.988319 2.23553 3.86987 5.29897 6.24166 8.76984 72.2702 
543487 1473887 0 5.87746e-182 0.318732 0.96749 2.18905 3.79151 5.19705 6.1342 8.66373 72.7382 
545487 1473887 0 5.16354e-183 0.311029 0.944315 2.13731 3.70422 5.08335 6.01398 8.54401 73.2618 
547487 1473887 0 3.04135e-184 0.302597 0.918939 2.08063 3.60852 4.9585 5.88154 8.41088 73.8384 
549487 1473887 0 1.20107e-185 0.293491 0.891525 2.01937 3.50499 4.8232 5.73751 8.26458 74.4653 
551487 1473887 0 3.1804e-187 0.283769 0.862249 1.95392 3.39427 4.67822 5.58255 8.10543 75.1396 
553487 1473887 0 5.64713e-189 0.273497 0.831303 1.8847 3.27703 4.52439 5.41745 7.93379 75.8578 
555487 1473887 0 6.72411e-191 0.262741 0.798887 1.81214 3.154 4.36262 5.24303 7.75011 76.6165 
557487 1473887 0 5.36946e-193 0.251573 0.765214 1.73673 3.02597 4.19386 5.06018 7.55492 77.4116 
559487 1473887 0 2.87571e-195 0.240067 0.730506 1.65894 2.89373 4.01912 4.86989 7.34883 78.2389 
561487 1473887 0 1.03301e-197 0.228299 0.694991 1.57928 2.75813 3.83945 4.67317 7.13253 79.0941 
563487 1473887 0 2.4891e-200 0.216346 0.6589 1.49827 2.62002 3.65596 4.47111 6.90681 79.9726 
565487 1473887 0 4.02331e-203 0.204287 0.622467 1.41643 2.48027 3.46974 4.26481 6.67252 80.8695 
567487 1473887 0 4.36273e-206 0.192198 0.585924 1.33427 2.33975 3.28192 4.05544 6.43063 81.7799 
569487 1473887 0 3.1739e-209 0.180155 0.549499 1.2523 2.19932 3.09362 3.84417 6.18217 82.6988 
571487 1473887 0 1.54922e-212 0.168231 0.513413 1.17102 2.05983 2.90595 3.63218 5.92824 83.6211 
573487 1473887 0 5.07396e-216 0.156497 0.477877 1.09091 1.92208 2.71999 3.42063 5.66999 84.542 
575487 1473887 0 1.1151e-219 0.145017 0.443089 1.0124 1.78684 2.53676 3.21068 5.40864 85.4566 
577487 1473887 0 1.64452e-223 0.133853 0.409233 0.935921 1.65483 2.35724 3.00342 5.14542 86.3601 
579487 1473887 0 1.62757e-227 0.123058 0.376475 0.86184 1.5267 2.18233 2.79993 4.8816 87.2481 
581487 1473887 0 1.08102e-231 0.11268 0.34496 0.790494 1.40304 2.01285 2.60119 4.61843 88.1164 
583487 1473887 0 4.81877e-236 0.10276 0.314814 0.722171 1.28436 1.84954 2.40809 4.35714 88.9611 
585487 1473887 0 1.44165e-240 0.0933329 0.28614 0.65711 1.1711 1.69303 2.22147 4.09894 89.7789 
587487 1473887 0 2.89477e-245 0.0844232 0.259021 0.5955 1.0636 1.54383 2.04204 3.84499 90.5666 
589487 1473887 0 3.90128e-250 0.0760501 0.233513 0.537482 0.962127 1.40239 1.87039 3.59636 91.3217 
591487 1473887 0 3.52895e-255 0.0682249 0.209654 0.483147 0.866864 1.26899 1.70704 3.35405 92.042 
593487 1473887 0 2.14256e-260 0.060952 0.187461 0.432537 0.777913 1.14385 1.55237 3.11897 92.7259 
595487 1473887 0 8.7311e-266 0.0542291 0.166927 0.385652 0.695297 1.02706 1.40663 2.89193 93.3723 
597487 1473887 0 2.38811e-271 0.0480483 0.148032 0.342449 0.61897 0.918642 1.27 2.67362 93.9802 
599487 1473887 0 4.38416e-277 0.0423962 0.130737 0.30285 0.548822 0.818497 1.14253 2.46461 94.5496 
601487 1473887 0 5.40209e-283 0.0372548 0.11499 0.266743 0.484685 0.726462 1.02417 2.26536 95.0803 
603487 1473887 0 4.46761e-289 0.0326025 0.100727 0.233991 0.426343 0.642303 0.914804 2.07622 95.573 
605487 1473887 0 2.47982e-295 0.0284143 0.0878735 0.204433 0.37354 0.565724 0.814214 1.89741 96.0284 
607487 1473887 0 9.23822e-302 0.0246632 0.0763499 0.177892 0.325987 0.496378 0.722122 1.72906 96.4476 
609487 1473887 0 2.30979e-308 0.0213204 0.06607 0.154178 0.283371 0.433885 0.638195 1.57118 96.8318 
611487 1473887 0 3.87583e-315 0.0183561 0.0569436 0.133092 0.245366 0.377831 0.56205 1.4237 97.1827 
613487 1473887 0 4.496e-322 0 0 0 0 0 0 0 100 
615487 1473887 0 0 -nan -nan -nan -nan -nan -nan -nan -nan 
617487 1473887 0 0 -nan -nan -nan -nan -nan -nan -nan -nan 
619487 1473887 0 0 -nan -nan -nan -nan -nan -nan -nan -nan 
621487 1473887 0 0 -nan -nan -nan -nan -nan -nan -nan -nan 
623487 1473887 0 0 -nan -nan -nan -nan -nan -nan -nan -nan 
625487 1473887 0 0 -nan -nan -nan -nan -nan -nan -nan -nan 
627487 1473887 0 0 -nan -nan -nan -nan -nan -nan -nan -nan 
629487 1473887 0 0 -nan -nan -nan -nan -nan -nan -nan -nan 
433487 1471887 0 0 -nan -nan -nan -nan -nan -nan -nan -nan 
435487 1471887 0 0 -nan -nan -nan -nan -nan -nan -nan -nan 
437487 1471887 0 0 -nan -nan -nan -nan -nan -nan -nan -nan 
439487 1471887 0 0 -nan -nan -nan -nan -nan -nan -nan -nan 
441487 1471887 0 0 -nan -nan -nan -nan -nan -nan -nan -nan 
443487 1471887 0 0 -nan -nan -nan -nan -nan -nan -nan -nan 
445487 1471887 0 0 -nan -nan -nan -nan -nan -nan -nan -nan 
447487 1471887 0 0 -nan -nan -nan -nan -nan -nan -nan -nan 
449487 1471887 0 2.62398e-320 0 0 0 0 0 1.48748 1.86406 96.6485 
451487 1471887 0 3.32204e-313 0.0394415 0.121689 0.28211 0.512004 0.765723 1.07481 2.35126 94.853 
453487 1471887 0 2.78568e-306 0.0450054 0.138723 0.321142 0.581248 0.864853 1.20169 2.5623 94.285 
455487 1471887 0 1.56791e-299 0.0511399 0.157485 0.364072 0.657195 0.973009 1.33868 2.78406 93.6744 
457487 1471887 0 5.92358e-293 0.0578676 0.178042 0.41104 0.740058 1.09041 1.48585 3.01606 93.0207 
459487 1471887 0 1.50217e-286 0.0652058 0.200444 0.462152 0.82999 1.21718 1.64319 3.2577 92.3241 
461487 1471887 0 2.55701e-280 0.0731663 0.224723 0.517472 0.92707 1.35337 1.81054 3.50825 91.5854 
463487 1471887 0 2.92159e-274 0.0817542 0.250892 0.57702 1.0313 1.49888 1.98766 3.76684 90.8056 
465487 1471887 0 2.24068e-268 0.0909675 0.278943 0.640765 1.14261 1.65354 2.17414 4.03251 89.9865 
467487 1471887 0 1.15348e-262 0.100796 0.308841 0.708625 1.2608 1.81704 2.36947 4.30417 89.1303 
469487 1471887 0 3.98565e-257 0.111222 0.340531 0.780461 1.38563 1.98893 2.573 4.58065 88.2396 
471487 1471887 0 9.24355e-252 0.122219 0.373928 0.856077 1.51672 2.16867 2.78398 4.86069 87.3177 
473487 1471887 0 1.43885e-246 0.133751 0.408924 0.935222 1.65362 2.35559 3.00152 5.14298 86.3684 
475487 1471887 0 1.5032e-241 0.145775 0.445386 1.01759 1.79578 2.54889 3.22463 5.42617 85.3958 
477487 1471887 0 1.05395e-236 0.158239 0.483156 1.10281 1.94257 2.74769 3.45223 5.70889 84.4044 
479487 1471887 0 4.95915e-232 0.171086 0.522054 1.19049 2.09327 2.951 3.68319 5.98978 83.3991 
481487 1471887 0 1.56587e-227 0.184248 0.56188 1.28017 2.2471 3.15775 3.91628 6.26748 82.3851 
483487 1471887 0 3.31771e-223 0.197653 0.602418 1.37136 2.40322 3.36682 4.15025 6.54069 81.3676 
485487 1471887 0 4.71662e-219 0.211227 0.643435 1.46354 2.56073 3.57703 4.38383 6.80816 80.352 
487487 1471887 0 4.49886e-215 0.224886 0.684688 1.55616 2.71873 3.78716 4.61571 7.06871 79.3439 
489487 1471887 0 2.87888e-211 0.238549 0.725925 1.64866 2.87625 3.99599 4.84463 7.32124 78.3488 
491487 1471887 0 1.23585e-207 0.252129 0.76689 1.74048 3.03234 4.20227 5.06932 7.56474 77.3718 
493487 1471887 0 3.5587e-204 0.26554 0.807325 1.83103 3.18605 4.40479 5.28858 7.79832 76.4184 
495487 1471887 0 6.87343e-201 0.278698 0.846973 1.91976 3.33642 4.60236 5.50122 8.02115 75.4934 
497487 1471887 0 8.90386e-198 0.291518 0.885584 2.0061 3.48253 4.79382 5.70616 8.23253 74.6018 
499487 1471887 0 7.73524e-195 0.303917 0.922911 2.08951 3.62351 4.97807 5.90233 8.43186 73.7479 
501487 1471887 0 4.50639e-192 0.315817 0.95872 2.16947 3.75849 5.15406 6.08879 8.61863 72.936 
503487 1471887 0 1.7604e-189 0.327143 0.992787 2.2455 3.88667 5.32081 6.26463 8.79242 72.17 
505487 1471887 0 4.611e-187 0.337823 1.0249 2.31713 4.00729 5.4774 6.42906 8.95288 71.4535 
507487 1471887 0 8.09749e-185 0.347793 1.05487 2.38392 4.11968 5.62301 6.58134 9.09975 70.7896 
509487 1471887 0 9.53346e-183 0.35699 1.0825 2.4455 4.22317 5.75687 6.72081 9.23282 70.1813 
511487 1471887 0 7.5244e-181 0.365359 1.10764 2.50149 4.3172 5.87829 6.8469 9.35196 69.6312 
513487 1471887 0 3.981e-179 0.37285 1.13014 2.55158 4.40125 5.98667 6.95912 9.45704 69.1413 
515487 1471887 0 1.41186e-177 0.37942 1.14986 2.59548 4.47488 6.08148 7.05703 9.54802 68.7138 
517487 1471887 0 3.35624e-176 0.385029 1.1667 2.63294 4.53767 6.16227 7.14027 9.62484 68.3503 
519487 1471887 0 5.34761e-175 0.389647 1.18056 2.66377 4.58932 6.22865 7.20853 9.68748 68.052 
521487 1471887 0 5.71086e-174 0.393246 1.19136 2.68779 4.62955 6.28032 7.26159 9.73595 67.8202 
523487 1471887 0 4.08759e-173 0.395807 1.19904 2.70488 4.65815 6.31704 7.29925 9.77024 67.6556 
525487 1471887 0 1.96088e-172 0.397315 1.20357 2.71494 4.67499 6.33864 7.3214 9.79036 67.5588 
527487 1471887 0 6.30445e-172 0.397761 1.20491 2.71792 4.67997 6.34503 7.32795 9.7963 67.5302 
529487 1471887 0 1.35849e-171 0.397144 1.20305 2.7138 4.67308 6.33619 7.31888 9.78807 67.5698 
531487 1471887 0 1.96191e-171 0.395466 1.19802 2.7026 4.65434 6.31214 7.29423 9.76567 67.6775 
533487 1471887 0 1.89898e-171 0.392736 1.18983 2.68439 4.62385 6.273 7.25408 9.7291 67.853 
535487 1471887 0 1.23193e-171 0.388972 1.17853 2.65926 4.58177 6.21894 7.19856 9.67835 68.0956 
