#EAST NORTH ELEV Kg/m^2 [-4->-3) [-3->-2) [-2->-1) [-1->0) [0->1) [1->2) [2->3) [3->4) (percent)
433487 1479887 0 0 -nan -nan -nan -nan -nan -nan -nan -nan 
435487 1479887 0 0 -nan -nan -nan -nan -nan -nan -nan -nan 
437487 1479887 0 0 -nan -nan -nan -nan -nan -nan -nan -nan 
439487 1479887 0 0 -nan -nan -nan -nan -nan -nan -nan -nan 
441487 1479887 0 0 -nan -nan -nan -nan -nan -nan -nan -nan 
443487 1479887 0 0 -nan -nan -nan -nan -nan -nan -nan -nan 
445487 1479887 0 0 -nan -nan -nan -nan -nan -nan -nan -nan 
447487 1479887 0 0 -nan -nan -nan -nan -nan -nan -nan -nan 
449487 1479887 0 0 -nan -nan -nan -nan -nan -nan -nan -nan 
451487 1479887 0 0 -nan -nan -nan -nan -nan -nan -nan -nan 
453487 1479887 0 0 -nan -nan -nan -nan -nan -nan -nan -nan 
455487 1479887 0 0 -nan -nan -nan -nan -nan -nan -nan -nan 
457487 1479887 0 0 -nan -nan -nan -nan -nan -nan -nan -nan 
459487 1479887 0 0 -nan -nan -nan -nan -nan -nan -nan -nan 
461487 1479887 0 0 -nan -nan -nan -nan -nan -nan -nan -nan 
463487 1479887 0 0 -nan -nan -nan -nan -nan -nan -nan -nan 
465487 1479887 0 0 -nan -nan -nan -nan -nan -nan -nan -nan 
467487 1479887 0 0 -nan -nan -nan -nan -nan -nan -nan -nan 
469487 1479887 0 0 -nan -nan -nan -nan -nan -nan -nan -nan 
471487 1479887 0 0 -nan -nan -nan -nan -nan -nan -nan -nan 
473487 1479887 0 0 -nan -nan -nan -nan -nan -nan -nan -nan 
475487 1479887 0 0 -nan -nan -nan -nan -nan -nan -nan -nan 
477487 1479887 0 0 -nan -nan -nan -nan -nan -nan -nan -nan 
479487 1479887 0 0 -nan -nan -nan -nan -nan -nan -nan -nan 
481487 1479887 0 0 -nan -nan -nan -nan -nan -nan -nan -nan 
483487 1479887 0 0 -nan -nan -nan -nan -nan -nan -nan -nan 
485487 1479887 0 0 -nan -nan -nan -nan -nan -nan -nan -nan 
487487 1479887 0 0 -nan -nan -nan -nan -nan -nan -nan -nan 
489487 1479887 0 2.49538e-319 0.0197992 0.0593977 0.128695 0.203932 0.237591 0.407864 1.02758 97.9151 
491487 1479887 0 1.40854e-314 0.0114315 0.0357961 0.0846307 0.159135 0.255412 0.408579 1.1104 97.9346 
493487 1479887 0 4.72079e-310 0.0126092 0.039454 0.0931764 0.174834 0.279494 0.443623 1.1838 97.773 
495487 1479887 0 9.37909e-306 0.0138312 0.0432463 0.102025 0.191057 0.304281 0.479421 1.25741 97.6087 
497487 1479887 0 1.10459e-301 0.0150876 0.0471425 0.111107 0.207675 0.329578 0.515688 1.33072 97.443 
499487 1479887 0 7.71134e-298 0.0163672 0.051108 0.120342 0.224541 0.355162 0.552117 1.40318 97.2772 
501487 1479887 0 3.1911e-294 0.0176574 0.0551041 0.129639 0.241493 0.380792 0.588378 1.47421 97.1127 
503487 1479887 0 7.82757e-291 0.0189447 0.0590886 0.138902 0.258354 0.406208 0.624121 1.54324 96.9511 
505487 1479887 0 1.1381e-287 0.0202144 0.0630168 0.148026 0.274938 0.431136 0.658985 1.6097 96.794 
507487 1479887 0 9.80833e-285 0.0214515 0.0668419 0.156905 0.291054 0.455297 0.692601 1.673 96.6428 
509487 1479887 0 5.0103e-282 0.0226402 0.0705161 0.165427 0.306504 0.478404 0.724604 1.7326 96.4993 
511487 1479887 0 1.51697e-279 0.0237652 0.0739915 0.173484 0.321093 0.500177 0.754629 1.78796 96.3649 
513487 1479887 0 2.72228e-277 0.0248109 0.0772211 0.180967 0.334629 0.520339 0.782329 1.83858 96.2411 
515487 1479887 0 2.89547e-275 0.0257629 0.08016 0.187773 0.34693 0.53863 0.807373 1.88398 96.1294 
517487 1479887 0 1.8253e-273 0.0266073 0.0827662 0.193806 0.357825 0.554807 0.829459 1.92374 96.031 
519487 1479887 0 6.81977e-272 0.0273317 0.0850017 0.198979 0.367161 0.568652 0.848313 1.95748 95.9471 
521487 1479887 0 1.51016e-270 0.0279254 0.0868331 0.203216 0.374803 0.579973 0.863701 1.98489 95.8787 
523487 1479887 0 1.98193e-269 0.0283792 0.088233 0.206454 0.380641 0.588614 0.875427 2.0057 95.8266 
525487 1479887 0 1.54157e-268 0.0286862 0.0891799 0.208644 0.384588 0.594453 0.883341 2.01971 95.7914 
527487 1479887 0 7.10635e-268 0.0288417 0.0896594 0.209752 0.386585 0.597407 0.887344 2.02678 95.7736 
529487 1479887 0 1.9415e-267 0.0288432 0.089664 0.209763 0.386605 0.597436 0.887382 2.02685 95.7735 
531487 1479887 0 3.14365e-267 0.0286907 0.0891937 0.208675 0.384645 0.594537 0.883456 2.01991 95.7909 
533487 1479887 0 3.01675e-267 0.0283866 0.0882557 0.206506 0.380735 0.588753 0.875616 2.00603 95.8257 
535487 1479887 0 1.71575e-267 0.0279355 0.0868644 0.203288 0.374933 0.580166 0.863963 1.98536 95.8775 
537487 1479887 0 5.78338e-268 0.0273445 0.085041 0.19907 0.367325 0.568895 0.848644 1.95807 95.9456 
539487 1479887 0 1.15538e-268 0.0266225 0.0828131 0.193914 0.358021 0.555098 0.829855 1.92445 96.0292 
541487 1479887 0 1.36802e-269 0.0257803 0.0802137 0.187897 0.347154 0.538964 0.807829 1.8848 96.1274 
543487 1479887 0 9.6003e-271 0.0248303 0.0772808 0.181105 0.334879 0.520711 0.782839 1.83951 96.2388 
545487 1479887 0 3.99311e-272 0.0237862 0.0740564 0.173634 0.321365 0.500583 0.755187 1.78899 96.3624 
547487 1479887 0 9.8441e-274 0.0226626 0.0705853 0.165588 0.306795 0.478839 0.725204 1.73372 96.4966 
549487 1479887 0 1.43843e-275 0.021475 0.0669145 0.157073 0.29136 0.455754 0.693237 1.67419 96.64 
551487 1479887 0 1.24581e-277 0.0202387 0.0630919 0.148201 0.275255 0.431612 0.659647 1.61095 96.791 
553487 1479887 0 6.39555e-280 0.0189694 0.0591652 0.13908 0.258677 0.406695 0.624804 1.54455 96.9481 
555487 1479887 0 1.94613e-282 0.0176824 0.0551814 0.129819 0.24182 0.381286 0.589075 1.47556 97.1096 
557487 1479887 0 3.51026e-285 0.016392 0.0511851 0.120521 0.224869 0.355658 0.552821 1.40457 97.274 
559487 1479887 0 3.7531e-288 0.0151122 0.0472186 0.111285 0.207999 0.33007 0.516392 1.33213 97.4398 
561487 1479887 0 2.37864e-291 0.0138552 0.0433207 0.102199 0.191375 0.304766 0.480118 1.25884 97.6055 
563487 1479887 0 8.93635e-295 0.0126325 0.0395261 0.0933447 0.175143 0.279967 0.444309 1.18522 97.7699 
565487 1479887 0 1.99018e-298 0.0114537 0.0358652 0.0847932 0.159433 0.255871 0.409246 1.11182 97.9315 
567487 1479887 0 2.62742e-302 0.0103271 0.0323638 0.0766047 0.144356 0.232651 0.375182 1.03912 98.0894 
569487 1479887 0 2.05625e-306 0.00925951 0.0290426 0.0688284 0.130006 0.210453 0.342336 0.967593 98.2425 
571487 1479887 0 9.53968e-311 0.00825591 0.0259179 0.0615027 0.116455 0.189393 0.310895 0.897657 98.3899 
573487 1479887 0 2.62366e-315 0.0073191 0.0229998 0.0546593 0.103747 0.169565 0.281011 0.829689 98.531 
575487 1479887 0 4.25143e-320 0 0 0 0 0 0 0.755375 99.2446 
577487 1479887 0 0 -nan -nan -nan -nan -nan -nan -nan -nan 
579487 1479887 0 0 -nan -nan -nan -nan -nan -nan -nan -nan 
581487 1479887 0 0 -nan -nan -nan -nan -nan -nan -nan -nan 
583487 1479887 0 0 -nan -nan -nan -nan -nan -nan -nan -nan 
585487 1479887 0 0 -nan -nan -nan -nan -nan -nan -nan -nan 
587487 1479887 0 0 -nan -nan -nan -nan -nan -nan -nan -nan 
589487 1479887 0 0 -nan -nan -nan -nan -nan -nan -nan -nan 
591487 1479887 0 0 -nan -nan -nan -nan -nan -nan -nan -nan 
593487 1479887 0 0 -nan -nan -nan -nan -nan -nan -nan -nan 
595487 1479887 0 0 -nan -nan -nan -nan -nan -nan -nan -nan 
597487 1479887 0 0 -nan -nan -nan -nan -nan -nan -nan -nan 
599487 1479887 0 0 -nan -nan -nan -nan -nan -nan -nan -nan 
601487 1479887 0 0 -nan -nan -nan -nan -nan -nan -nan -nan 
603487 1479887 0 0 -nan -nan -nan -nan -nan -nan -nan -nan 
605487 1479887 0 0 -nan -nan -nan -nan -nan -nan -nan -nan 
607487 1479887 0 0 -nan -nan -nan -nan -nan -nan -nan -nan 
609487 1479887 0 0 -nan -nan -nan -nan -nan -nan -nan -nan 
611487 1479887 0 0 -nan -nan -nan -nan -nan -nan -nan -nan 
613487 1479887 0 0 -nan -nan -nan -nan -nan -nan -nan -nan 
615487 1479887 0 0 -nan -nan -nan -nan -nan -nan -nan -nan 
617487 1479887 0 0 -nan -nan -nan -nan -nan -nan -nan -nan 
619487 1479887 0 0 -nan -nan -nan -nan -nan -nan -nan -nan 
621487 1479887 0 0 -nan -nan -nan -nan -nan -nan -nan -nan 
623487 1479887 0 0 -nan -nan -nan -nan -nan -nan -nan -nan 
625487 1479887 0 0 -nan -nan -nan -nan -nan -nan -nan -nan 
627487 1479887 0 0 -nan -nan -nan -nan -nan -nan -nan -nan 
629487 1479887 0 0 -nan -nan -nan -nan -nan -nan -nan -nan 
433487 1477887 0 0 -nan -nan -nan -nan -nan -nan -nan -nan 
435487 1477887 0 0 -nan -nan -nan -nan -nan -nan -nan -nan 
437487 1477887 0 0 -nan -nan -nan -nan -nan -nan -nan -nan 
439487 1477887 0 0 -nan -nan -nan -nan -nan -nan -nan -nan 
441487 1477887 0 0 -nan -nan -nan -nan -nan -nan -nan -nan 
443487 1477887 0 0 -nan -nan -nan -nan -nan -nan -nan -nan 
445487 1477887 0 0 -nan -nan -nan -nan -nan -nan -nan -nan 
447487 1477887 0 0 -nan -nan -nan -nan -nan -nan -nan -nan 
449487 1477887 0 0 -nan -nan -nan -nan -nan -nan -nan -nan 
451487 1477887 0 0 -nan -nan -nan -nan -nan -nan -nan -nan 
453487 1477887 0 0 -nan -nan -nan -nan -nan -nan -nan -nan 
455487 1477887 0 0 -nan -nan -nan -nan -nan -nan -nan -nan 
457487 1477887 0 0 -nan -nan -nan -nan -nan -nan -nan -nan 
459487 1477887 0 0 -nan -nan -nan -nan -nan -nan -nan -nan 
461487 1477887 0 0 -nan -nan -nan -nan -nan -nan -nan -nan 
463487 1477887 0 0 -nan -nan -nan -nan -nan -nan -nan -nan 
465487 1477887 0 0 -nan -nan -nan -nan -nan -nan -nan -nan 
467487 1477887 0 0 -nan -nan -nan -nan -nan -nan -nan -nan 
469487 1477887 0 0 -nan -nan -nan -nan -nan -nan -nan -nan 
471487 1477887 0 0 -nan -nan -nan -nan -nan -nan -nan -nan 
473487 1477887 0 0 -nan -nan -nan -nan -nan -nan -nan -nan 
475487 1477887 0 0 -nan -nan -nan -nan -nan -nan -nan -nan 
477487 1477887 0 0 -nan -nan -nan -nan -nan -nan -nan -nan 
479487 1477887 0 0 -nan -nan -nan -nan -nan -nan -nan -nan 
481487 1477887 0 0 -nan -nan -nan -nan -nan -nan -nan -nan 
483487 1477887 0 0 -nan -nan -nan -nan -nan -nan -nan -nan 
485487 1477887 0 1.35288e-318 0.0113211 0.0328676 0.0712131 0.150826 0.264036 0.376882 1.06528 98.0276 
487487 1477887 0 2.17759e-313 0.0121353 0.0379824 0.0897399 0.168524 0.269828 0.429589 1.15457 97.8376 
489487 1477887 0 2.07764e-308 0.0135309 0.0423146 0.0998521 0.187076 0.298207 0.470673 1.23954 97.6488 
491487 1477887 0 1.17512e-303 0.0150028 0.0468796 0.110495 0.206555 0.327876 0.513256 1.32585 97.4541 
493487 1477887 0 3.94003e-299 0.0165421 0.0516498 0.121603 0.226842 0.358646 0.557059 1.41292 97.2547 
495487 1477887 0 7.83106e-295 0.0181379 0.0565915 0.133098 0.247792 0.390296 0.601767 1.50018 97.0521 
497487 1477887 0 9.22653e-291 0.0197774 0.0616649 0.144887 0.269235 0.422571 0.647026 1.587 96.8478 
499487 1477887 0 6.44384e-287 0.0214459 0.0668247 0.156865 0.290981 0.455188 0.69245 1.67272 96.6435 
501487 1477887 0 2.66767e-283 0.0231271 0.0720203 0.168915 0.312821 0.487838 0.737628 1.75668 96.441 
503487 1477887 0 6.54623e-280 0.0248032 0.0771972 0.180912 0.334529 0.52019 0.782125 1.83821 96.242 
505487 1477887 0 9.52169e-277 0.0264553 0.0822973 0.192721 0.355865 0.551899 0.825493 1.91662 96.0487 
507487 1477887 0 8.20903e-274 0.0280638 0.08726 0.204203 0.376583 0.582609 0.867279 1.99125 95.8628 
509487 1477887 0 4.19483e-271 0.0296084 0.0920237 0.215218 0.396432 0.61196 0.907029 2.06145 95.6863 
511487 1477887 0 1.2705e-268 0.0310692 0.0965269 0.225625 0.415163 0.639597 0.944299 2.12661 95.5211 
513487 1477887 0 2.28067e-266 0.0324264 0.100709 0.235284 0.432531 0.665174 0.978659 2.18614 95.3691 
515487 1477887 0 2.42644e-264 0.0336612 0.104513 0.244065 0.448306 0.688365 1.00971 2.2395 95.2319 
517487 1477887 0 1.53e-262 0.0347559 0.107884 0.251845 0.462272 0.708866 1.03708 2.2862 95.1111 
519487 1477887 0 5.71764e-261 0.0356948 0.110775 0.258513 0.474234 0.726403 1.06043 2.32582 95.0081 
521487 1477887 0 1.26632e-259 0.0364639 0.113143 0.263973 0.484022 0.740738 1.07948 2.35798 94.9242 
523487 1477887 0 1.66213e-258 0.0370517 0.114952 0.268144 0.491497 0.751677 1.09399 2.38239 94.8603 
525487 1477887 0 1.29294e-257 0.0374492 0.116175 0.270964 0.49655 0.759067 1.10379 2.39882 94.8172 
527487 1477887 0 5.96049e-257 0.0376505 0.116795 0.272392 0.499107 0.762806 1.10874 2.40711 94.7954 
529487 1477887 0 1.62844e-256 0.0376524 0.116801 0.272406 0.499132 0.762842 1.10878 2.40719 94.7952 
531487 1477887 0 2.63664e-256 0.037455 0.116193 0.271005 0.496623 0.759174 1.10393 2.39906 94.8166 
533487 1477887 0 2.52998e-256 0.0370612 0.114981 0.268212 0.491618 0.751854 1.09423 2.38278 94.8593 
535487 1477887 0 1.43872e-256 0.036477 0.113183 0.264066 0.484189 0.740983 1.0798 2.35853 94.9228 
537487 1477887 0 4.84876e-257 0.0357113 0.110826 0.258631 0.474444 0.726711 1.06084 2.32651 95.0063 
539487 1477887 0 9.68467e-258 0.0347756 0.107945 0.251985 0.462523 0.709234 1.03757 2.28703 95.1089 
541487 1477887 0 1.14642e-258 0.0336837 0.104582 0.244225 0.448594 0.688788 1.01027 2.24046 95.2294 
543487 1477887 0 8.04298e-260 0.0324515 0.100786 0.235463 0.432852 0.665646 0.979292 2.18723 95.3663 
545487 1477887 0 3.34433e-261 0.0310965 0.0966109 0.225819 0.415512 0.640112 0.944992 2.12782 95.518 
547487 1477887 0 8.24195e-263 0.0296375 0.0921134 0.215426 0.396806 0.612511 0.907775 2.06276 95.683 
549487 1477887 0 1.20389e-264 0.0280943 0.0873542 0.204421 0.376976 0.58319 0.868069 1.99265 95.8592 
551487 1477887 0 1.04229e-266 0.0264869 0.0823947 0.192946 0.356272 0.552504 0.826317 1.9181 96.045 
553487 1477887 0 5.34867e-269 0.0248354 0.0772968 0.181142 0.334946 0.520811 0.782975 1.83975 96.2382 
555487 1477887 0 1.62692e-271 0.0231596 0.0721208 0.169148 0.313243 0.488467 0.738496 1.75828 96.4371 
557487 1477887 0 2.93331e-274 0.0214783 0.0669249 0.157097 0.291403 0.45582 0.693327 1.67436 96.6396 
559487 1477887 0 3.13495e-277 0.0198094 0.061764 0.145117 0.269653 0.423199 0.647904 1.58867 96.8439 
561487 1477887 0 1.98606e-280 0.0181692 0.0566885 0.133323 0.248202 0.390915 0.602638 1.50186 97.0482 
563487 1477887 0 7.45845e-284 0.0165724 0.0517438 0.121822 0.227241 0.35925 0.557916 1.41461 97.2508 
565487 1477887 0 1.66038e-287 0.0150319 0.04697 0.110705 0.20694 0.328461 0.514092 1.32752 97.4503 
567487 1477887 0 2.19118e-291 0.0135587 0.0424007 0.100053 0.187444 0.298769 0.471483 1.2412 97.6451 
569487 1477887 0 1.7142e-295 0.0121615 0.0380638 0.08993 0.168873 0.270363 0.430367 1.1562 97.834 
571487 1477887 0 7.94994e-300 0.0108473 0.0339807 0.0803873 0.151325 0.243396 0.390981 1.07301 98.0161 
573487 1477887 0 2.18569e-304 0.00962084 0.0301669 0.071462 0.13487 0.217988 0.353518 0.99211 98.1903 
575487 1477887 0 3.56238e-309 0.00848519 0.026632 0.0631777 0.119556 0.194222 0.31813 0.913886 98.3559 
577487 1477887 0 3.44207e-314 0.00744156 0.0233802 0.0555457 0.105409 0.172152 0.284926 0.838686 98.5125 
579487 1477887 0 1.97201e-319 0 0 0 0 0.300646 0.258055 0.811745 98.6296 
581487 1477887 0 0 -nan -nan -nan -nan -nan -nan -nan -nan 
583487 1477887 0 0 -nan -nan -nan -nan -nan -nan -nan -nan 
585487 1477887 0 0 -nan -nan -nan -nan -nan -nan -nan -nan 
587487 1477887 0 0 -nan -nan -nan -nan -nan -nan -nan -nan 
589487 1477887 0 0 -nan -nan -nan -nan -nan -nan -nan -nan 
591487 1477887 0 0 -nan -nan -nan -nan -nan -nan -nan -nan 
593487 1477887 0 0 -nan -nan -nan -nan -nan -nan -nan -nan 
595487 1477887 0 0 -nan -nan -nan -nan -nan -nan -nan -nan 
597487 1477887 0 0 -nan -nan -nan -nan -nan -nan -nan -nan 
599487 1477887 0 0 -nan -nan -nan -nan -nan -nan -nan -nan 
601487 1477887 0 0 -nan -nan -nan -nan -nan -nan -nan -nan 
603487 1477887 0 0 -nan -nan -nan -nan -nan -nan -nan -nan 
605487 1477887 0 0 -nan -nan -nan -nan -nan -nan -nan -nan 
607487 1477887 0 0 -nan -nan -nan -nan -nan -nan -nan -nan 
609487 1477887 0 0 -nan -nan -nan -nan -nan -nan -nan -nan 
611487 1477887 0 0 -nan -nan -nan -nan -nan -nan -nan -nan 
613487 1477887 0 0 -nan -nan -nan -nan -nan -nan -nan -nan 
615487 1477887 0 0 -nan -nan -nan -nan -nan -nan -nan -nan 
617487 1477887 0 0 -nan -nan -nan -nan -nan -nan -nan -nan 
619487 1477887 0 0 -nan -nan -nan -nan -nan -nan -nan -nan 
621487 1477887 0 0 -nan -nan -nan -nan -nan -nan -nan -nan 
623487 1477887 0 0 -nan -nan -nan -nan -nan -nan -nan -nan 
625487 1477887 0 0 -nan -nan -nan -nan -nan -nan -nan -nan 
627487 1477887 0 0 -nan -nan -nan -nan -nan -nan -nan -nan 
629487 1477887 0 0 -nan -nan -nan -nan -nan -nan -nan -nan 
433487 1475887 0 0 -nan -nan -nan -nan -nan -nan -nan -nan 
435487 1475887 0 0 -nan -nan -nan -nan -nan -nan -nan -nan 
437487 1475887 0 0 -nan -nan -nan -nan -nan -nan -nan -nan 
439487 1475887 0 0 -nan -nan -nan -nan -nan -nan -nan -nan 
441487 1475887 0 0 -nan -nan -nan -nan -nan -nan -nan -nan 
443487 1475887 0 0 -nan -nan -nan -nan -nan -nan -nan -nan 
445487 1475887 0 0 -nan -nan -nan -nan -nan -nan -nan -nan 
447487 1475887 0 0 -nan -nan -nan -nan -nan -nan -nan -nan 
449487 1475887 0 0 -nan -nan -nan -nan -nan -nan -nan -nan 
451487 1475887 0 0 -nan -nan -nan -nan -nan -nan -nan -nan 
453487 1475887 0 0 -nan -nan -nan -nan -nan -nan -nan -nan 
455487 1475887 0 0 -nan -nan -nan -nan -nan -nan -nan -nan 
457487 1475887 0 0 -nan -nan -nan -nan -nan -nan -nan -nan 
459487 1475887 0 0 -nan -nan -nan -nan -nan -nan -nan -nan 
461487 1475887 0 0 -nan -nan -nan -nan -nan -nan -nan -nan 
463487 1475887 0 0 -nan -nan -nan -nan -nan -nan -nan -nan 
465487 1475887 0 0 -nan -nan -nan -nan -nan -nan -nan -nan 
467487 1475887 0 0 -nan -nan -nan -nan -nan -nan -nan -nan 
469487 1475887 0 0 -nan -nan -nan -nan -nan -nan -nan -nan 
471487 1475887 0 0 -nan -nan -nan -nan -nan -nan -nan -nan 
473487 1475887 0 0 -nan -nan -nan -nan -nan -nan -nan -nan 
475487 1475887 0 0 -nan -nan -nan -nan -nan -nan -nan -nan 
477487 1475887 0 0 -nan -nan -nan -nan -nan -nan -nan -nan 
479487 1475887 0 0 -nan -nan -nan -nan -nan -nan -nan -nan 
481487 1475887 0 5.37282e-319 0.00919566 0.027587 0.0597718 0.19035 0.221615 0.379781 1.07313 98.0386 
483487 1475887 0 2.46281e-313 0.0125362 0.0392272 0.0926468 0.173862 0.278006 0.441466 1.17932 97.7829 
485487 1475887 0 6.68904e-308 0.0141299 0.0441729 0.104186 0.195013 0.310312 0.48809 1.27505 97.569 
487487 1475887 0 1.07703e-302 0.0158367 0.0494644 0.116515 0.217556 0.344577 0.537074 1.3734 97.3456 
489487 1475887 0 1.02807e-297 0.01765 0.0550812 0.129586 0.241396 0.380646 0.588172 1.47381 97.1137 
491487 1475887 0 5.81746e-293 0.0195608 0.0609949 0.143331 0.266406 0.418321 0.641084 1.57568 96.8746 
493487 1475887 0 1.95147e-288 0.0215573 0.0671692 0.157664 0.292431 0.457359 0.695463 1.67836 96.63 
495487 1475887 0 3.88057e-284 0.0236254 0.0735597 0.172483 0.319282 0.497476 0.750911 1.78114 96.3815 
497487 1475887 0 4.57433e-280 0.0257482 0.0801147 0.187668 0.34674 0.538348 0.806988 1.88328 96.1311 
499487 1475887 0 3.19631e-276 0.0279066 0.0867752 0.203082 0.374561 0.579615 0.863215 1.98403 95.8808 
501487 1475887 0 1.32388e-272 0.0300795 0.0934761 0.218575 0.402477 0.620884 0.919081 2.08259 95.6328 
503487 1475887 0 3.25027e-269 0.0322439 0.100147 0.233986 0.430198 0.66174 0.974053 2.17819 95.3894 
505487 1475887 0 4.72984e-266 0.0343754 0.106713 0.249142 0.45742 0.701747 1.02758 2.27003 95.153 
507487 1475887 0 4.07962e-263 0.0364489 0.113097 0.263867 0.483832 0.740459 1.07911 2.35736 94.9258 
509487 1475887 0 2.0856e-260 0.0384386 0.119219 0.27798 0.509114 0.777428 1.12808 2.43942 94.7103 
511487 1475887 0 6.31924e-258 0.0403187 0.125003 0.291304 0.532954 0.81221 1.17396 2.51551 94.5087 
513487 1475887 0 1.13479e-255 0.0420643 0.130371 0.303662 0.555044 0.844377 1.21623 2.58496 94.3233 
515487 1475887 0 1.20772e-253 0.0436515 0.135249 0.31489 0.575095 0.873523 1.25439 2.64717 94.156 
517487 1475887 0 7.61757e-252 0.0450579 0.139571 0.324832 0.592835 0.899272 1.28801 2.70158 94.0088 
519487 1475887 0 2.84742e-250 0.0462634 0.143275 0.333348 0.608022 0.921288 1.31668 2.7477 93.8834 
521487 1475887 0 6.30765e-249 0.0472505 0.146307 0.340319 0.620444 0.939276 1.34006 2.78512 93.7812 
523487 1475887 0 8.28052e-248 0.0480046 0.148623 0.345642 0.629927 0.952998 1.35786 2.81351 93.7034 
525487 1475887 0 6.44195e-247 0.0485146 0.150189 0.349241 0.636336 0.962266 1.36987 2.83262 93.651 
527487 1475887 0 2.96991e-246 0.0487727 0.150982 0.351062 0.63958 0.966954 1.37595 2.84226 93.6244 
529487 1475887 0 8.11397e-246 0.0487752 0.15099 0.35108 0.639611 0.966999 1.37601 2.84235 93.6242 
531487 1475887 0 1.31368e-245 0.048522 0.150212 0.349293 0.636429 0.9624 1.37005 2.83289 93.6502 
533487 1475887 0 1.26041e-245 0.0480168 0.148661 0.345728 0.630081 0.95322 1.35815 2.81397 93.7022 
535487 1475887 0 7.16642e-246 0.0472673 0.146359 0.340437 0.620656 0.939583 1.34046 2.78576 93.7795 
537487 1475887 0 2.41472e-246 0.0462846 0.14334 0.333498 0.608289 0.921674 1.31718 2.74851 93.8812 
539487 1475887 0 4.82184e-247 0.0450831 0.139649 0.32501 0.593153 0.899734 1.28861 2.70255 94.0062 
541487 1475887 0 5.70617e-248 0.0436805 0.135339 0.315095 0.57546 0.874054 1.25509 2.6483 94.153 
543487 1475887 0 4.00195e-249 0.0420966 0.13047 0.303891 0.555452 0.844971 1.217 2.58623 94.3199 
545487 1475887 0 1.66343e-250 0.0403538 0.125111 0.291552 0.533398 0.812858 1.17481 2.51692 94.505 
547487 1475887 0 4.09778e-252 0.038476 0.119335 0.278246 0.50959 0.778123 1.129 2.44095 94.7063 
549487 1475887 0 5.983e-254 0.0364883 0.113218 0.264146 0.484332 0.741192 1.08008 2.35899 94.9215 
551487 1475887 0 5.17756e-256 0.0344162 0.106838 0.249431 0.45794 0.702509 1.0286 2.27176 95.1485 
553487 1475887 0 2.65569e-258 0.0322855 0.100275 0.234282 0.430729 0.662523 0.975103 2.18 95.3848 
555487 1475887 0 8.07398e-261 0.0301215 0.0936055 0.218874 0.403015 0.621679 0.920154 2.08447 95.6281 
557487 1475887 0 1.45501e-263 0.0279485 0.0869045 0.203381 0.375101 0.580414 0.8643 1.98595 95.876 
559487 1475887 0 1.55426e-266 0.0257896 0.0802426 0.187964 0.347275 0.539143 0.808075 1.88524 96.1263 
561487 1475887 0 9.8417e-270 0.0236659 0.073685 0.172774 0.319807 0.49826 0.75199 1.78312 96.3767 
563487 1475887 0 3.69415e-273 0.0215967 0.0672908 0.157946 0.292943 0.458125 0.696526 1.68035 96.6252 
565487 1475887 0 8.21988e-277 0.0195986 0.0611119 0.143602 0.2669 0.419063 0.642122 1.57766 96.8699 
567487 1475887 0 1.08425e-280 0.0176861 0.0551928 0.129845 0.241868 0.38136 0.589178 1.47577 97.1091 
569487 1475887 0 8.47847e-285 0.0158708 0.04957 0.116761 0.218005 0.345258 0.538043 1.37532 97.3412 
571487 1475887 0 3.93035e-289 0.0141619 0.0442719 0.104417 0.195436 0.310956 0.489016 1.27693 97.5648 
573487 1475887 0 1.08013e-293 0.0125659 0.0393195 0.0928622 0.174257 0.278611 0.442343 1.18114 97.7789 
575487 1475887 0 1.75977e-298 0.011087 0.0347258 0.0821295 0.154532 0.248334 0.398221 1.08844 97.9825 
577487 1475887 0 1.6997e-303 0.00972698 0.0304971 0.0722352 0.136297 0.220197 0.35679 0.99925 98.175 
579487 1475887 0 9.73262e-309 0.00848564 0.0266334 0.063181 0.119562 0.194231 0.318144 0.913917 98.3558 
581487 1475887 0 3.30391e-314 0.00736099 0.023129 0.0549556 0.104312 0.170437 0.282329 0.832726 98.5248 
583487 1475887 0 6.62097e-320 0 0 0 0 0 0 0.970077 99.0299 
585487 1475887 0 0 -nan -nan -nan -nan -nan -nan -nan -nan 
587487 1475887 0 0 -nan -nan -nan -nan -nan -nan -nan -nan 
589487 1475887 0 0 -nan -nan -nan -nan -nan -nan -nan -nan 
591487 1475887 0 0 -nan -nan -nan -nan -nan -nan -nan -nan 
593487 1475887 0 0 -nan -nan -nan -nan -nan -nan -nan -nan 
595487 1475887 0 0 -nan -nan -nan -nan -nan -nan -nan -nan 
597487 1475887 0 0 -nan -nan -nan -nan -nan -nan -nan -nan 
599487 1475887 0 0 -nan -nan -nan -nan -nan -nan -nan -nan 
601487 1475887 0 0 -nan -nan -nan -nan -nan -nan -nan -nan 
603487 1475887 0 0 -nan -nan -nan -nan -nan -nan -nan -nan 
605487 1475887 0 0 -nan -nan -nan -nan -nan -nan -nan -nan 
607487 1475887 0 0 -nan -nan -nan -nan -nan -nan -nan -nan 
609487 1475887 0 0 -nan -nan -nan -nan -nan -nan -nan -nan 
611487 1475887 0 0 -nan -nan -nan -nan -nan -nan -nan -nan 
613487 1475887 0 0 -nan -nan -nan -nan -nan -nan -nan -nan 
615487 1475887 0 0 -nan -nan -nan -nan -nan -nan -nan -nan 
617487 1475887 0 0 -nan -nan -nan -nan -nan -nan -nan -nan 
619487 1475887 0 0 -nan -nan -nan -nan -nan -nan -nan -nan 
621487 1475887 0 0 -nan -nan -nan -nan -nan -nan -nan -nan 
623487 1475887 0 0 -nan -nan -nan -nan -nan -nan -nan -nan 
625487 1475887 0 0 -nan -nan -nan -nan -nan -nan -nan -nan 
627487 1475887 0 0 -nan -nan -nan -nan -nan -nan -nan -nan 
629487 1475887 0 0 -nan -nan -nan -nan -nan -nan -nan -nan 
433487 1473887 0 0 -nan -nan -nan -nan -nan -nan -nan -nan 
435487 1473887 0 0 -nan -nan -nan -nan -nan -nan -nan -nan 
437487 1473887 0 0 -nan -nan -nan -nan -nan -nan -nan -nan 
439487 1473887 0 0 -nan -nan -nan -nan -nan -nan -nan -nan 
441487 1473887 0 0 -nan -nan -nan -nan -nan -nan -nan -nan 
443487 1473887 0 0 -nan -nan -nan -nan -nan -nan -nan -nan 
445487 1473887 0 0 -nan -nan -nan -nan -nan -nan -nan -nan 
447487 1473887 0 0 -nan -nan -nan -nan -nan -nan -nan -nan 
449487 1473887 0 0 -nan -nan -nan -nan -nan -nan -nan -nan 
451487 1473887 0 0 -nan -nan -nan -nan -nan -nan -nan -nan 
453487 1473887 0 0 -nan -nan -nan -nan -nan -nan -nan -nan 
455487 1473887 0 0 -nan -nan -nan -nan -nan -nan -nan -nan 
457487 1473887 0 0 -nan -nan -nan -nan -nan -nan -nan -nan 
459487 1473887 0 0 -nan -nan -nan -nan -nan -nan -nan -nan 
461487 1473887 0 0 -nan -nan -nan -nan -nan -nan -nan -nan 
463487 1473887 0 0 -nan -nan -nan -nan -nan -nan -nan -nan 
465487 1473887 0 0 -nan -nan -nan -nan -nan -nan -nan -nan 
467487 1473887 0 0 -nan -nan -nan -nan -nan -nan -nan -nan 
469487 1473887 0 0 -nan -nan -nan -nan -nan -nan -nan -nan 
471487 1473887 0 0 -nan -nan -nan -nan -nan -nan -nan -nan 
473487 1473887 0 0 -nan -nan -nan -nan -nan -nan -nan -nan 
475487 1473887 0 0 -nan -nan -nan -nan -nan -nan -nan -nan 
477487 1473887 0 1.56125e-320 0 0 0 0 0 0 2.05696 97.943 
479487 1473887 0 2.03758e-314 0.0126026 0.0394332 0.0931278 0.174747 0.279358 0.443427 1.18339 97.7739 
481487 1473887 0 1.57533e-308 0.0143598 0.0448859 0.105848 0.198056 0.314946 0.494742 1.28853 97.5386 
483487 1473887 0 7.22065e-303 0.0162693 0.0508049 0.119636 0.223253 0.353212 0.549349 1.39771 97.2898 
485487 1473887 0 1.96213e-297 0.0183284 0.0571815 0.134469 0.250288 0.39406 0.607062 1.51041 97.0282 
487487 1473887 0 3.16098e-292 0.0205316 0.0639976 0.150303 0.279074 0.437342 0.667634 1.62606 96.7551 
489487 1473887 0 3.01891e-287 0.0228699 0.0712257 0.167073 0.309485 0.482857 0.730753 1.74399 96.4718 
491487 1473887 0 1.70926e-282 0.0253314 0.0788282 0.184689 0.341357 0.530348 0.796042 1.86348 96.1799 
493487 1473887 0 5.73704e-278 0.0279008 0.0867574 0.203041 0.374487 0.579505 0.863065 1.98376 95.8815 
495487 1473887 0 1.14151e-273 0.0305594 0.0949555 0.221994 0.40863 0.629965 0.931326 2.104 95.5786 
497487 1473887 0 1.34638e-269 0.0332854 0.103356 0.241394 0.443509 0.681316 1.00028 2.22334 95.2735 
499487 1473887 0 9.41346e-266 0.0360542 0.111882 0.261065 0.478809 0.733105 1.06934 2.34088 94.9689 
501487 1473887 0 3.90128e-262 0.0388385 0.12045 0.280816 0.51419 0.784839 1.13787 2.45572 94.6673 
503487 1473887 0 9.58359e-259 0.041609 0.128971 0.30044 0.549286 0.835998 1.20523 2.56695 94.3715 
505487 1473887 0 1.39541e-255 0.0443346 0.137349 0.31972 0.583715 0.88604 1.27074 2.67368 94.0844 
507487 1473887 0 1.20423e-252 0.0469833 0.145486 0.338432 0.617083 0.934411 1.33374 2.77502 93.8088 
509487 1473887 0 6.15949e-250 0.0495224 0.153284 0.356351 0.648994 0.980557 1.39355 2.87014 93.5476 
511487 1473887 0 1.86719e-247 0.0519197 0.160642 0.37325 0.679056 1.02393 1.44952 2.95824 93.3034 
513487 1473887 0 3.35453e-245 0.0541435 0.167466 0.388912 0.706888 1.06401 1.50104 3.03857 93.079 
515487 1473887 0 3.57157e-243 0.0561638 0.173663 0.40313 0.732129 1.1003 1.54753 3.11044 92.8766 
517487 1473887 0 2.25352e-241 0.0579529 0.179149 0.415711 0.754447 1.13233 1.58844 3.17325 92.6987 
519487 1473887 0 8.42612e-240 0.0594855 0.183848 0.426482 0.773541 1.1597 1.62331 3.22645 92.5472 
521487 1473887 0 1.86702e-238 0.0607398 0.187692 0.435293 0.789152 1.18206 1.65173 3.2696 92.4237 
523487 1473887 0 2.45144e-237 0.0616977 0.190628 0.442019 0.801064 1.1991 1.67336 3.30231 92.3298 
525487 1473887 0 1.90737e-236 0.0623452 0.192612 0.446565 0.809112 1.21061 1.68795 3.32431 92.2665 
527487 1473887 0 8.79405e-236 0.062673 0.193617 0.448865 0.813184 1.21643 1.69532 3.33541 92.2345 
529487 1473887 0 2.40259e-235 0.0626762 0.193626 0.448887 0.813223 1.21649 1.69539 3.33552 92.2342 
531487 1473887 0 3.88963e-235 0.0623546 0.192641 0.446631 0.809229 1.21078 1.68816 3.32463 92.2656 
533487 1473887 0 3.73143e-235 0.0617132 0.190675 0.442128 0.801256 1.19938 1.67371 3.30284 92.3283 
535487 1473887 0 2.12122e-235 0.0607612 0.187758 0.435443 0.789418 1.18244 1.65221 3.27033 92.4216 
537487 1473887 0 7.14571e-236 0.0595124 0.18393 0.426671 0.773877 1.16018 1.62392 3.22738 92.5445 
539487 1473887 0 1.42646e-236 0.057985 0.179248 0.415937 0.754848 1.13291 1.58917 3.17437 92.6955 
541487 1473887 0 1.68748e-237 0.0562007 0.173776 0.403389 0.732589 1.10096 1.54837 3.11174 92.873 
543487 1473887 0 1.18302e-238 0.0541846 0.167592 0.389201 0.707401 1.06475 1.50199 3.04004 93.0748 
545487 1473887 0 4.91509e-240 0.0519644 0.16078 0.373565 0.679616 1.02474 1.45056 2.95987 93.2989 
547487 1473887 0 1.21023e-241 0.0495702 0.15343 0.356688 0.649594 0.981423 1.39467 2.87191 93.5427 
549487 1473887 0 1.7661e-243 0.0470335 0.145641 0.338787 0.617715 0.935326 1.33493 2.77692 93.8036 
551487 1473887 0 1.52751e-245 0.0443867 0.137509 0.320088 0.584371 0.886992 1.27199 2.67569 94.079 
553487 1473887 0 7.83054e-248 0.0416622 0.129134 0.300816 0.549959 0.836978 1.20652 2.56906 94.3659 
555487 1473887 0 2.3793e-250 0.0388923 0.120615 0.281197 0.514872 0.785835 1.13919 2.45791 94.6615 
557487 1473887 0 4.2852e-253 0.036108 0.112047 0.261447 0.479493 0.734107 1.07067 2.34313 94.963 
559487 1473887 0 4.57478e-256 0.0333386 0.103519 0.241772 0.444188 0.682315 1.00162 2.22563 95.2676 
561487 1473887 0 2.89506e-259 0.0306115 0.0951162 0.222365 0.409299 0.63095 0.932655 2.10632 95.5727 
563487 1473887 0 1.08604e-262 0.0279514 0.0869135 0.203402 0.375138 0.580469 0.864374 1.98609 95.8757 
565487 1473887 0 2.41516e-266 0.0253801 0.0789786 0.185037 0.341987 0.531283 0.797323 1.8658 96.1742 
567487 1473887 0 3.18395e-270 0.0229164 0.0713693 0.167406 0.310088 0.483757 0.731996 1.74628 96.4662 
569487 1473887 0 2.48837e-274 0.0205755 0.0641335 0.150619 0.279647 0.438201 0.668831 1.62832 96.7497 
571487 1473887 0 1.15292e-278 0.0183697 0.0573091 0.134766 0.250828 0.394874 0.608207 1.51262 97.023 
573487 1473887 0 3.16683e-283 0.0163077 0.0509238 0.119913 0.223759 0.353977 0.550436 1.39986 97.2848 
575487 1473887 0 5.15701e-288 0.0143953 0.0449959 0.106105 0.198525 0.315661 0.495767 1.29061 97.5339 
577487 1473887 0 4.97875e-293 0.0126351 0.0395344 0.093364 0.175178 0.280021 0.444387 1.18538 97.7695 
579487 1473887 0 2.84967e-298 0.0110273 0.0345403 0.0816958 0.153734 0.247105 0.39642 1.08461 97.9909 
581487 1473887 0 9.6699e-304 0.00956946 0.0300071 0.0710876 0.134179 0.216918 0.351932 0.988644 98.1977 
583487 1473887 0 1.94537e-309 0.00825722 0.025922 0.0615123 0.116472 0.189421 0.310936 0.89775 98.3897 
585487 1473887 0 2.32026e-315 0.00708478 0.0222681 0.0529295 0.100551 0.164541 0.273398 0.812127 98.5671 
587487 1473887 0 1.61559e-321 0 0 0 0 0 0 0 100 
589487 1473887 0 0 -nan -nan -nan -nan -nan -nan -nan -nan 
591487 1473887 0 0 -nan -nan -nan -nan -nan -nan -nan -nan 
593487 1473887 0 0 -nan -nan -nan -nan -nan -nan -nan -nan 
595487 1473887 0 0 -nan -nan -nan -nan -nan -nan -nan -nan 
597487 1473887 0 0 -nan -nan -nan -nan -nan -nan -nan -nan 
599487 1473887 0 0 -nan -nan -nan -nan -nan -nan -nan -nan 
601487 1473887 0 0 -nan -nan -nan -nan -nan -nan -nan -nan 
603487 1473887 0 0 -nan -nan -nan -nan -nan -nan -nan -nan 
605487 1473887 0 0 -nan -nan -nan -nan -nan -nan -nan -nan 
607487 1473887 0 0 -nan -nan -nan -nan -nan -nan -nan -nan 
609487 1473887 0 0 -nan -nan -nan -nan -nan -nan -nan -nan 
611487 1473887 0 0 -nan -nan -nan -nan -nan -nan -nan -nan 
613487 1473887 0 0 -nan -nan -nan -nan -nan -nan -nan -nan 
615487 1473887 0 0 -nan -nan -nan -nan -nan -nan -nan -nan 
617487 1473887 0 0 -nan -nan -nan -nan -nan -nan -nan -nan 
619487 1473887 0 0 -nan -nan -nan -nan -nan -nan -nan -nan 
621487 1473887 0 0 -nan -nan -nan -nan -nan -nan -nan -nan 
623487 1473887 0 0 -nan -nan -nan -nan -nan -nan -nan -nan 
625487 1473887 0 0 -nan -nan -nan -nan -nan -nan -nan -nan 
627487 1473887 0 0 -nan -nan -nan -nan -nan -nan -nan -nan 
629487 1473887 0 0 -nan -nan -nan -nan -nan -nan -nan -nan 
433487 1471887 0 0 -nan -nan -nan -nan -nan -nan -nan -nan 
435487 1471887 0 0 -nan -nan -nan -nan -nan -nan -nan -nan 
437487 1471887 0 0 -nan -nan -nan -nan -nan -nan -nan -nan 
439487 1471887 0 0 -nan -nan -nan -nan -nan -nan -nan -nan 
441487 1471887 0 0 -nan -nan -nan -nan -nan -nan -nan -nan 
443487 1471887 0 0 -nan -nan -nan -nan -nan -nan -nan -nan 
445487 1471887 0 0 -nan -nan -nan -nan -nan -nan -nan -nan 
447487 1471887 0 0 -nan -nan -nan -nan -nan -nan -nan -nan 
449487 1471887 0 0 -nan -nan -nan -nan -nan -nan -nan -nan 
451487 1471887 0 0 -nan -nan -nan -nan -nan -nan -nan -nan 
453487 1471887 0 0 -nan -nan -nan -nan -nan -nan -nan -nan 
455487 1471887 0 0 -nan -nan -nan -nan -nan -nan -nan -nan 
457487 1471887 0 0 -nan -nan -nan -nan -nan -nan -nan -nan 
459487 1471887 0 0 -nan -nan -nan -nan -nan -nan -nan -nan 
461487 1471887 0 0 -nan -nan -nan -nan -nan -nan -nan -nan 
463487 1471887 0 0 -nan -nan -nan -nan -nan -nan -nan -nan 
465487 1471887 0 0 -nan -nan -nan -nan -nan -nan -nan -nan 
467487 1471887 0 0 -nan -nan -nan -nan -nan -nan -nan -nan 
469487 1471887 0 0 -nan -nan -nan -nan -nan -nan -nan -nan 
471487 1471887 0 0 -nan -nan -nan -nan -nan -nan -nan -nan 
473487 1471887 0 0 -nan -nan -nan -nan -nan -nan -nan -nan 
475487 1471887 0 1.23318e-316 0.0123118 0.0385499 0.0911984 0.170934 0.273719 0.435287 1.1665 97.8115 
477487 1471887 0 2.71383e-310 0.0142024 0.0443977 0.10471 0.195973 0.311774 0.49019 1.27931 97.5594 
479487 1471887 0 3.54084e-304 0.0162668 0.0507969 0.119618 0.22322 0.353161 0.549276 1.39757 97.2901 
481487 1471887 0 2.73903e-298 0.0185249 0.0577894 0.135882 0.25286 0.397935 0.612509 1.52092 97.0036 
483487 1471887 0 1.25618e-292 0.0209762 0.0653725 0.153495 0.284867 0.446028 0.679725 1.64884 96.7007 
485487 1471887 0 3.41558e-287 0.0236168 0.0735331 0.172422 0.31917 0.49731 0.750682 1.78072 96.3825 
487487 1471887 0 5.50594e-282 0.0264389 0.0822465 0.192603 0.355653 0.551584 0.825064 1.91585 96.0506 
489487 1471887 0 5.26194e-277 0.0294307 0.0914757 0.213951 0.394151 0.608589 0.902473 2.05344 95.7065 
491487 1471887 0 2.98125e-272 0.0325763 0.101171 0.236351 0.434448 0.667994 0.982439 2.19266 95.3524 
493487 1471887 0 1.00133e-267 0.0358556 0.11127 0.259655 0.476281 0.729403 1.06442 2.33256 94.9906 
495487 1471887 0 1.99377e-263 0.0392445 0.121699 0.283693 0.51934 0.792356 1.14779 2.4722 94.6237 
497487 1471887 0 2.35329e-259 0.0427149 0.132371 0.308265 0.563266 0.856335 1.2319 2.61056 94.2546 
499487 1471887 0 1.64651e-255 0.0462351 0.143188 0.333149 0.607666 0.920772 1.31601 2.74662 93.8864 
501487 1471887 0 6.82855e-252 0.0497706 0.154046 0.358101 0.652109 0.985055 1.39936 2.87934 93.5222 
503487 1471887 0 1.67861e-248 0.0532839 0.164829 0.38286 0.696136 1.04854 1.48118 3.00767 93.1655 
505487 1471887 0 2.44577e-245 0.0567362 0.175418 0.407155 0.739272 1.11055 1.56064 3.13062 92.8196 
507487 1471887 0 2.11206e-242 0.0600869 0.185691 0.430707 0.781028 1.17043 1.63695 3.24718 92.4879 
509487 1471887 0 1.08095e-239 0.0632953 0.195523 0.453232 0.820913 1.22747 1.70931 3.35643 92.1738 
511487 1471887 0 3.27868e-237 0.0663212 0.204792 0.474454 0.858445 1.28104 1.77695 3.45747 91.8805 
513487 1471887 0 5.89347e-235 0.0691254 0.213378 0.494102 0.893159 1.33048 1.83913 3.54948 91.6111 
515487 1471887 0 6.27777e-233 0.0716707 0.221169 0.511922 0.924612 1.3752 1.89518 3.63171 91.3685 
517487 1471887 0 3.96268e-231 0.0739228 0.228061 0.527677 0.952398 1.41464 1.94447 3.70349 91.1553 
519487 1471887 0 1.48221e-229 0.0758506 0.233959 0.541156 0.976154 1.44832 1.98645 3.76424 90.9739 
521487 1471887 0 3.28518e-228 0.0774275 0.238782 0.552175 0.995564 1.47581 2.02064 3.81347 90.8261 
523487 1471887 0 4.31446e-227 0.0786312 0.242463 0.560584 1.01037 1.49676 2.04665 3.85077 90.7138 
525487 1471887 0 3.35742e-226 0.0794446 0.24495 0.566264 1.02037 1.5109 2.06418 3.87585 90.638 
527487 1471887 0 1.54807e-225 0.0798563 0.246209 0.569139 1.02543 1.51805 2.07305 3.8885 90.5998 
529487 1471887 0 4.22944e-225 0.0798602 0.246221 0.569166 1.02547 1.51812 2.07313 3.88862 90.5994 
531487 1471887 0 6.84667e-225 0.0794564 0.244986 0.566347 1.02051 1.5111 2.06444 3.87621 90.6369 
533487 1471887 0 6.56724e-225 0.0786507 0.242522 0.56072 1.01061 1.4971 2.04707 3.85137 90.712 
535487 1471887 0 3.73248e-225 0.0774544 0.238864 0.552363 0.995895 1.47628 2.02122 3.8143 90.8236 
537487 1471887 0 1.25699e-225 0.0758845 0.234062 0.541393 0.976572 1.44891 1.98718 3.7653 90.9707 
539487 1471887 0 2.50837e-226 0.0739632 0.228185 0.52796 0.952897 1.41535 1.94535 3.70477 91.1515 
541487 1471887 0 2.96613e-227 0.0717171 0.221312 0.512247 0.925185 1.37601 1.8962 3.6332 91.3641 
543487 1471887 0 2.07844e-228 0.0691772 0.213537 0.494465 0.893799 1.33139 1.84028 3.55116 91.6062 
545487 1471887 0 8.63072e-230 0.0663777 0.204965 0.474849 0.859145 1.28203 1.7782 3.45933 91.8751 
547487 1471887 0 2.1239e-231 0.0633557 0.195708 0.453656 0.821662 1.22854 1.71066 3.35846 92.168 
549487 1471887 0 3.09752e-233 0.0601504 0.185886 0.431153 0.781818 1.17156 1.63839 3.24937 92.4817 
551487 1471887 0 2.67735e-235 0.056802 0.17562 0.407619 0.740094 1.11173 1.56215 3.13293 92.8131 
553487 1471887 0 1.37158e-237 0.0533514 0.165036 0.383335 0.69698 1.04975 1.48274 3.0101 93.1587 
555487 1471887 0 4.16463e-240 0.0498388 0.154255 0.358582 0.652965 0.986292 1.40096 2.88186 93.5152 
557487 1471887 0 7.49536e-243 0.0463034 0.143398 0.333631 0.608526 0.922018 1.31763 2.74922 93.8793 
559487 1471887 0 7.99618e-246 0.0427826 0.132579 0.308744 0.564121 0.857578 1.23353 2.61322 94.2474 
561487 1471887 0 5.05663e-249 0.0393109 0.121903 0.284164 0.520182 0.793584 1.14941 2.47489 94.6165 
563487 1471887 0 1.89558e-252 0.0359202 0.111469 0.260114 0.477103 0.730606 1.06602 2.33527 94.9835 
565487 1471887 0 4.21251e-256 0.0326385 0.101363 0.236793 0.435243 0.669163 0.984007 2.19536 95.3454 
567487 1471887 0 5.54967e-260 0.0294901 0.0916588 0.214375 0.394913 0.609716 0.903997 2.05612 95.6997 
569487 1471887 0 4.33441e-264 0.0264951 0.0824201 0.193005 0.356379 0.552661 0.826533 1.91848 96.044 
571487 1471887 0 2.00697e-268 0.0236696 0.0736964 0.1728 0.319855 0.498331 0.752089 1.7833 96.3763 
573487 1471887 0 5.5094e-273 0.0210255 0.0655248 0.153848 0.285509 0.44699 0.681062 1.65135 96.6947 
575487 1471887 0 8.9666e-278 0.0185704 0.0579304 0.13621 0.253457 0.398834 0.613772 1.52335 96.9979 
577487 1471887 0 8.65197e-283 0.0163086 0.0509265 0.119919 0.22377 0.353994 0.55046 1.39991 97.2847 
579487 1471887 0 4.94959e-288 0.0142405 0.0445158 0.104986 0.196477 0.312542 0.491292 1.28155 97.5544 
581487 1471887 0 1.67877e-293 0.0123637 0.0386917 0.0913963 0.171566 0.27449 0.436363 1.16871 97.8064 
583487 1471887 0 3.37585e-299 0.010673 0.0334389 0.07912 0.148991 0.2398 0.3857 1.06172 98.0406 
585487 1471887 0 4.02479e-305 0.00916084 0.0287355 0.0681088 0.128676 0.208391 0.33927 0.960839 98.2568 
587487 1471887 0 2.84492e-311 0.00781809 0.0245539 0.0583017 0.110522 0.180142 0.296987 0.866219 98.4555 
589487 1471887 0 1.19226e-317 0.00675465 0.0211756 0.0485257 0.0941922 0.154777 0.260821 0.77894 98.6348 
591487 1471887 0 0 -nan -nan -nan -nan -nan -nan -nan -nan 
593487 1471887 0 0 -nan -nan -nan -nan -nan -nan -nan -nan 
595487 1471887 0 0 -nan -nan -nan -nan -nan -nan -nan -nan 
597487 1471887 0 0 -nan -nan -nan -nan -nan -nan -nan -nan 
599487 1471887 0 0 -nan -nan -nan -nan -nan -nan -nan -nan 
601487 1471887 0 0 -nan -nan -nan -nan -nan -nan -nan -nan 
603487 1471887 0 0 -nan -nan -nan -nan -nan -nan -nan -nan 
605487 1471887 0 0 -nan -nan -nan -nan -nan -nan -nan -nan 
607487 1471887 0 0 -nan -nan -nan -nan -nan -nan -nan -nan 
609487 1471887 0 0 -nan -nan -nan -nan -nan -nan -nan -nan 
611487 1471887 0 0 -nan -nan -nan -nan -nan -nan -nan -nan 
613487 1471887 0 0 -nan -nan -nan -nan -nan -nan -nan -nan 
615487 1471887 0 0 -nan -nan -nan -nan -nan -nan -nan -nan 
617487 1471887 0 0 -nan -nan -nan -nan -nan -nan -nan -nan 
619487 1471887 0 0 -nan -nan -nan -nan -nan -nan -nan -nan 
621487 1471887 0 0 -nan -nan -nan -nan -nan -nan -nan -nan 
