#EAST NORTH ELEV Kg/m^2 [-4.5->-3.375) [-3.375->-2.25) [-2.25->-1.125) [-1.125->0) [0->1.125) [1.125->2.25) [2.25->3.375) [3.375->4.5) (percent)
-100000 -100000 0 0.0019605 0 0 8.67072e-297 8.39053e-178 3.35141e-74 2.05788e-20 0.0146313 99.9854 
-98000 -100000 0 0.00202604 0 0 6.67873e-291 3.3371e-174 1.1498e-72 5.92288e-20 0.0181104 99.9819 
-96000 -100000 0 0.00209316 0 0 3.9849e-285 1.12247e-170 3.6721e-71 1.66886e-19 0.0223235 99.9777 
-94000 -100000 0 0.00216183 0 0 1.84217e-279 3.19294e-167 1.09172e-69 4.60342e-19 0.0274022 99.9726 
-92000 -100000 0 0.00223206 0 0 6.59453e-274 7.68069e-164 3.02144e-68 1.24313e-18 0.0334963 99.9665 
-90000 -100000 0 0.00230383 0 0 1.82561e-268 1.56241e-160 7.78449e-67 3.28641e-18 0.0407749 99.9592 
-88000 -100000 0 0.00237713 0 0 3.90104e-263 2.6876e-157 1.86708e-65 8.50549e-18 0.0494279 99.9506 
-86000 -100000 0 0.00245192 0 0 6.41975e-258 3.90937e-154 4.16887e-64 2.155e-17 0.0596666 99.9403 
-84000 -100000 0 0.0025282 0 0 8.11671e-253 4.80859e-151 8.66561e-63 5.34518e-17 0.0717245 99.9283 
-82000 -100000 0 0.00260592 0 0 7.86594e-248 5.00145e-148 1.67691e-61 1.29791e-16 0.0858575 99.9141 
-80000 -100000 0 0.00268504 0 0 5.83036e-243 4.39887e-145 3.02103e-60 3.08524e-16 0.102343 99.8977 
-78000 -100000 0 0.00276553 0 0 3.29906e-238 3.27155e-142 5.06684e-59 7.17952e-16 0.121481 99.8785 
-76000 -100000 0 0.00284734 0 0 1.42278e-233 2.05748e-139 7.91154e-58 1.63554e-15 0.143589 99.8564 
-74000 -100000 0 0.00293041 0 0 4.67044e-229 1.09418e-136 1.15008e-56 3.64737e-15 0.169003 99.831 
-72000 -100000 0 0.00301467 0 0 1.16568e-224 4.92061e-134 1.55649e-55 7.96255e-15 0.198071 99.8019 
-70000 -100000 0 0.00310006 0 5.1334e-316 2.21018e-220 1.87123e-131 1.96116e-54 1.70166e-14 0.231154 99.7688 
-68000 -100000 0 0.0031865 0 3.51208e-310 3.18126e-216 6.0175e-129 2.30056e-53 3.55991e-14 0.268614 99.7314 
-66000 -100000 0 0.00327391 0 1.63647e-304 3.47427e-212 1.63641e-126 2.51253e-52 7.29031e-14 0.310813 99.6892 
-64000 -100000 0 0.00336218 0 5.20416e-299 2.87763e-208 3.76323e-124 2.55474e-51 1.46147e-13 0.358102 99.6419 
-62000 -100000 0 0.00345123 0 1.13082e-293 1.80706e-204 7.31858e-122 2.41849e-50 2.86792e-13 0.410816 99.5892 
-60000 -100000 0 0.00354092 0 1.68069e-288 8.6013e-201 1.20364e-119 2.13159e-49 5.50899e-13 0.469264 99.5307 
-58000 -100000 0 0.00363114 0 1.70997e-283 3.1026e-197 1.67407e-117 1.74915e-48 1.03586e-12 0.533718 99.4663 
-56000 -100000 0 0.00372175 0 1.19155e-278 8.47994e-194 1.96909e-115 1.33635e-47 1.90657e-12 0.604401 99.3956 
-54000 -100000 0 0.0038126 0 5.68713e-274 1.75596e-190 1.95876e-113 9.5056e-47 3.43494e-12 0.681482 99.3185 
-52000 -100000 0 0.00390353 0 1.85853e-269 2.75459e-187 1.64789e-111 6.29521e-46 6.05757e-12 0.765057 99.2349 
-50000 -100000 0 0.00399437 0 4.15513e-265 3.27334e-184 1.17249e-109 3.88163e-45 1.04565e-11 0.855147 99.1449 
-48000 -100000 0 0.00408492 0 6.34778e-261 2.94644e-181 7.0557e-108 2.2284e-44 1.76676e-11 0.951681 99.0483 
-46000 -100000 0 0.004175 0 6.6167e-257 2.00892e-178 3.59107e-106 1.1911e-43 2.92195e-11 1.05449 98.9455 
-44000 -100000 0 0.00426437 0 4.69822e-253 1.03748e-175 1.54586e-104 5.92768e-43 4.73004e-11 1.1633 98.8367 
-42000 -100000 0 0.0043528 0 2.26865e-249 4.05832e-173 5.62848e-103 2.74665e-42 7.49471e-11 1.27771 98.7223 
-40000 -100000 0 0.00444006 0 7.43757e-246 1.20243e-170 1.73338e-101 1.18497e-41 1.16236e-10 1.39723 98.6028 
-38000 -100000 0 0.00452588 1.09189e-319 1.65295e-242 2.69848e-168 4.51535e-100 4.75992e-41 1.76448e-10 1.52124 98.4788 
-36000 -100000 0 0.00460997 2.17294e-315 2.48689e-239 4.58706e-166 9.94927e-99 1.78027e-40 2.62171e-10 1.64898 98.351 
-34000 -100000 0 0.00469207 1.68984e-311 2.52986e-236 5.90622e-164 1.85441e-97 6.19963e-40 3.81281e-10 1.77962 98.2204 
-32000 -100000 0 0.00477185 7.88969e-308 1.73832e-233 5.76038e-162 2.9238e-96 2.01024e-39 5.42748e-10 1.91217 98.0878 
-30000 -100000 0 0.00484902 2.21062e-304 8.06075e-231 4.25568e-160 3.89965e-95 6.06924e-39 7.56209e-10 2.0456 97.9544 
-28000 -100000 0 0.00492326 3.71713e-301 2.52069e-228 2.38162e-158 4.4e-94 1.7062e-38 1.03129e-09 2.17874 97.8213 
-26000 -100000 0 0.00499423 3.75071e-298 5.3125e-226 1.00965e-156 4.19991e-93 4.46623e-38 1.37661e-09 2.31039 97.6896 
-24000 -100000 0 0.00506163 2.27084e-295 7.54231e-224 3.24248e-155 3.39156e-92 1.08861e-37 1.79862e-09 2.43929 97.5607 
-22000 -100000 0 0.00512511 8.24807e-293 7.21043e-222 7.8886e-154 2.31709e-91 2.47074e-37 2.3002e-09 2.56413 97.4359 
-20000 -100000 0 0.00518437 1.79689e-290 4.64015e-220 1.45396e-152 1.3393e-90 5.22169e-37 2.87934e-09 2.68361 97.3164 
-18000 -100000 0 0.00523908 2.34736e-288 2.00958e-218 2.03022e-151 6.54967e-90 1.02762e-36 3.52795e-09 2.79643 97.2036 
-16000 -100000 0 0.00528896 1.83825e-286 5.85587e-217 2.14775e-150 2.71004e-89 1.88317e-36 4.23115e-09 2.90133 97.0987 
-14000 -100000 0 0.00533371 8.62705e-285 1.14795e-215 1.72141e-149 9.48756e-89 3.21362e-36 4.96711e-09 2.99709 97.0029 
-12000 -100000 0 0.00537308 2.42557e-283 1.5137e-214 1.04533e-148 2.81039e-88 5.10679e-36 5.70768e-09 3.0826 96.9174 
-10000 -100000 0 0.00540684 4.08437e-282 1.34247e-213 4.80951e-148 7.04398e-88 7.55708e-36 6.41992e-09 3.15684 96.8432 
-8000 -100000 0 0.00543476 4.11787e-281 8.00717e-213 1.67661e-147 1.49388e-87 1.0414e-35 7.0683e-09 3.21888 96.7811 
-6000 -100000 0 0.00545668 2.48511e-280 3.21176e-212 4.42846e-147 2.68082e-87 1.33641e-35 7.6176e-09 3.26798 96.732 
-4000 -100000 0 0.00547246 8.97539e-280 8.66314e-212 8.86275e-147 4.07077e-87 1.59707e-35 8.03601e-09 3.30352 96.6965 
-2000 -100000 0 0.005482 1.93967e-279 1.57132e-211 1.34395e-146 5.23051e-87 1.77735e-35 8.29819e-09 3.32505 96.675 
0 -100000 0 0.00548524 2.508e-279 1.91648e-211 1.54418e-146 5.68688e-87 1.84198e-35 8.38779e-09 3.3323 96.6677 
2000 -100000 0 0.00548215 1.94017e-279 1.57179e-211 1.34436e-146 5.23199e-87 1.77772e-35 8.29914e-09 3.32518 96.6748 
4000 -100000 0 0.00547276 8.97999e-280 8.66826e-212 8.86818e-147 4.07307e-87 1.59774e-35 8.03784e-09 3.30379 96.6962 
6000 -100000 0 0.00545712 2.48702e-280 3.2146e-212 4.43253e-147 2.6831e-87 1.33725e-35 7.6202e-09 3.26838 96.7316 
8000 -100000 0 0.00543533 4.1221e-281 8.01664e-213 1.67866e-147 1.49558e-87 1.04227e-35 7.07152e-09 3.21941 96.7806 
10000 -100000 0 0.00540755 4.08961e-282 1.34445e-213 4.81688e-148 7.05396e-88 7.56501e-36 6.42358e-09 3.15748 96.8425 
12000 -100000 0 0.00537393 2.42931e-283 1.51639e-214 1.04726e-148 2.81517e-88 5.11322e-36 5.71159e-09 3.08336 96.9166 
14000 -100000 0 0.00533469 8.64256e-285 1.15032e-215 1.72511e-149 9.50639e-89 3.21834e-36 4.97108e-09 2.99795 97.002 
16000 -100000 0 0.00529006 1.84203e-286 5.86974e-217 2.15303e-150 2.71619e-89 1.88634e-36 4.23502e-09 2.90228 97.0977 
18000 -100000 0 0.00524031 2.35279e-288 2.01493e-218 2.03583e-151 6.5664e-90 1.02956e-36 3.53158e-09 2.79747 97.2025 
20000 -100000 0 0.00518571 1.80151e-290 4.65389e-220 1.45843e-152 1.34311e-90 5.23267e-37 2.88263e-09 2.68472 97.3153 
22000 -100000 0 0.00512657 8.27141e-293 7.23394e-222 7.91528e-154 2.32433e-91 2.47646e-37 2.3031e-09 2.5653 97.4347 
24000 -100000 0 0.00506319 2.27785e-295 7.56914e-224 3.25444e-155 3.40313e-92 1.09136e-37 1.80109e-09 2.4405 97.5595 
26000 -100000 0 0.00499589 3.76327e-298 5.33299e-226 1.01369e-156 4.21545e-93 4.47847e-38 1.37866e-09 2.31164 97.6884 
28000 -100000 0 0.00492501 3.73053e-301 2.53116e-228 2.39188e-158 4.41754e-94 1.71124e-38 1.03294e-09 2.18 97.82 
30000 -100000 0 0.00485086 2.21917e-304 8.09664e-231 4.27535e-160 3.91631e-95 6.08846e-39 7.57514e-10 2.04687 97.9531 
32000 -100000 0 0.00477377 7.92224e-308 1.74658e-233 5.7888e-162 2.93713e-96 2.01703e-39 5.43747e-10 1.91345 98.0866 
34000 -100000 0 0.00469406 1.69726e-311 2.54263e-236 5.9372e-164 1.86341e-97 6.22192e-40 3.82028e-10 1.78088 98.2191 
36000 -100000 0 0.00461203 2.18268e-315 2.50019e-239 4.61256e-166 1.00004e-98 1.78705e-40 2.62716e-10 1.65023 98.3498 
38000 -100000 0 0.00452799 2.18377e-319 1.66228e-242 2.71432e-168 4.53986e-100 4.77907e-41 1.76835e-10 1.52245 98.4776 
40000 -100000 0 0.00444223 0 7.48176e-246 1.20986e-170 1.7433e-101 1.18999e-41 1.16504e-10 1.39841 98.6016 
42000 -100000 0 0.00435502 0 2.2828e-249 4.08468e-173 5.6623e-103 2.75888e-42 7.51292e-11 1.27884 98.7212 
44000 -100000 0 0.00426663 0 4.72893e-253 1.04455e-175 1.5556e-104 5.95537e-43 4.7421e-11 1.16437 98.8356 
46000 -100000 0 0.00417729 0 6.6619e-257 2.02324e-178 3.61474e-106 1.19692e-43 2.92974e-11 1.05551 98.9445 
48000 -100000 0 0.00408725 0 6.39302e-261 2.96836e-181 7.10426e-108 2.23977e-44 1.77169e-11 0.952647 99.0474 
50000 -100000 0 0.00399672 0 4.18597e-265 3.29873e-184 1.18091e-109 3.90228e-45 1.04869e-11 0.856053 99.1439 
52000 -100000 0 0.0039059 0 1.87287e-269 2.77683e-187 1.66019e-111 6.33007e-46 6.07589e-12 0.765902 99.2341 
54000 -100000 0 0.00381499 0 5.73269e-274 1.77069e-190 1.97396e-113 9.5603e-47 3.44575e-12 0.682264 99.3177 
56000 -100000 0 0.00372415 0 1.20145e-278 8.55375e-194 1.98495e-115 1.34433e-47 1.91279e-12 0.605122 99.3949 
58000 -100000 0 0.00363355 0 1.72467e-283 3.13059e-197 1.68804e-117 1.75998e-48 1.03937e-12 0.534378 99.4656 
60000 -100000 0 0.00354334 0 1.69564e-288 8.68161e-201 1.21403e-119 2.14525e-49 5.5283e-13 0.469866 99.5301 
62000 -100000 0 0.00345364 0 1.14121e-293 1.8245e-204 7.38396e-122 2.43452e-50 2.87832e-13 0.411361 99.5886 
64000 -100000 0 0.0033646 0 5.25353e-299 2.90633e-208 3.79796e-124 2.57224e-51 1.46694e-13 0.358593 99.6414 
66000 -100000 0 0.00327632 0 1.65248e-304 3.51001e-212 1.652e-126 2.53029e-52 7.3185e-14 0.311253 99.6887 
68000 -100000 0 0.0031889 0 3.54749e-310 3.215e-216 6.07658e-129 2.31733e-53 3.57411e-14 0.269007 99.731 
70000 -100000 0 0.00310245 0 5.1836e-316 2.23432e-220 1.89015e-131 1.97588e-54 1.70865e-14 0.231502 99.7685 
72000 -100000 0 0.00301704 0 0 1.17878e-224 4.97184e-134 1.56852e-55 7.99624e-15 0.198379 99.8016 
74000 -100000 0 0.00293276 0 0 4.72442e-229 1.1059e-136 1.15922e-56 3.66324e-15 0.169273 99.8307 
76000 -100000 0 0.00284967 0 0 1.43967e-233 2.08012e-139 7.97617e-58 1.64285e-15 0.143825 99.8562 
78000 -100000 0 0.00276784 0 0 3.33927e-238 3.30852e-142 5.10935e-59 7.21251e-16 0.121686 99.8783 
80000 -100000 0 0.00268733 0 0 5.90325e-243 4.44988e-145 3.04704e-60 3.09979e-16 0.102521 99.8975 
82000 -100000 0 0.00260817 0 0 7.96674e-248 5.06093e-148 1.69172e-61 1.30419e-16 0.0860102 99.914 
84000 -100000 0 0.00253043 0 0 8.22325e-253 4.86721e-151 8.74407e-63 5.3717e-17 0.0718553 99.9281 
86000 -100000 0 0.00245412 0 0 6.506e-258 3.95819e-154 4.20754e-64 2.16595e-17 0.0597781 99.9402 
88000 -100000 0 0.00237929 0 0 3.95466e-263 2.72197e-157 1.88482e-65 8.54978e-18 0.0495226 99.9505 
90000 -100000 0 0.00230596 0 0 1.85126e-268 1.58285e-160 7.86016e-67 3.30392e-18 0.0408549 99.9591 
92000 -100000 0 0.00223416 0 0 6.68918e-274 7.7835e-164 3.05148e-68 1.2499e-18 0.0335635 99.9664 
94000 -100000 0 0.00216389 0 0 1.86917e-279 3.23664e-167 1.10282e-69 4.62908e-19 0.0274585 99.9725 
96000 -100000 0 0.00209518 0 0 4.04452e-285 1.13817e-170 3.71025e-71 1.67837e-19 0.0223703 99.9776 
98000 -100000 0 0.00202804 0 0 6.78067e-291 3.38476e-174 1.162e-72 5.95736e-20 0.0181492 99.9819 
100000 -100000 0 0.00196245 0 0 8.80569e-297 8.51288e-178 3.38773e-74 2.07012e-20 0.0146634 99.9853 
-100000 -98000 0 0.00202604 0 0 6.67873e-291 3.3371e-174 1.1498e-72 5.92288e-20 0.0181104 99.9819 
-98000 -98000 0 0.00209457 0 0 5.24315e-285 1.32706e-170 3.94393e-71 1.70489e-19 0.02242 99.9776 
-96000 -98000 0 0.00216479 0 0 3.19179e-279 4.46292e-167 1.25932e-69 4.80435e-19 0.0276398 99.9724 
-94000 -98000 0 0.0022367 0 0 1.50581e-273 1.26922e-163 3.74324e-68 1.32541e-18 0.0339332 99.9661 
-92000 -98000 0 0.00231029 0 0 5.49795e-268 3.05233e-160 1.03578e-66 3.57964e-18 0.0414861 99.9585 
-90000 -98000 0 0.00238556 0 0 1.5504e-262 6.20722e-157 2.6681e-65 9.46459e-18 0.0505087 99.9495 
-88000 -98000 0 0.00246249 0 0 3.36869e-257 1.0674e-153 6.39817e-64 2.44983e-17 0.0612367 99.9388 
-86000 -98000 0 0.00254107 0 0 5.6253e-252 1.5521e-150 1.42834e-62 6.20786e-17 0.0739329 99.9261 
-84000 -98000 0 0.00262128 0 0 7.2016e-247 1.90842e-147 2.96848e-61 1.53998e-16 0.0888874 99.9111 
-82000 -98000 0 0.00270308 0 0 7.0523e-242 1.9842e-144 5.74339e-60 3.73986e-16 0.106418 99.8936 
-80000 -98000 0 0.00278645 0 0 5.27225e-237 1.74444e-141 1.03452e-58 8.89116e-16 0.126871 99.8731 
-78000 -98000 0 0.00287134 0 0 3.00402e-232 1.29684e-138 1.73478e-57 2.06929e-15 0.150617 99.8494 
-76000 -98000 0 0.00295772 0 0 1.30274e-227 8.15232e-136 2.70828e-56 4.71458e-15 0.178052 99.8219 
-74000 -98000 0 0.00304552 0 0 4.29514e-223 4.33352e-133 3.93629e-55 1.05152e-14 0.209594 99.7904 
-72000 -98000 0 0.0031347 0 1.19735e-313 1.07569e-218 1.94791e-130 5.32633e-54 2.29585e-14 0.245676 99.7543 
-70000 -98000 0 0.00322519 0 1.21122e-307 2.04494e-214 7.40406e-128 6.70996e-53 4.90699e-14 0.286745 99.7133 
-68000 -98000 0 0.00331691 0 8.36208e-302 2.94936e-210 2.37984e-125 7.86982e-52 1.02666e-13 0.333251 99.6667 
-66000 -98000 0 0.00340978 0 3.94542e-296 3.22586e-206 6.46853e-123 8.59339e-51 2.10271e-13 0.385643 99.6144 
-64000 -98000 0 0.00350371 0 1.27395e-290 2.67481e-202 1.48679e-120 8.73618e-50 4.21564e-13 0.444358 99.5556 
-62000 -98000 0 0.00359859 0 2.81842e-285 1.68098e-198 2.88993e-118 8.2687e-49 8.27326e-13 0.509811 99.4902 
-60000 -98000 0 0.00369432 0 4.27598e-280 8.00514e-195 4.7503e-116 7.28641e-48 1.58933e-12 0.582382 99.4176 
-58000 -98000 0 0.00379077 0 4.4507e-275 2.88837e-191 6.60327e-114 5.97795e-47 2.98861e-12 0.662407 99.3376 
-56000 -98000 0 0.00388781 0 3.17787e-270 7.89521e-188 7.76261e-112 4.5662e-46 5.50097e-12 0.750161 99.2498 
-54000 -98000 0 0.00398527 0 1.5555e-265 1.63481e-184 7.71745e-110 3.24731e-45 9.91103e-12 0.845849 99.1542 
-52000 -98000 0 0.00408299 0 5.21338e-261 2.56413e-181 6.48882e-108 2.1501e-44 1.74785e-11 0.949586 99.0504 
-50000 -98000 0 0.0041808 0 1.19453e-256 3.04622e-178 4.61414e-106 1.32545e-43 3.01711e-11 1.06139 98.9386 
-48000 -98000 0 0.0042785 0 1.86772e-252 2.74108e-175 2.77497e-104 7.60746e-43 5.09773e-11 1.18117 98.8188 
-46000 -98000 0 0.00437586 0 1.98892e-248 1.86815e-172 1.41149e-102 4.06527e-42 8.43056e-11 1.30871 98.6913 
-44000 -98000 0 0.00447266 0 1.43976e-244 9.6434e-170 6.07236e-101 2.02262e-41 1.36467e-10 1.44365 98.5564 
-42000 -98000 0 0.00456864 2.10877e-317 7.07203e-241 3.77031e-167 2.20958e-99 9.36957e-41 2.16216e-10 1.58551 98.4145 
-40000 -98000 0 0.00466354 7.82778e-313 2.35333e-237 1.11649e-164 6.80053e-98 4.04117e-40 3.35302e-10 1.73365 98.2664 
-38000 -98000 0 0.00475706 1.69739e-308 5.29774e-234 2.50423e-162 1.77039e-96 1.62285e-39 5.08946e-10 1.88729 98.1127 
-36000 -98000 0 0.0048489 2.21005e-304 8.05836e-231 4.25437e-160 3.89854e-95 6.06796e-39 7.56123e-10 2.04551 97.9545 
-34000 -98000 0 0.00493873 1.72806e-300 8.27399e-228 5.47458e-158 7.26192e-94 2.11252e-38 1.09951e-09 2.20724 97.7928 
-32000 -98000 0 0.00502622 8.1149e-297 5.72975e-225 5.33619e-156 1.14428e-92 6.84791e-38 1.56492e-09 2.37128 97.6287 
-30000 -98000 0 0.005111 2.28866e-293 2.67434e-222 3.93992e-154 1.52529e-91 2.0669e-37 2.18009e-09 2.53632 97.4637 
-28000 -98000 0 0.00519272 3.87634e-290 8.40854e-220 2.2036e-152 1.72e-90 5.80888e-37 2.97266e-09 2.70095 97.2991 
-26000 -98000 0 0.005271 3.94218e-287 1.78017e-217 9.33636e-151 1.64087e-89 1.52013e-36 3.96743e-09 2.86366 97.1363 
-24000 -98000 0 0.00534547 2.40668e-284 2.53681e-215 2.99666e-149 1.32435e-88 3.70418e-36 5.18285e-09 3.02289 96.9771 
-22000 -98000 0 0.00541573 8.81707e-282 2.43267e-213 7.28659e-148 9.04324e-88 8.4049e-36 6.62714e-09 3.17704 96.823 
-20000 -98000 0 0.00548142 1.93768e-279 1.56947e-211 1.34231e-146 5.22459e-87 1.77586e-35 8.29441e-09 3.32451 96.6755 
-18000 -98000 0 0.00554217 2.55326e-277 6.81121e-210 1.87341e-145 2.55388e-86 3.49401e-35 1.01613e-08 3.46369 96.5363 
-16000 -98000 0 0.00559762 2.01627e-275 1.98812e-208 1.98098e-144 1.05628e-85 6.40159e-35 1.2185e-08 3.59305 96.4069 
-14000 -98000 0 0.00564744 9.53732e-274 3.90269e-207 1.5871e-143 3.69655e-85 1.0922e-34 1.43025e-08 3.71111 96.2889 
-12000 -98000 0 0.00569132 2.70091e-272 5.15175e-206 9.63423e-143 1.09463e-84 1.73532e-34 1.6433e-08 3.81649 96.1835 
-10000 -98000 0 0.00572897 4.57715e-271 4.57289e-205 4.43127e-142 2.74281e-84 2.56754e-34 1.84816e-08 3.90794 96.0921 
-8000 -98000 0 0.00576015 4.63975e-270 2.72931e-204 1.54435e-141 5.81558e-84 3.53772e-34 2.03463e-08 3.98436 96.0156 
-6000 -98000 0 0.00578464 2.81222e-269 1.09529e-203 4.0783e-141 1.04343e-83 4.53943e-34 2.1926e-08 4.04482 95.9552 
-4000 -98000 0 0.00580228 1.0189e-268 2.95533e-203 8.16077e-141 1.58422e-83 5.42442e-34 2.31291e-08 4.08858 95.9114 
-2000 -98000 0 0.00581295 2.20617e-268 5.36143e-203 1.23739e-140 2.03539e-83 6.03645e-34 2.38829e-08 4.11508 95.8849 
0 -98000 0 0.00581656 2.85442e-268 6.53956e-203 1.42171e-140 2.21292e-83 6.25587e-34 2.41405e-08 4.12401 95.876 
2000 -98000 0 0.0058131 2.20673e-268 5.36301e-203 1.23777e-140 2.03596e-83 6.03771e-34 2.38856e-08 4.11525 95.8848 
4000 -98000 0 0.0058026 1.01942e-268 2.95707e-203 8.16576e-141 1.58511e-83 5.42669e-34 2.31343e-08 4.08891 95.9111 
6000 -98000 0 0.00578511 2.81439e-269 1.09626e-203 4.08204e-141 1.04432e-83 4.54228e-34 2.19334e-08 4.04531 95.9547 
8000 -98000 0 0.00576077 4.64452e-270 2.73253e-204 1.54624e-141 5.82215e-84 3.54068e-34 2.03556e-08 3.98501 96.015 
10000 -98000 0 0.00572975 4.58302e-271 4.57964e-205 4.43805e-142 2.74669e-84 2.57023e-34 1.84921e-08 3.90873 96.0913 
12000 -98000 0 0.00569224 2.70507e-272 5.16087e-206 9.65192e-143 1.09648e-84 1.7375e-34 1.64442e-08 3.81742 96.1826 
14000 -98000 0 0.00564851 9.55446e-274 3.91075e-207 1.5905e-143 3.70387e-85 1.09381e-34 1.43139e-08 3.71217 96.2878 
16000 -98000 0 0.00559882 2.02041e-275 1.99282e-208 1.98583e-144 1.05867e-85 6.41232e-35 1.21961e-08 3.59422 96.4058 
18000 -98000 0 0.0055435 2.55916e-277 6.82933e-210 1.87857e-145 2.56039e-86 3.5006e-35 1.01717e-08 3.46496 96.535 
20000 -98000 0 0.00548288 1.94266e-279 1.57411e-211 1.34642e-146 5.2394e-87 1.77958e-35 8.30386e-09 3.32586 96.6741 
22000 -98000 0 0.0054173 8.84199e-282 2.44059e-213 7.31117e-148 9.07145e-88 8.42431e-36 6.63546e-09 3.17847 96.8215 
24000 -98000 0 0.00534715 2.4141e-284 2.54582e-215 3.0077e-149 1.32886e-88 3.71352e-36 5.18995e-09 3.02437 96.9756 
26000 -98000 0 0.00527279 3.95536e-287 1.78703e-217 9.37364e-151 1.64693e-89 1.52429e-36 3.97333e-09 2.86519 97.1348 
28000 -98000 0 0.00519461 3.8903e-290 8.44343e-220 2.21308e-152 1.72685e-90 5.82599e-37 2.97743e-09 2.70251 97.2975 
30000 -98000 0 0.00511298 2.2975e-293 2.68623e-222 3.9581e-154 1.5318e-91 2.07343e-37 2.18384e-09 2.53789 97.4621 
32000 -98000 0 0.00502828 8.14834e-297 5.75695e-225 5.36247e-156 1.14949e-92 6.871e-38 1.56779e-09 2.37285 97.6271 
34000 -98000 0 0.00494087 1.73563e-300 8.31574e-228 5.50325e-158 7.29708e-94 2.1201e-38 1.10166e-09 2.20879 97.7912 
36000 -98000 0 0.0048511 2.22031e-304 8.10144e-231 4.27798e-160 3.91854e-95 6.09103e-39 7.57688e-10 2.04704 97.953 
38000 -98000 0 0.00475932 1.70571e-308 5.32764e-234 2.5189e-162 1.77999e-96 1.62937e-39 5.10059e-10 1.88879 98.1112 
40000 -98000 0 0.00466586 7.86819e-313 2.36731e-237 1.12339e-164 6.83936e-98 4.05826e-40 3.36075e-10 1.7351 98.2649 
42000 -98000 0 0.00457101 2.1185e-317 7.11617e-241 3.79478e-167 2.22283e-99 9.41123e-41 2.1674e-10 1.5869 98.4131 
44000 -98000 0 0.00447507 0 1.44917e-244 9.709e-170 6.11056e-101 2.03205e-41 1.36814e-10 1.44498 98.555 
46000 -98000 0 0.00437831 0 2.00252e-248 1.88144e-172 1.42078e-102 4.0851e-42 8.45299e-11 1.30997 98.69 
48000 -98000 0 0.00428097 0 1.88104e-252 2.76145e-175 2.79405e-104 7.64622e-43 5.1119e-11 1.18237 98.8176 
50000 -98000 0 0.0041833 0 1.20341e-256 3.06982e-178 4.6472e-106 1.33249e-43 3.02586e-11 1.06251 98.9375 
52000 -98000 0 0.00408552 0 5.25365e-261 2.58481e-181 6.53721e-108 2.16199e-44 1.75313e-11 0.950631 99.0494 
54000 -98000 0 0.0039878 0 1.56797e-265 1.64851e-184 7.77727e-110 3.26597e-45 9.94215e-12 0.846817 99.1532 
56000 -98000 0 0.00389035 0 3.20429e-270 7.96386e-188 7.82505e-112 4.59344e-46 5.51889e-12 0.751053 99.2489 
58000 -98000 0 0.00379333 0 4.489e-275 2.9144e-191 6.65832e-114 6.01492e-47 2.99871e-12 0.663224 99.3368 
60000 -98000 0 0.00369688 0 4.31403e-280 8.07982e-195 4.7913e-116 7.33306e-48 1.59489e-12 0.583127 99.4169 
62000 -98000 0 0.00360114 0 2.84433e-285 1.69719e-198 2.91572e-118 8.32345e-49 8.30321e-13 0.510486 99.4895 
64000 -98000 0 0.00350625 0 1.28604e-290 2.70146e-202 1.5005e-120 8.79594e-50 4.23141e-13 0.444967 99.555 
66000 -98000 0 0.00341231 0 3.98403e-296 3.25903e-206 6.53008e-123 8.65406e-51 2.11083e-13 0.386188 99.6138 
68000 -98000 0 0.00331943 0 8.44639e-302 2.98063e-210 2.40318e-125 7.92711e-52 1.03075e-13 0.333737 99.6663 
70000 -98000 0 0.0032277 0 1.2238e-307 2.06727e-214 7.47889e-128 6.76029e-53 4.92713e-14 0.287176 99.7128 
72000 -98000 0 0.00313719 0 1.21013e-313 1.08777e-218 1.96817e-130 5.36745e-54 2.30555e-14 0.246057 99.7539 
74000 -98000 0 0.00304799 0 0 4.34477e-223 4.37988e-133 3.96754e-55 1.05609e-14 0.209928 99.7901 
76000 -98000 0 0.00296016 0 0 1.3182e-227 8.24196e-136 2.73038e-56 4.73565e-15 0.178344 99.8217 
78000 -98000 0 0.00287376 0 0 3.04063e-232 1.31149e-138 1.74932e-57 2.07879e-15 0.150871 99.8491 
80000 -98000 0 0.00278884 0 0 5.33817e-237 1.76466e-141 1.04342e-58 8.93306e-16 0.12709 99.8729 
82000 -98000 0 0.00270544 0 0 7.14269e-242 2.00778e-144 5.79408e-60 3.75794e-16 0.106607 99.8934 
84000 -98000 0 0.00262361 0 0 7.29616e-247 1.93167e-147 2.99534e-61 1.54762e-16 0.0890493 99.911 
86000 -98000 0 0.00254337 0 0 5.70091e-252 1.57148e-150 1.44158e-62 6.23939e-17 0.0740709 99.9259 
88000 -98000 0 0.00246475 0 0 3.41501e-257 1.08104e-153 6.4589e-64 2.46258e-17 0.0613538 99.9386 
90000 -98000 0 0.00238778 0 0 1.5722e-262 6.28841e-157 2.69402e-65 9.51498e-18 0.0506076 99.9494 
92000 -98000 0 0.00231248 0 0 5.57692e-268 3.09316e-160 1.04607e-66 3.59914e-18 0.0415693 99.9584 
94000 -98000 0 0.00223885 0 0 1.5279e-273 1.28658e-163 3.78127e-68 1.33279e-18 0.0340028 99.966 
96000 -98000 0 0.0021669 0 0 3.23958e-279 4.52529e-167 1.2724e-69 4.83171e-19 0.0276977 99.9723 
98000 -98000 0 0.00209664 0 0 5.32323e-285 1.34601e-170 3.98576e-71 1.7148e-19 0.022468 99.9775 
100000 -98000 0 0.00202808 0 0 6.78276e-291 3.38574e-174 1.16225e-72 5.95807e-20 0.01815 99.9819 
-100000 -96000 0 0.00209316 0 0 3.9849e-285 1.12247e-170 3.6721e-71 1.66886e-19 0.0223235 99.9777 
-98000 -96000 0 0.00216479 0 0 3.19179e-279 4.46292e-167 1.25932e-69 4.80435e-19 0.0276398 99.9724 
-96000 -96000 0 0.00223824 0 0 1.98293e-273 1.50054e-163 4.0203e-68 1.35403e-18 0.0340801 99.9659 
-94000 -96000 0 0.00231353 0 0 9.54152e-268 4.26628e-160 1.19478e-66 3.73592e-18 0.0418463 99.9582 
-92000 -96000 0 0.00239064 0 0 3.54848e-262 1.02569e-156 3.30541e-65 1.00912e-17 0.0511685 99.9488 
-90000 -96000 0 0.00246957 0 0 1.01737e-256 2.08517e-153 8.51294e-64 2.66848e-17 0.0623064 99.9377 
-88000 -96000 0 0.00255033 0 0 2.24269e-251 3.58444e-150 2.04105e-62 6.90807e-17 0.0755519 99.9244 
-86000 -96000 0 0.00263288 0 0 3.79122e-246 5.21019e-147 4.55566e-61 1.75074e-16 0.09123 99.9088 
-84000 -96000 0 0.00271723 0 0 4.90324e-241 6.40378e-144 9.46622e-60 4.34363e-16 0.1097 99.8903 
-82000 -96000 0 0.00280334 0 0 4.8416e-236 6.65534e-141 1.83119e-58 1.055e-15 0.131355 99.8686 
-80000 -96000 0 0.0028912 0 0 3.64375e-231 5.84866e-138 3.29782e-57 2.50849e-15 0.156623 99.8434 
-78000 -96000 0 0.00298076 0 0 2.08712e-226 4.34606e-135 5.52914e-56 5.83892e-15 0.185964 99.814 
-76000 -96000 0 0.00307199 0 5.46832e-318 9.08857e-222 2.7308e-132 8.6304e-55 1.33048e-14 0.219868 99.7801 
-74000 -96000 0 0.00316485 0 1.28155e-311 3.00611e-217 1.45092e-129 1.25415e-53 2.96781e-14 0.25885 99.7411 
-72000 -96000 0 0.00325928 0 1.91874e-305 7.54698e-213 6.51869e-127 1.69673e-52 6.48056e-14 0.303448 99.6966 
-70000 -96000 0 0.00335523 0 1.96287e-299 1.43735e-208 2.47652e-124 2.13711e-51 1.38526e-13 0.354214 99.6458 
-68000 -96000 0 0.00345263 0 1.37429e-293 2.07583e-204 7.95597e-122 2.50606e-50 2.8986e-13 0.411704 99.5883 
-66000 -96000 0 0.00355139 0 6.59559e-288 2.27258e-200 2.16132e-119 2.73596e-49 5.93716e-13 0.476472 99.5235 
-64000 -96000 0 0.00365144 0 2.17267e-282 1.88555e-196 4.96508e-117 2.78088e-48 1.19041e-12 0.549058 99.4509 
-62000 -96000 0 0.00375268 0 4.91683e-277 1.18541e-192 9.64533e-115 2.63154e-47 2.33636e-12 0.62997 99.37 
-60000 -96000 0 0.003855 0 7.64652e-272 5.64611e-189 1.58453e-112 2.31844e-46 4.48847e-12 0.719678 99.2803 
-58000 -96000 0 0.00395826 0 8.16912e-267 2.03719e-185 2.2013e-110 1.90169e-45 8.44052e-12 0.81859 99.1814 
-56000 -96000 0 0.00406235 0 5.9893e-262 5.56777e-182 2.58621e-108 1.45226e-44 1.55363e-11 0.927043 99.073 
-54000 -96000 0 0.00416711 0 3.00871e-257 1.15259e-178 2.56957e-106 1.03255e-43 2.79917e-11 1.04528 98.9547 
-52000 -96000 0 0.00427236 0 1.03355e-252 1.80715e-175 2.15912e-104 6.83497e-43 4.93637e-11 1.17344 98.8266 
-50000 -96000 0 0.00437792 0 2.42261e-248 2.146e-172 1.53433e-102 4.21238e-42 8.52077e-11 1.31154 98.6885 
-48000 -96000 0 0.00448358 0 3.86618e-244 1.93007e-169 9.22149e-101 2.41705e-41 1.43959e-10 1.45944 98.5406 
-46000 -96000 0 0.00458911 2.17797e-316 4.19192e-240 1.31469e-166 4.68737e-99 1.29125e-40 2.3806e-10 1.61687 98.3831 
-44000 -96000 0 0.00469427 2.18201e-311 3.08214e-236 6.78243e-164 2.01519e-97 6.42257e-40 3.85316e-10 1.78338 98.2166 
-42000 -96000 0 0.00479878 1.31853e-306 1.53419e-232 2.65007e-161 7.32774e-96 2.97427e-39 6.1042e-10 1.95836 98.0416 
-40000 -96000 0 0.00490234 4.78722e-302 5.16275e-229 7.84242e-159 2.25375e-94 1.28242e-38 9.46497e-10 2.14101 97.859 
-38000 -96000 0 0.00500464 1.04464e-297 1.17314e-225 1.7578e-156 5.86317e-93 5.14827e-38 1.43644e-09 2.33036 97.6696 
-36000 -96000 0 0.00510533 1.37037e-293 1.79834e-222 2.98421e-154 1.29023e-91 1.92433e-37 2.13372e-09 2.52524 97.4748 
-34000 -96000 0 0.00520404 1.08083e-289 1.85827e-219 3.83741e-152 2.4017e-90 6.69717e-37 3.10217e-09 2.72435 97.2757 
-32000 -96000 0 0.00530039 5.12551e-286 1.2936e-216 3.73775e-150 3.78187e-89 2.1702e-36 4.41445e-09 2.92619 97.0738 
-30000 -96000 0 0.00539397 1.4613e-282 6.06358e-214 2.75778e-148 5.03779e-88 6.54808e-36 6.14851e-09 3.12915 96.8708 
-28000 -96000 0 0.00548437 2.50414e-279 1.91309e-211 1.54135e-146 5.67723e-87 1.83966e-35 8.38206e-09 3.33149 96.6685 
-26000 -96000 0 0.00557114 2.57833e-276 4.06153e-209 6.52606e-145 5.41266e-86 4.81262e-35 1.11846e-08 3.53135 96.4687 
-24000 -96000 0 0.00565384 1.59427e-273 5.80087e-207 2.09326e-143 4.36593e-85 1.17233e-34 1.46079e-08 3.72682 96.2732 
-22000 -96000 0 0.00573202 5.91649e-271 5.57275e-205 5.0867e-142 2.97954e-84 2.65921e-34 1.86746e-08 3.91596 96.084 
-20000 -96000 0 0.00580525 1.3169e-268 3.60049e-203 9.36491e-141 1.72045e-83 5.6169e-34 2.3368e-08 4.09679 95.9032 
-18000 -96000 0 0.00587308 1.75677e-266 1.56432e-201 1.30629e-139 8.40565e-83 1.10481e-33 2.86219e-08 4.26738 95.7326 
-16000 -96000 0 0.0059351 1.40353e-264 4.57015e-200 1.38059e-138 3.47494e-82 2.02366e-33 3.43156e-08 4.42584 95.5742 
-14000 -96000 0 0.00599089 6.71055e-263 8.97745e-199 1.10557e-137 1.21558e-81 3.45182e-33 4.02719e-08 4.57039 95.4296 
-12000 -96000 0 0.00604008 1.91878e-261 1.1857e-197 6.70837e-137 3.59827e-81 5.48314e-33 4.62634e-08 4.69937 95.3006 
-10000 -96000 0 0.00608234 3.27906e-260 1.0529e-196 3.08441e-136 9.01331e-81 8.11122e-33 5.20237e-08 4.81125 95.1887 
-8000 -96000 0 0.00611737 3.34728e-259 6.28609e-196 1.07463e-135 1.91058e-80 1.11744e-32 5.72661e-08 4.90472 95.0953 
-6000 -96000 0 0.0061449 2.04009e-258 2.52318e-195 2.8372e-135 3.42726e-80 1.43367e-32 6.17063e-08 4.97865 95.0214 
-4000 -96000 0 0.00616474 7.42105e-258 6.80908e-195 5.67634e-135 5.20273e-80 1.71301e-32 6.50879e-08 5.03214 94.9679 
-2000 -96000 0 0.00617674 1.61073e-257 1.23538e-194 8.60597e-135 6.68382e-80 1.90619e-32 6.72065e-08 5.06454 94.9355 
0 -96000 0 0.00618081 2.08571e-257 1.50688e-194 9.88753e-135 7.26658e-80 1.97544e-32 6.79305e-08 5.07545 94.9246 
2000 -96000 0 0.00617692 1.61115e-257 1.23574e-194 8.6086e-135 6.68571e-80 1.90658e-32 6.72141e-08 5.06474 94.9353 
4000 -96000 0 0.00616509 7.42486e-258 6.81309e-195 5.6798e-135 5.20566e-80 1.71373e-32 6.51025e-08 5.03254 94.9675 
6000 -96000 0 0.00614542 2.04166e-258 2.52541e-195 2.8398e-135 3.43015e-80 1.43456e-32 6.17272e-08 4.97925 95.0208 
8000 -96000 0 0.00611805 3.35071e-259 6.29349e-196 1.07594e-135 1.91274e-80 1.11837e-32 5.72919e-08 4.90551 95.0945 
10000 -96000 0 0.00608319 3.28327e-260 1.05445e-196 3.08911e-136 9.02602e-81 8.11968e-33 5.20531e-08 4.81222 95.1878 
12000 -96000 0 0.00604109 1.92173e-261 1.1878e-197 6.72065e-137 3.60436e-81 5.49001e-33 4.62948e-08 4.7005 95.2995 
14000 -96000 0 0.00599205 6.7226e-263 8.99597e-199 1.10793e-137 1.21798e-81 3.45687e-33 4.03038e-08 4.57168 95.4283 
16000 -96000 0 0.0059364 1.40641e-264 4.58093e-200 1.38396e-138 3.48279e-82 2.02704e-33 3.43466e-08 4.42727 95.5727 
18000 -96000 0 0.00587453 1.76083e-266 1.56847e-201 1.30989e-139 8.42702e-83 1.10689e-33 2.86511e-08 4.26892 95.7311 
20000 -96000 0 0.00580683 1.32029e-268 3.61112e-203 9.39356e-141 1.72532e-83 5.62865e-34 2.33945e-08 4.09844 95.9016 
22000 -96000 0 0.00573373 5.93321e-271 5.59085e-205 5.10383e-142 2.98881e-84 2.66534e-34 1.8698e-08 3.9177 96.0823 
24000 -96000 0 0.00565566 1.59918e-273 5.82144e-207 2.10096e-143 4.38076e-85 1.17528e-34 1.46278e-08 3.72864 96.2714 
26000 -96000 0 0.00557307 2.58694e-276 4.07715e-209 6.55206e-145 5.4326e-86 4.82574e-35 1.12012e-08 3.53322 96.4668 
28000 -96000 0 0.0054864 2.51316e-279 1.92102e-211 1.54797e-146 5.69977e-87 1.84507e-35 8.39543e-09 3.33339 96.6666 
30000 -96000 0 0.00539611 1.46693e-282 6.09052e-214 2.77048e-148 5.05924e-88 6.56871e-36 6.15904e-09 3.13107 96.8689 
32000 -96000 0 0.00530261 5.14661e-286 1.29973e-216 3.75612e-150 3.79905e-89 2.1775e-36 4.42252e-09 2.92811 97.0719 
34000 -96000 0 0.00520634 1.08556e-289 1.86764e-219 3.85747e-152 2.41331e-90 6.72113e-37 3.10821e-09 2.72625 97.2737 
36000 -96000 0 0.0051077 1.37672e-293 1.80794e-222 3.00074e-154 1.29684e-91 1.93163e-37 2.13812e-09 2.52712 97.4729 
38000 -96000 0 0.00500707 1.04976e-297 1.17976e-225 1.76809e-156 5.8949e-93 5.1689e-38 1.43958e-09 2.33219 97.6678 
40000 -96000 0 0.00490483 4.81191e-302 5.19342e-229 7.89077e-159 2.26659e-94 1.28783e-38 9.48673e-10 2.14279 97.8572 
42000 -96000 0 0.00480131 1.32567e-306 1.54376e-232 2.66724e-161 7.37163e-96 2.98747e-39 6.11895e-10 1.96007 98.0399 
44000 -96000 0 0.00469685 2.1944e-311 3.10229e-236 6.8285e-164 2.02784e-97 6.45246e-40 3.86293e-10 1.78502 98.215 
46000 -96000 0 0.00459172 2.19072e-316 4.22058e-240 1.32404e-166 4.71818e-99 1.29754e-40 2.38692e-10 1.61842 98.3816 
48000 -96000 0 0.00448622 0 3.89376e-244 1.9444e-169 9.28478e-101 2.42935e-41 1.44359e-10 1.46091 98.5391 
50000 -96000 0 0.00438058 0 2.44062e-248 2.1626e-172 1.54531e-102 4.23473e-42 8.54542e-11 1.31291 98.6871 
52000 -96000 0 0.00427504 0 1.04154e-252 1.8217e-175 2.1752e-104 6.87271e-43 4.95124e-11 1.17473 98.8253 
54000 -96000 0 0.0041698 0 3.03285e-257 1.16224e-178 2.58946e-106 1.03847e-43 2.80794e-11 1.04647 98.9535 
56000 -96000 0 0.00406505 0 6.03912e-262 5.61613e-182 2.60699e-108 1.46091e-44 1.55868e-11 0.928142 99.0719 
58000 -96000 0 0.00396096 0 8.23948e-267 2.05553e-185 2.21964e-110 1.91344e-45 8.46899e-12 0.819597 99.1804 
60000 -96000 0 0.00385769 0 7.71463e-272 5.69874e-189 1.59819e-112 2.33327e-46 4.50415e-12 0.720595 99.2794 
62000 -96000 0 0.00375537 0 4.96206e-277 1.19684e-192 9.73134e-115 2.64895e-47 2.3448e-12 0.630802 99.3692 
64000 -96000 0 0.00365413 0 2.19329e-282 1.90433e-196 5.01081e-117 2.79988e-48 1.19486e-12 0.549807 99.4502 
66000 -96000 0 0.00355406 0 6.66015e-288 2.29593e-200 2.18187e-119 2.75525e-49 5.96005e-13 0.477144 99.5229 
68000 -96000 0 0.00345528 0 1.38815e-293 2.09781e-204 8.03396e-122 2.52429e-50 2.91013e-13 0.412303 99.5877 
70000 -96000 0 0.00335787 0 1.98325e-299 1.45303e-208 2.50153e-124 2.15312e-51 1.39094e-13 0.354745 99.6453 
72000 -96000 0 0.0032619 0 1.93923e-305 7.63173e-213 6.58645e-127 1.70982e-52 6.50791e-14 0.303917 99.6961 
74000 -96000 0 0.00316744 0 1.29562e-311 3.04083e-217 1.46643e-129 1.2641e-53 2.9807e-14 0.259262 99.7407 
76000 -96000 0 0.00307455 0 5.62444e-318 9.19642e-222 2.76081e-132 8.70078e-55 1.33642e-14 0.220227 99.7798 
78000 -96000 0 0.00298329 0 0 2.11255e-226 4.3951e-135 5.57545e-56 5.86569e-15 0.186277 99.8137 
80000 -96000 0 0.0028937 0 0 3.68929e-231 5.9164e-138 3.32617e-57 2.5203e-15 0.156894 99.8431 
82000 -96000 0 0.00280581 0 0 4.90366e-236 6.7344e-141 1.84734e-58 1.06009e-15 0.131588 99.8684 
84000 -96000 0 0.00271966 0 0 4.96763e-241 6.48176e-144 9.5518e-60 4.36514e-16 0.109899 99.8901 
86000 -96000 0 0.00263528 0 0 3.84219e-246 5.27519e-147 4.59786e-61 1.75962e-16 0.0914001 99.9086 
88000 -96000 0 0.00255268 0 0 2.27354e-251 3.63023e-150 2.06041e-62 6.94397e-17 0.0756962 99.9243 
90000 -96000 0 0.00247189 0 0 1.03169e-256 2.11243e-153 8.59558e-64 2.68267e-17 0.0624283 99.9376 
92000 -96000 0 0.00239292 0 0 3.59949e-262 1.0394e-156 3.33824e-65 1.01461e-17 0.0512709 99.9487 
94000 -96000 0 0.00231577 0 0 9.68159e-268 4.3246e-160 1.20691e-66 3.75671e-18 0.041932 99.9581 
96000 -96000 0 0.00224044 0 0 2.01265e-273 1.5215e-163 4.06202e-68 1.36173e-18 0.0341515 99.9658 
98000 -96000 0 0.00216694 0 0 3.24058e-279 4.5266e-167 1.27267e-69 4.83228e-19 0.027699 99.9723 
100000 -96000 0 0.00209527 0 0 4.04702e-285 1.13883e-170 3.71185e-71 1.67877e-19 0.0223723 99.9776 
-100000 -94000 0 0.00216183 0 0 1.84217e-279 3.19294e-167 1.09172e-69 4.60342e-19 0.0274022 99.9726 
-98000 -94000 0 0.0022367 0 0 1.50581e-273 1.26922e-163 3.74324e-68 1.32541e-18 0.0339332 99.9661 
-96000 -94000 0 0.00231353 0 0 9.54152e-268 4.26628e-160 1.19478e-66 3.73592e-18 0.0418463 99.9582 
-94000 -94000 0 0.00239233 0 0 4.67643e-262 1.21261e-156 3.55004e-65 1.03092e-17 0.0513903 99.9486 
-92000 -94000 0 0.00247312 0 0 1.76811e-256 2.91439e-153 9.81954e-64 2.78501e-17 0.0628482 99.9372 
-90000 -94000 0 0.0025559 0 0 5.14249e-251 5.92271e-150 2.52852e-62 7.36556e-17 0.0765404 99.9235 
-88000 -94000 0 0.00264066 0 0 1.14742e-245 1.01774e-146 6.06124e-61 1.90703e-16 0.0928261 99.9072 
-86000 -94000 0 0.0027274 0 0 1.95918e-240 1.47876e-143 1.35264e-59 4.83371e-16 0.112106 99.8879 
-84000 -94000 0 0.00281611 0 0 2.55443e-235 1.81678e-140 2.81015e-58 1.19942e-15 0.134822 99.8652 
-82000 -94000 0 0.00290678 0 0 2.53866e-230 1.88733e-137 5.43514e-57 2.91359e-15 0.16146 99.8385 
-80000 -94000 0 0.00299938 0 0 1.92029e-225 1.65783e-134 9.78649e-56 6.9286e-15 0.192547 99.8075 
-78000 -94000 0 0.0030939 0 1.94183e-316 1.10427e-220 1.23133e-131 1.64052e-54 1.61295e-14 0.228648 99.7714 
-76000 -94000 0 0.00319031 0 6.29856e-310 4.8232e-216 7.73322e-129 2.56022e-53 3.67579e-14 0.270368 99.7296 
-74000 -94000 0 0.00328856 0 1.39561e-303 1.59894e-211 4.10673e-126 3.71977e-52 8.20029e-14 0.318343 99.6817 
-72000 -94000 0 0.00338862 0 2.11548e-297 4.02094e-207 1.84411e-123 5.03154e-51 1.79082e-13 0.373232 99.6268 
-70000 -94000 0 0.00349043 0 2.19783e-291 7.66724e-203 7.00223e-121 6.33625e-50 3.82837e-13 0.435715 99.5643 
-68000 -94000 0 0.00359395 0 1.56782e-285 1.10822e-198 2.24827e-118 7.4287e-49 8.01141e-13 0.506475 99.4935 
-66000 -94000 0 0.00369909 0 7.69017e-280 1.21388e-194 6.10418e-116 8.10855e-48 1.64109e-12 0.586194 99.4138 
-64000 -94000 0 0.00380579 0 2.59596e-274 1.00743e-190 1.40145e-113 8.23994e-47 3.29061e-12 0.67553 99.3245 
-62000 -94000 0 0.00391394 0 6.03178e-269 6.33394e-187 2.72086e-111 7.79573e-46 6.45858e-12 0.775108 99.2249 
-60000 -94000 0 0.00402346 0 9.64031e-264 3.01656e-183 4.46702e-109 6.8666e-45 1.24082e-11 0.885497 99.1145 
-58000 -94000 0 0.00413422 0 1.05833e-258 1.08816e-179 6.20182e-107 5.63093e-44 2.33337e-11 1.0072 98.9928 
-56000 -94000 0 0.0042461 0 7.96472e-254 2.97301e-176 7.28144e-105 4.29905e-43 4.29494e-11 1.14061 98.8594 
-54000 -94000 0 0.00435893 0 4.09931e-249 6.15177e-173 7.22969e-103 3.05576e-42 7.7379e-11 1.28602 98.714 
-52000 -94000 0 0.00447255 0 1.43933e-244 9.64043e-170 6.07063e-101 2.0222e-41 1.36451e-10 1.44359 98.5564 
-50000 -94000 0 0.00458677 1.67821e-316 3.43923e-240 1.14414e-166 4.31092e-99 1.2459e-40 2.35513e-10 1.61332 98.3867 
-48000 -94000 0 0.00470137 4.7026e-311 5.58011e-236 1.02836e-163 2.58903e-97 7.14668e-40 3.97861e-10 1.79503 98.205 
-46000 -94000 0 0.00481611 7.91538e-306 6.13549e-232 7.00003e-161 1.31506e-95 3.81668e-39 6.57846e-10 1.98837 98.0116 
-44000 -94000 0 0.00493073 8.01043e-301 4.5641e-228 3.60865e-158 5.64944e-94 1.89772e-38 1.06461e-09 2.19276 97.8072 
-42000 -94000 0 0.00504493 4.87644e-296 2.29382e-224 1.40893e-155 2.05273e-92 8.78511e-38 1.68627e-09 2.40744 97.5926 
-40000 -94000 0 0.00515838 1.78651e-291 7.77987e-221 4.1662e-153 6.30862e-91 3.78647e-37 2.61417e-09 2.63139 97.3686 
-38000 -94000 0 0.00527073 3.94015e-287 1.77912e-217 9.33064e-151 1.63994e-89 1.51949e-36 3.96653e-09 2.86342 97.1366 
-36000 -94000 0 0.00538159 5.23263e-283 2.74124e-214 1.58276e-148 3.60603e-88 5.67735e-36 5.89059e-09 3.10209 96.8979 
-34000 -94000 0 0.00549055 4.1845e-279 2.8442e-211 2.0336e-146 6.70735e-87 1.97507e-35 8.56209e-09 3.34576 96.6542 
-32000 -94000 0 0.00559717 2.01472e-275 1.98636e-208 1.97916e-144 1.05538e-85 6.39757e-35 1.21808e-08 3.59261 96.4074 
-30000 -94000 0 0.00570098 5.83813e-272 9.3346e-206 1.45907e-142 1.40482e-84 1.92953e-34 1.6961e-08 3.84066 96.1593 
-28000 -94000 0 0.00580149 1.01759e-268 2.95098e-203 8.14832e-141 1.58198e-83 5.41875e-34 2.3116e-08 4.08775 95.9122 
-26000 -94000 0 0.00589819 1.06607e-265 6.27461e-201 3.44728e-139 1.50719e-82 1.417e-33 3.08362e-08 4.33165 95.6683 
-24000 -94000 0 0.00599056 6.70711e-263 8.97216e-199 1.10489e-137 1.2149e-81 3.45038e-33 4.02628e-08 4.57003 95.43 
-22000 -94000 0 0.00607806 2.53158e-260 8.62689e-197 2.68297e-136 8.28573e-81 7.82357e-33 5.14574e-08 4.80051 95.1995 
-20000 -94000 0 0.00616018 5.72686e-258 5.57733e-195 4.93609e-135 4.78144e-80 1.65193e-32 6.43724e-08 5.02071 94.9793 
-18000 -94000 0 0.00623638 7.75654e-256 2.42433e-193 6.88083e-134 2.33475e-79 3.24814e-32 7.88252e-08 5.22831 94.7717 
-16000 -94000 0 0.00630617 6.28384e-254 7.08496e-192 7.26784e-133 9.64691e-79 5.94764e-32 9.44825e-08 5.42104 94.579 
-14000 -94000 0 0.00636904 3.04225e-252 1.39204e-190 5.81691e-132 3.37302e-78 1.01422e-31 1.10857e-07 5.59674 94.4033 
-12000 -94000 0 0.00642456 8.79477e-251 1.83881e-189 3.52791e-131 9.98035e-78 1.61064e-31 1.27325e-07 5.75343 94.2466 
-10000 -94000 0 0.00647231 1.51707e-249 1.63299e-188 1.62141e-130 2.49908e-77 2.38209e-31 1.43153e-07 5.88929 94.1107 
-8000 -94000 0 0.00651191 1.56055e-248 9.74976e-188 5.64719e-130 5.29579e-77 3.28107e-31 1.57555e-07 6.00275 93.9973 
-6000 -94000 0 0.00654308 9.56823e-248 3.91355e-187 1.49055e-129 9.49747e-77 4.20896e-31 1.69751e-07 6.09245 93.9075 
-4000 -94000 0 0.00656555 3.49543e-247 1.05612e-186 2.98153e-129 1.44151e-76 5.02852e-31 1.79038e-07 6.15734 93.8427 
-2000 -94000 0 0.00657914 7.60624e-247 1.91613e-186 4.5198e-129 1.85168e-76 5.59522e-31 1.84856e-07 6.19664 93.8034 
0 -94000 0 0.00658375 9.85761e-247 2.33724e-186 5.19265e-129 2.01306e-76 5.79837e-31 1.86844e-07 6.20987 93.7901 
2000 -94000 0 0.00657933 7.60819e-247 1.91669e-186 4.52117e-129 1.8522e-76 5.59638e-31 1.84877e-07 6.19688 93.8031 
4000 -94000 0 0.00656593 3.49722e-247 1.05674e-186 2.98334e-129 1.44232e-76 5.03061e-31 1.79078e-07 6.15783 93.8422 
6000 -94000 0 0.00654364 9.57559e-248 3.91699e-187 1.4919e-129 9.50547e-77 4.21158e-31 1.69808e-07 6.09317 93.9068 
8000 -94000 0 0.00651266 1.56215e-248 9.76121e-188 5.65406e-130 5.30174e-77 3.28379e-31 1.57625e-07 6.00369 93.9963 
10000 -94000 0 0.00647323 1.51902e-249 1.63538e-188 1.62388e-130 2.50259e-77 2.38457e-31 1.43233e-07 5.89046 94.1095 
12000 -94000 0 0.00642566 8.8083e-251 1.84205e-189 3.53435e-131 9.99719e-78 1.61265e-31 1.2741e-07 5.7548 94.2452 
14000 -94000 0 0.00637031 3.04771e-252 1.39491e-190 5.82931e-132 3.37967e-78 1.01569e-31 1.10945e-07 5.5983 94.4017 
