#EAST NORTH ELEV Kg/m^2 [-4.5->-3.375) [-3.375->-2.25) [-2.25->-1.125) [-1.125->0) [0->1.125) [1.125->2.25) [2.25->3.375) [3.375->4.5) (percent)
-100000 -100000 0 0.0019605 0 0 0 0 0 2.05788e-20 0.0146313 99.9854 
-98000 -100000 0 0.00202604 0 0 0 0 0 5.92288e-20 0.0181104 99.9819 
-96000 -100000 0 0.00209316 0 0 0 0 0 1.66886e-19 0.0223235 99.9777 
-94000 -100000 0 0.00216183 0 0 0 0 0 4.60342e-19 0.0274022 99.9726 
-92000 -100000 0 0.00223206 0 0 0 0 0 1.24313e-18 0.0334963 99.9665 
-90000 -100000 0 0.00230383 0 0 0 0 0 3.28641e-18 0.0407749 99.9592 
-88000 -100000 0 0.00237713 0 0 0 0 0 8.50549e-18 0.0494279 99.9506 
-86000 -100000 0 0.00245192 0 0 0 0 0 2.155e-17 0.0596666 99.9403 
-84000 -100000 0 0.0025282 0 0 0 0 0 5.34518e-17 0.0717245 99.9283 
-82000 -100000 0 0.00260592 0 0 0 0 0 1.29791e-16 0.0858575 99.9141 
-80000 -100000 0 0.00268504 0 0 0 0 0 3.08524e-16 0.102343 99.8977 
-78000 -100000 0 0.00276553 0 0 0 0 0 7.17952e-16 0.121481 99.8785 
-76000 -100000 0 0.00284734 0 0 0 0 0 1.63554e-15 0.143589 99.8564 
-74000 -100000 0 0.00293041 0 0 0 0 0 3.64737e-15 0.169003 99.831 
-72000 -100000 0 0.00301467 0 0 0 0 0 7.96255e-15 0.198071 99.8019 
-70000 -100000 0 0.00310006 0 0 0 0 0 1.70166e-14 0.231154 99.7688 
-68000 -100000 0 0.0031865 0 0 0 0 0 3.55991e-14 0.268614 99.7314 
-66000 -100000 0 0.00327391 0 0 0 0 0 7.29031e-14 0.310813 99.6892 
-64000 -100000 0 0.00336218 0 0 0 0 0 1.46147e-13 0.358102 99.6419 
-62000 -100000 0 0.00345123 0 0 0 0 0 2.86792e-13 0.410816 99.5892 
-60000 -100000 0 0.00354092 0 0 0 0 0 5.50899e-13 0.469264 99.5307 
-58000 -100000 0 0.00363114 0 0 0 0 0 1.03586e-12 0.533718 99.4663 
-56000 -100000 0 0.00372175 0 0 0 0 0 1.90657e-12 0.604401 99.3956 
-54000 -100000 0 0.0038126 0 0 0 0 0 3.43494e-12 0.681482 99.3185 
-52000 -100000 0 0.00390353 0 0 0 0 0 6.05757e-12 0.765057 99.2349 
-50000 -100000 0 0.00399437 0 0 0 0 0 1.04565e-11 0.855147 99.1449 
-48000 -100000 0 0.00408492 0 0 0 0 0 1.76676e-11 0.951681 99.0483 
-46000 -100000 0 0.004175 0 0 0 0 0 2.92195e-11 1.05449 98.9455 
-44000 -100000 0 0.00426437 0 0 0 0 0 4.73004e-11 1.1633 98.8367 
-42000 -100000 0 0.0043528 0 0 0 0 0 7.49471e-11 1.27771 98.7223 
-40000 -100000 0 0.00444006 0 0 0 0 0 1.16236e-10 1.39723 98.6028 
-38000 -100000 0 0.00452588 0 0 0 0 0 1.76448e-10 1.52124 98.4788 
-36000 -100000 0 0.00460997 0 0 0 0 0 2.62171e-10 1.64898 98.351 
-34000 -100000 0 0.00469207 0 0 0 0 0 3.81281e-10 1.77962 98.2204 
-32000 -100000 0 0.00477185 0 0 0 0 0 5.42748e-10 1.91217 98.0878 
-30000 -100000 0 0.00484902 0 0 0 0 0 7.56209e-10 2.0456 97.9544 
-28000 -100000 0 0.00492326 0 0 0 0 0 1.03129e-09 2.17874 97.8213 
-26000 -100000 0 0.00499423 0 0 0 0 0 1.37661e-09 2.31039 97.6896 
-24000 -100000 0 0.00506163 0 0 0 0 0 1.79862e-09 2.43929 97.5607 
-22000 -100000 0 0.00512511 0 0 0 0 0 2.3002e-09 2.56413 97.4359 
-20000 -100000 0 0.00518437 0 0 0 0 0 2.87934e-09 2.68361 97.3164 
-18000 -100000 0 0.00523908 0 0 0 0 0 3.52795e-09 2.79643 97.2036 
-16000 -100000 0 0.00528896 0 0 0 0 0 4.23115e-09 2.90133 97.0987 
-14000 -100000 0 0.00533371 0 0 0 0 0 4.96711e-09 2.99709 97.0029 
-12000 -100000 0 0.00537308 0 0 0 0 0 5.70768e-09 3.0826 96.9174 
-10000 -100000 0 0.00540684 0 0 0 0 0 6.41992e-09 3.15684 96.8432 
-8000 -100000 0 0.00543476 0 0 0 0 0 7.0683e-09 3.21888 96.7811 
-6000 -100000 0 0.00545668 0 0 0 0 0 7.6176e-09 3.26798 96.732 
-4000 -100000 0 0.00547246 0 0 0 0 0 8.03601e-09 3.30352 96.6965 
-2000 -100000 0 0.005482 0 0 0 0 0 8.29819e-09 3.32505 96.675 
0 -100000 0 0.00548524 0 0 0 0 0 8.38779e-09 3.3323 96.6677 
2000 -100000 0 0.00548215 0 0 0 0 0 8.29914e-09 3.32518 96.6748 
4000 -100000 0 0.00547276 0 0 0 0 0 8.03784e-09 3.30379 96.6962 
6000 -100000 0 0.00545712 0 0 0 0 0 7.6202e-09 3.26838 96.7316 
8000 -100000 0 0.00543533 0 0 0 0 0 7.07152e-09 3.21941 96.7806 
10000 -100000 0 0.00540755 0 0 0 0 0 6.42358e-09 3.15748 96.8425 
12000 -100000 0 0.00537393 0 0 0 0 0 5.71159e-09 3.08336 96.9166 
14000 -100000 0 0.00533469 0 0 0 0 0 4.97108e-09 2.99795 97.002 
16000 -100000 0 0.00529006 0 0 0 0 0 4.23502e-09 2.90228 97.0977 
18000 -100000 0 0.00524031 0 0 0 0 0 3.53158e-09 2.79747 97.2025 
20000 -100000 0 0.00518571 0 0 0 0 0 2.88263e-09 2.68472 97.3153 
22000 -100000 0 0.00512657 0 0 0 0 0 2.3031e-09 2.5653 97.4347 
24000 -100000 0 0.00506319 0 0 0 0 0 1.80109e-09 2.4405 97.5595 
26000 -100000 0 0.00499589 0 0 0 0 0 1.37866e-09 2.31164 97.6884 
28000 -100000 0 0.00492501 0 0 0 0 0 1.03294e-09 2.18 97.82 
30000 -100000 0 0.00485086 0 0 0 0 0 7.57514e-10 2.04687 97.9531 
32000 -100000 0 0.00477377 0 0 0 0 0 5.43747e-10 1.91345 98.0866 
34000 -100000 0 0.00469406 0 0 0 0 0 3.82028e-10 1.78088 98.2191 
36000 -100000 0 0.00461203 0 0 0 0 0 2.62716e-10 1.65023 98.3498 
38000 -100000 0 0.00452799 0 0 0 0 0 1.76835e-10 1.52245 98.4776 
40000 -100000 0 0.00444223 0 0 0 0 0 1.16504e-10 1.39841 98.6016 
42000 -100000 0 0.00435502 0 0 0 0 0 7.51292e-11 1.27884 98.7212 
44000 -100000 0 0.00426663 0 0 0 0 0 4.7421e-11 1.16437 98.8356 
46000 -100000 0 0.00417729 0 0 0 0 0 2.92974e-11 1.05551 98.9445 
48000 -100000 0 0.00408725 0 0 0 0 0 1.77169e-11 0.952647 99.0474 
50000 -100000 0 0.00399672 0 0 0 0 0 1.04869e-11 0.856053 99.1439 
52000 -100000 0 0.0039059 0 0 0 0 0 6.07589e-12 0.765902 99.2341 
54000 -100000 0 0.00381499 0 0 0 0 0 3.44575e-12 0.682264 99.3177 
56000 -100000 0 0.00372415 0 0 0 0 0 1.91279e-12 0.605122 99.3949 
58000 -100000 0 0.00363355 0 0 0 0 0 1.03937e-12 0.534378 99.4656 
60000 -100000 0 0.00354334 0 0 0 0 0 5.5283e-13 0.469866 99.5301 
62000 -100000 0 0.00345364 0 0 0 0 0 2.87832e-13 0.411361 99.5886 
64000 -100000 0 0.0033646 0 0 0 0 0 1.46694e-13 0.358593 99.6414 
66000 -100000 0 0.00327632 0 0 0 0 0 7.3185e-14 0.311253 99.6887 
68000 -100000 0 0.0031889 0 0 0 0 0 3.57411e-14 0.269007 99.731 
70000 -100000 0 0.00310245 0 0 0 0 0 1.70865e-14 0.231502 99.7685 
72000 -100000 0 0.00301704 0 0 0 0 0 7.99624e-15 0.198379 99.8016 
74000 -100000 0 0.00293276 0 0 0 0 0 3.66324e-15 0.169273 99.8307 
76000 -100000 0 0.00284967 0 0 0 0 0 1.64285e-15 0.143825 99.8562 
78000 -100000 0 0.00276784 0 0 0 0 0 7.21251e-16 0.121686 99.8783 
80000 -100000 0 0.00268733 0 0 0 0 0 3.09979e-16 0.102521 99.8975 
82000 -100000 0 0.00260817 0 0 0 0 0 1.30419e-16 0.0860102 99.914 
84000 -100000 0 0.00253043 0 0 0 0 0 5.3717e-17 0.0718553 99.9281 
86000 -100000 0 0.00245412 0 0 0 0 0 2.16595e-17 0.0597781 99.9402 
88000 -100000 0 0.00237929 0 0 0 0 0 8.54978e-18 0.0495226 99.9505 
90000 -100000 0 0.00230596 0 0 0 0 0 3.30392e-18 0.0408549 99.9591 
92000 -100000 0 0.00223416 0 0 0 0 0 1.2499e-18 0.0335635 99.9664 
94000 -100000 0 0.00216389 0 0 0 0 0 4.62908e-19 0.0274585 99.9725 
96000 -100000 0 0.00209518 0 0 0 0 0 1.67837e-19 0.0223703 99.9776 
98000 -100000 0 0.00202804 0 0 0 0 0 5.95736e-20 0.0181492 99.9819 
100000 -100000 0 0.00196245 0 0 0 0 0 2.07012e-20 0.0146634 99.9853 
-100000 -98000 0 0.00202604 0 0 0 0 0 5.92288e-20 0.0181104 99.9819 
-98000 -98000 0 0.00209457 0 0 0 0 0 1.70489e-19 0.02242 99.9776 
-96000 -98000 0 0.00216479 0 0 0 0 0 4.80435e-19 0.0276398 99.9724 
-94000 -98000 0 0.0022367 0 0 0 0 0 1.32541e-18 0.0339332 99.9661 
-92000 -98000 0 0.00231029 0 0 0 0 0 3.57964e-18 0.0414861 99.9585 
-90000 -98000 0 0.00238556 0 0 0 0 0 9.46459e-18 0.0505087 99.9495 
-88000 -98000 0 0.00246249 0 0 0 0 0 2.44983e-17 0.0612367 99.9388 
-86000 -98000 0 0.00254107 0 0 0 0 0 6.20786e-17 0.0739329 99.9261 
-84000 -98000 0 0.00262128 0 0 0 0 0 1.53998e-16 0.0888874 99.9111 
-82000 -98000 0 0.00270308 0 0 0 0 0 3.73986e-16 0.106418 99.8936 
-80000 -98000 0 0.00278645 0 0 0 0 0 8.89116e-16 0.126871 99.8731 
-78000 -98000 0 0.00287134 0 0 0 0 0 2.06929e-15 0.150617 99.8494 
-76000 -98000 0 0.00295772 0 0 0 0 0 4.71458e-15 0.178052 99.8219 
-74000 -98000 0 0.00304552 0 0 0 0 0 1.05152e-14 0.209594 99.7904 
-72000 -98000 0 0.0031347 0 0 0 0 0 2.29585e-14 0.245676 99.7543 
-70000 -98000 0 0.00322519 0 0 0 0 0 4.90699e-14 0.286745 99.7133 
-68000 -98000 0 0.00331691 0 0 0 0 0 1.02666e-13 0.333251 99.6667 
-66000 -98000 0 0.00340978 0 0 0 0 0 2.10271e-13 0.385643 99.6144 
-64000 -98000 0 0.00350371 0 0 0 0 0 4.21564e-13 0.444358 99.5556 
-62000 -98000 0 0.00359859 0 0 0 0 0 8.27326e-13 0.509811 99.4902 
-60000 -98000 0 0.00369432 0 0 0 0 0 1.58933e-12 0.582382 99.4176 
-58000 -98000 0 0.00379077 0 0 0 0 0 2.98861e-12 0.662407 99.3376 
-56000 -98000 0 0.00388781 0 0 0 0 0 5.50097e-12 0.750161 99.2498 
-54000 -98000 0 0.00398527 0 0 0 0 0 9.91103e-12 0.845849 99.1542 
-52000 -98000 0 0.00408299 0 0 0 0 0 1.74785e-11 0.949586 99.0504 
-50000 -98000 0 0.0041808 0 0 0 0 0 3.01711e-11 1.06139 98.9386 
-48000 -98000 0 0.0042785 0 0 0 0 0 5.09773e-11 1.18117 98.8188 
-46000 -98000 0 0.00437586 0 0 0 0 0 8.43056e-11 1.30871 98.6913 
-44000 -98000 0 0.00447266 0 0 0 0 0 1.36467e-10 1.44365 98.5564 
-42000 -98000 0 0.00456864 0 0 0 0 0 2.16216e-10 1.58551 98.4145 
-40000 -98000 0 0.00466354 0 0 0 0 0 3.35302e-10 1.73365 98.2664 
-38000 -98000 0 0.00475706 0 0 0 0 0 5.08946e-10 1.88729 98.1127 
-36000 -98000 0 0.0048489 0 0 0 0 0 7.56123e-10 2.04551 97.9545 
-34000 -98000 0 0.00493873 0 0 0 0 0 1.09951e-09 2.20724 97.7928 
-32000 -98000 0 0.00502622 0 0 0 0 0 1.56492e-09 2.37128 97.6287 
-30000 -98000 0 0.005111 0 0 0 0 0 2.18009e-09 2.53632 97.4637 
-28000 -98000 0 0.00519272 0 0 0 0 0 2.97266e-09 2.70095 97.2991 
-26000 -98000 0 0.005271 0 0 0 0 0 3.96743e-09 2.86366 97.1363 
-24000 -98000 0 0.00534547 0 0 0 0 0 5.18285e-09 3.02289 96.9771 
-22000 -98000 0 0.00541573 0 0 0 0 0 6.62714e-09 3.17704 96.823 
-20000 -98000 0 0.00548142 0 0 0 0 0 8.29441e-09 3.32451 96.6755 
-18000 -98000 0 0.00554217 0 0 0 0 0 1.01613e-08 3.46369 96.5363 
-16000 -98000 0 0.00559762 0 0 0 0 0 1.2185e-08 3.59305 96.4069 
-14000 -98000 0 0.00564744 0 0 0 0 0 1.43025e-08 3.71111 96.2889 
-12000 -98000 0 0.00569132 0 0 0 0 0 1.6433e-08 3.81649 96.1835 
-10000 -98000 0 0.00572897 0 0 0 0 0 1.84816e-08 3.90794 96.0921 
-8000 -98000 0 0.00576015 0 0 0 0 0 2.03463e-08 3.98436 96.0156 
-6000 -98000 0 0.00578464 0 0 0 0 0 2.1926e-08 4.04482 95.9552 
-4000 -98000 0 0.00580228 0 0 0 0 0 2.31291e-08 4.08858 95.9114 
-2000 -98000 0 0.00581295 0 0 0 0 0 2.38829e-08 4.11508 95.8849 
0 -98000 0 0.00581656 0 0 0 0 0 2.41405e-08 4.12401 95.876 
2000 -98000 0 0.0058131 0 0 0 0 0 2.38856e-08 4.11525 95.8848 
4000 -98000 0 0.0058026 0 0 0 0 0 2.31343e-08 4.08891 95.9111 
6000 -98000 0 0.00578511 0 0 0 0 0 2.19334e-08 4.04531 95.9547 
8000 -98000 0 0.00576077 0 0 0 0 0 2.03556e-08 3.98501 96.015 
10000 -98000 0 0.00572975 0 0 0 0 0 1.84921e-08 3.90873 96.0913 
12000 -98000 0 0.00569224 0 0 0 0 0 1.64442e-08 3.81742 96.1826 
14000 -98000 0 0.00564851 0 0 0 0 0 1.43139e-08 3.71217 96.2878 
16000 -98000 0 0.00559882 0 0 0 0 0 1.21961e-08 3.59422 96.4058 
18000 -98000 0 0.0055435 0 0 0 0 0 1.01717e-08 3.46496 96.535 
20000 -98000 0 0.00548288 0 0 0 0 0 8.30386e-09 3.32586 96.6741 
22000 -98000 0 0.0054173 0 0 0 0 0 6.63546e-09 3.17847 96.8215 
24000 -98000 0 0.00534715 0 0 0 0 0 5.18995e-09 3.02437 96.9756 
26000 -98000 0 0.00527279 0 0 0 0 0 3.97333e-09 2.86519 97.1348 
28000 -98000 0 0.00519461 0 0 0 0 0 2.97743e-09 2.70251 97.2975 
30000 -98000 0 0.00511298 0 0 0 0 0 2.18384e-09 2.53789 97.4621 
32000 -98000 0 0.00502828 0 0 0 0 0 1.56779e-09 2.37285 97.6271 
34000 -98000 0 0.00494087 0 0 0 0 0 1.10166e-09 2.20879 97.7912 
36000 -98000 0 0.0048511 0 0 0 0 0 7.57688e-10 2.04704 97.953 
38000 -98000 0 0.00475932 0 0 0 0 0 5.10059e-10 1.88879 98.1112 
40000 -98000 0 0.00466586 0 0 0 0 0 3.36075e-10 1.7351 98.2649 
42000 -98000 0 0.00457101 0 0 0 0 0 2.1674e-10 1.5869 98.4131 
44000 -98000 0 0.00447507 0 0 0 0 0 1.36814e-10 1.44498 98.555 
46000 -98000 0 0.00437831 0 0 0 0 0 8.45299e-11 1.30997 98.69 
48000 -98000 0 0.00428097 0 0 0 0 0 5.1119e-11 1.18237 98.8176 
50000 -98000 0 0.0041833 0 0 0 0 0 3.02586e-11 1.06251 98.9375 
52000 -98000 0 0.00408552 0 0 0 0 0 1.75313e-11 0.950631 99.0494 
54000 -98000 0 0.0039878 0 0 0 0 0 9.94215e-12 0.846817 99.1532 
56000 -98000 0 0.00389035 0 0 0 0 0 5.51889e-12 0.751053 99.2489 
58000 -98000 0 0.00379333 0 0 0 0 0 2.99871e-12 0.663224 99.3368 
60000 -98000 0 0.00369688 0 0 0 0 0 1.59489e-12 0.583127 99.4169 
62000 -98000 0 0.00360114 0 0 0 0 0 8.30321e-13 0.510486 99.4895 
64000 -98000 0 0.00350625 0 0 0 0 0 4.23141e-13 0.444967 99.555 
66000 -98000 0 0.00341231 0 0 0 0 0 2.11083e-13 0.386188 99.6138 
68000 -98000 0 0.00331943 0 0 0 0 0 1.03075e-13 0.333737 99.6663 
70000 -98000 0 0.0032277 0 0 0 0 0 4.92713e-14 0.287176 99.7128 
72000 -98000 0 0.00313719 0 0 0 0 0 2.30555e-14 0.246057 99.7539 
74000 -98000 0 0.00304799 0 0 0 0 0 1.05609e-14 0.209928 99.7901 
76000 -98000 0 0.00296016 0 0 0 0 0 4.73565e-15 0.178344 99.8217 
78000 -98000 0 0.00287376 0 0 0 0 0 2.07879e-15 0.150871 99.8491 
80000 -98000 0 0.00278884 0 0 0 0 0 8.93306e-16 0.12709 99.8729 
82000 -98000 0 0.00270544 0 0 0 0 0 3.75794e-16 0.106607 99.8934 
84000 -98000 0 0.00262361 0 0 0 0 0 1.54762e-16 0.0890493 99.911 
86000 -98000 0 0.00254337 0 0 0 0 0 6.23939e-17 0.0740709 99.9259 
88000 -98000 0 0.00246475 0 0 0 0 0 2.46258e-17 0.0613538 99.9386 
90000 -98000 0 0.00238778 0 0 0 0 0 9.51498e-18 0.0506076 99.9494 
92000 -98000 0 0.00231248 0 0 0 0 0 3.59914e-18 0.0415693 99.9584 
94000 -98000 0 0.00223885 0 0 0 0 0 1.33279e-18 0.0340028 99.966 
96000 -98000 0 0.0021669 0 0 0 0 0 4.83171e-19 0.0276977 99.9723 
98000 -98000 0 0.00209664 0 0 0 0 0 1.7148e-19 0.022468 99.9775 
100000 -98000 0 0.00202808 0 0 0 0 0 5.95807e-20 0.01815 99.9819 
-100000 -96000 0 0.00209316 0 0 0 0 0 1.66886e-19 0.0223235 99.9777 
-98000 -96000 0 0.00216479 0 0 0 0 0 4.80435e-19 0.0276398 99.9724 
-96000 -96000 0 0.00223824 0 0 0 0 0 1.35403e-18 0.0340801 99.9659 
-94000 -96000 0 0.00231353 0 0 0 0 0 3.73592e-18 0.0418463 99.9582 
-92000 -96000 0 0.00239064 0 0 0 0 0 1.00912e-17 0.0511685 99.9488 
-90000 -96000 0 0.00246957 0 0 0 0 0 2.66848e-17 0.0623064 99.9377 
-88000 -96000 0 0.00255033 0 0 0 0 0 6.90807e-17 0.0755519 99.9244 
-86000 -96000 0 0.00263288 0 0 0 0 0 1.75074e-16 0.09123 99.9088 
-84000 -96000 0 0.00271723 0 0 0 0 0 4.34363e-16 0.1097 99.8903 
-82000 -96000 0 0.00280334 0 0 0 0 0 1.055e-15 0.131355 99.8686 
-80000 -96000 0 0.0028912 0 0 0 0 0 2.50849e-15 0.156623 99.8434 
-78000 -96000 0 0.00298076 0 0 0 0 0 5.83892e-15 0.185964 99.814 
-76000 -96000 0 0.00307199 0 0 0 0 0 1.33048e-14 0.219868 99.7801 
-74000 -96000 0 0.00316485 0 0 0 0 0 2.96781e-14 0.25885 99.7411 
-72000 -96000 0 0.00325928 0 0 0 0 0 6.48056e-14 0.303448 99.6966 
-70000 -96000 0 0.00335523 0 0 0 0 0 1.38526e-13 0.354214 99.6458 
-68000 -96000 0 0.00345263 0 0 0 0 0 2.8986e-13 0.411704 99.5883 
-66000 -96000 0 0.00355139 0 0 0 0 0 5.93716e-13 0.476472 99.5235 
-64000 -96000 0 0.00365144 0 0 0 0 0 1.19041e-12 0.549058 99.4509 
-62000 -96000 0 0.00375268 0 0 0 0 0 2.33636e-12 0.62997 99.37 
-60000 -96000 0 0.003855 0 0 0 0 0 4.48847e-12 0.719678 99.2803 
-58000 -96000 0 0.00395826 0 0 0 0 0 8.44052e-12 0.81859 99.1814 
-56000 -96000 0 0.00406235 0 0 0 0 0 1.55363e-11 0.927043 99.073 
-54000 -96000 0 0.00416711 0 0 0 0 0 2.79917e-11 1.04528 98.9547 
-52000 -96000 0 0.00427236 0 0 0 0 0 4.93637e-11 1.17344 98.8266 
-50000 -96000 0 0.00437792 0 0 0 0 0 8.52077e-11 1.31154 98.6885 
-48000 -96000 0 0.00448358 0 0 0 0 0 1.43959e-10 1.45944 98.5406 
-46000 -96000 0 0.00458911 0 0 0 0 0 2.3806e-10 1.61687 98.3831 
-44000 -96000 0 0.00469427 0 0 0 0 0 3.85316e-10 1.78338 98.2166 
-42000 -96000 0 0.00479878 0 0 0 0 0 6.1042e-10 1.95836 98.0416 
-40000 -96000 0 0.00490234 0 0 0 0 0 9.46497e-10 2.14101 97.859 
-38000 -96000 0 0.00500464 0 0 0 0 0 1.43644e-09 2.33036 97.6696 
-36000 -96000 0 0.00510533 0 0 0 0 0 2.13372e-09 2.52524 97.4748 
-34000 -96000 0 0.00520404 0 0 0 0 0 3.10217e-09 2.72435 97.2757 
-32000 -96000 0 0.00530039 0 0 0 0 0 4.41445e-09 2.92619 97.0738 
-30000 -96000 0 0.00539397 0 0 0 0 0 6.14851e-09 3.12915 96.8708 
-28000 -96000 0 0.00548437 0 0 0 0 0 8.38206e-09 3.33149 96.6685 
-26000 -96000 0 0.00557114 0 0 0 0 0 1.11846e-08 3.53135 96.4687 
-24000 -96000 0 0.00565384 0 0 0 0 0 1.46079e-08 3.72682 96.2732 
-22000 -96000 0 0.00573202 0 0 0 0 0 1.86746e-08 3.91596 96.084 
-20000 -96000 0 0.00580525 0 0 0 0 0 2.3368e-08 4.09679 95.9032 
-18000 -96000 0 0.00587308 0 0 0 0 0 2.86219e-08 4.26738 95.7326 
-16000 -96000 0 0.0059351 0 0 0 0 0 3.43156e-08 4.42584 95.5742 
-14000 -96000 0 0.00599089 0 0 0 0 0 4.02719e-08 4.57039 95.4296 
-12000 -96000 0 0.00604008 0 0 0 0 0 4.62634e-08 4.69937 95.3006 
-10000 -96000 0 0.00608234 0 0 0 0 0 5.20237e-08 4.81125 95.1887 
-8000 -96000 0 0.00611737 0 0 0 0 0 5.72661e-08 4.90472 95.0953 
-6000 -96000 0 0.0061449 0 0 0 0 0 6.17063e-08 4.97865 95.0214 
-4000 -96000 0 0.00616474 0 0 0 0 0 6.50879e-08 5.03214 94.9679 
-2000 -96000 0 0.00617674 0 0 0 0 0 6.72065e-08 5.06454 94.9355 
0 -96000 0 0.00618081 0 0 0 0 0 6.79305e-08 5.07545 94.9246 
2000 -96000 0 0.00617692 0 0 0 0 0 6.72141e-08 5.06474 94.9353 
4000 -96000 0 0.00616509 0 0 0 0 0 6.51025e-08 5.03254 94.9675 
6000 -96000 0 0.00614542 0 0 0 0 0 6.17272e-08 4.97925 95.0208 
8000 -96000 0 0.00611805 0 0 0 0 0 5.72919e-08 4.90551 95.0945 
10000 -96000 0 0.00608319 0 0 0 0 0 5.20531e-08 4.81222 95.1878 
12000 -96000 0 0.00604109 0 0 0 0 0 4.62948e-08 4.7005 95.2995 
14000 -96000 0 0.00599205 0 0 0 0 0 4.03038e-08 4.57168 95.4283 
16000 -96000 0 0.0059364 0 0 0 0 0 3.43466e-08 4.42727 95.5727 
18000 -96000 0 0.00587453 0 0 0 0 0 2.86511e-08 4.26892 95.7311 
20000 -96000 0 0.00580683 0 0 0 0 0 2.33945e-08 4.09844 95.9016 
22000 -96000 0 0.00573373 0 0 0 0 0 1.8698e-08 3.9177 96.0823 
24000 -96000 0 0.00565566 0 0 0 0 0 1.46278e-08 3.72864 96.2714 
26000 -96000 0 0.00557307 0 0 0 0 0 1.12012e-08 3.53322 96.4668 
28000 -96000 0 0.0054864 0 0 0 0 0 8.39543e-09 3.33339 96.6666 
30000 -96000 0 0.00539611 0 0 0 0 0 6.15904e-09 3.13107 96.8689 
32000 -96000 0 0.00530261 0 0 0 0 0 4.42252e-09 2.92811 97.0719 
34000 -96000 0 0.00520634 0 0 0 0 0 3.10821e-09 2.72625 97.2737 
36000 -96000 0 0.0051077 0 0 0 0 0 2.13812e-09 2.52712 97.4729 
38000 -96000 0 0.00500707 0 0 0 0 0 1.43958e-09 2.33219 97.6678 
40000 -96000 0 0.00490483 0 0 0 0 0 9.48673e-10 2.14279 97.8572 
42000 -96000 0 0.00480131 0 0 0 0 0 6.11895e-10 1.96007 98.0399 
44000 -96000 0 0.00469685 0 0 0 0 0 3.86293e-10 1.78502 98.215 
46000 -96000 0 0.00459172 0 0 0 0 0 2.38692e-10 1.61842 98.3816 
48000 -96000 0 0.00448622 0 0 0 0 0 1.44359e-10 1.46091 98.5391 
50000 -96000 0 0.00438058 0 0 0 0 0 8.54542e-11 1.31291 98.6871 
52000 -96000 0 0.00427504 0 0 0 0 0 4.95124e-11 1.17473 98.8253 
54000 -96000 0 0.0041698 0 0 0 0 0 2.80794e-11 1.04647 98.9535 
56000 -96000 0 0.00406505 0 0 0 0 0 1.55868e-11 0.928142 99.0719 
58000 -96000 0 0.00396096 0 0 0 0 0 8.46899e-12 0.819597 99.1804 
60000 -96000 0 0.00385769 0 0 0 0 0 4.50415e-12 0.720595 99.2794 
62000 -96000 0 0.00375537 0 0 0 0 0 2.3448e-12 0.630802 99.3692 
64000 -96000 0 0.00365413 0 0 0 0 0 1.19486e-12 0.549807 99.4502 
66000 -96000 0 0.00355406 0 0 0 0 0 5.96005e-13 0.477144 99.5229 
68000 -96000 0 0.00345528 0 0 0 0 0 2.91013e-13 0.412303 99.5877 
70000 -96000 0 0.00335787 0 0 0 0 0 1.39094e-13 0.354745 99.6453 
72000 -96000 0 0.0032619 0 0 0 0 0 6.50791e-14 0.303917 99.6961 
74000 -96000 0 0.00316744 0 0 0 0 0 2.9807e-14 0.259262 99.7407 
76000 -96000 0 0.00307455 0 0 0 0 0 1.33642e-14 0.220227 99.7798 
78000 -96000 0 0.00298329 0 0 0 0 0 5.86569e-15 0.186277 99.8137 
80000 -96000 0 0.0028937 0 0 0 0 0 2.5203e-15 0.156894 99.8431 
82000 -96000 0 0.00280581 0 0 0 0 0 1.06009e-15 0.131588 99.8684 
84000 -96000 0 0.00271966 0 0 0 0 0 4.36514e-16 0.109899 99.8901 
86000 -96000 0 0.00263528 0 0 0 0 0 1.75962e-16 0.0914001 99.9086 
88000 -96000 0 0.00255268 0 0 0 0 0 6.94397e-17 0.0756962 99.9243 
90000 -96000 0 0.00247189 0 0 0 0 0 2.68267e-17 0.0624283 99.9376 
92000 -96000 0 0.00239292 0 0 0 0 0 1.01461e-17 0.0512709 99.9487 
94000 -96000 0 0.00231577 0 0 0 0 0 3.75671e-18 0.041932 99.9581 
96000 -96000 0 0.00224044 0 0 0 0 0 1.36173e-18 0.0341515 99.9658 
98000 -96000 0 0.00216694 0 0 0 0 0 4.83228e-19 0.027699 99.9723 
100000 -96000 0 0.00209527 0 0 0 0 0 1.67877e-19 0.0223723 99.9776 
-100000 -94000 0 0.00216183 0 0 0 0 0 4.60342e-19 0.0274022 99.9726 
-98000 -94000 0 0.0022367 0 0 0 0 0 1.32541e-18 0.0339332 99.9661 
-96000 -94000 0 0.00231353 0 0 0 0 0 3.73592e-18 0.0418463 99.9582 
-94000 -94000 0 0.00239233 0 0 0 0 0 1.03092e-17 0.0513903 99.9486 
-92000 -94000 0 0.00247312 0 0 0 0 0 2.78501e-17 0.0628482 99.9372 
-90000 -94000 0 0.0025559 0 0 0 0 0 7.36556e-17 0.0765404 99.9235 
-88000 -94000 0 0.00264066 0 0 0 0 0 1.90703e-16 0.0928261 99.9072 
-86000 -94000 0 0.0027274 0 0 0 0 0 4.83371e-16 0.112106 99.8879 
-84000 -94000 0 0.00281611 0 0 0 0 0 1.19942e-15 0.134822 99.8652 
-82000 -94000 0 0.00290678 0 0 0 0 0 2.91359e-15 0.16146 99.8385 
-80000 -94000 0 0.00299938 0 0 0 0 0 6.9286e-15 0.192547 99.8075 
-78000 -94000 0 0.0030939 0 0 0 0 0 1.61295e-14 0.228648 99.7714 
-76000 -94000 0 0.00319031 0 0 0 0 0 3.67579e-14 0.270368 99.7296 
-74000 -94000 0 0.00328856 0 0 0 0 0 8.20029e-14 0.318343 99.6817 
-72000 -94000 0 0.00338862 0 0 0 0 0 1.79082e-13 0.373232 99.6268 
-70000 -94000 0 0.00349043 0 0 0 0 0 3.82837e-13 0.435715 99.5643 
-68000 -94000 0 0.00359395 0 0 0 0 0 8.01141e-13 0.506475 99.4935 
-66000 -94000 0 0.00369909 0 0 0 0 0 1.64109e-12 0.586194 99.4138 
-64000 -94000 0 0.00380579 0 0 0 0 0 3.29061e-12 0.67553 99.3245 
-62000 -94000 0 0.00391394 0 0 0 0 0 6.45858e-12 0.775108 99.2249 
-60000 -94000 0 0.00402346 0 0 0 0 0 1.24082e-11 0.885497 99.1145 
-58000 -94000 0 0.00413422 0 0 0 0 0 2.33337e-11 1.0072 98.9928 
-56000 -94000 0 0.0042461 0 0 0 0 0 4.29494e-11 1.14061 98.8594 
-54000 -94000 0 0.00435893 0 0 0 0 0 7.7379e-11 1.28602 98.714 
-52000 -94000 0 0.00447255 0 0 0 0 0 1.36451e-10 1.44359 98.5564 
-50000 -94000 0 0.00458677 0 0 0 0 0 2.35513e-10 1.61332 98.3867 
-48000 -94000 0 0.00470137 0 0 0 0 0 3.97861e-10 1.79503 98.205 
-46000 -94000 0 0.00481611 0 0 0 0 0 6.57846e-10 1.98837 98.0116 
-44000 -94000 0 0.00493073 0 0 0 0 0 1.06461e-09 2.19276 97.8072 
-42000 -94000 0 0.00504493 0 0 0 0 0 1.68627e-09 2.40744 97.5926 
-40000 -94000 0 0.00515838 0 0 0 0 0 2.61417e-09 2.63139 97.3686 
-38000 -94000 0 0.00527073 0 0 0 0 0 3.96653e-09 2.86342 97.1366 
-36000 -94000 0 0.00538159 0 0 0 0 0 5.89059e-09 3.10209 96.8979 
-34000 -94000 0 0.00549055 0 0 0 0 0 8.56209e-09 3.34576 96.6542 
-32000 -94000 0 0.00559717 0 0 0 0 0 1.21808e-08 3.59261 96.4074 
-30000 -94000 0 0.00570098 0 0 0 0 0 1.6961e-08 3.84066 96.1593 
-28000 -94000 0 0.00580149 0 0 0 0 0 2.3116e-08 4.08775 95.9122 
-26000 -94000 0 0.00589819 0 0 0 0 0 3.08362e-08 4.33165 95.6683 
-24000 -94000 0 0.00599056 0 0 0 0 0 4.02628e-08 4.57003 95.43 
-22000 -94000 0 0.00607806 0 0 0 0 0 5.14574e-08 4.80051 95.1995 
-20000 -94000 0 0.00616018 0 0 0 0 0 6.43724e-08 5.02071 94.9793 
-18000 -94000 0 0.00623638 0 0 0 0 0 7.88252e-08 5.22831 94.7717 
-16000 -94000 0 0.00630617 0 0 0 0 0 9.44825e-08 5.42104 94.579 
-14000 -94000 0 0.00636904 0 0 0 0 0 1.10857e-07 5.59674 94.4033 
-12000 -94000 0 0.00642456 0 0 0 0 0 1.27325e-07 5.75343 94.2466 
-10000 -94000 0 0.00647231 0 0 0 0 0 1.43153e-07 5.88929 94.1107 
-8000 -94000 0 0.00651191 0 0 0 0 0 1.57555e-07 6.00275 93.9973 
-6000 -94000 0 0.00654308 0 0 0 0 0 1.69751e-07 6.09245 93.9075 
-4000 -94000 0 0.00656555 0 0 0 0 0 1.79038e-07 6.15734 93.8427 
-2000 -94000 0 0.00657914 0 0 0 0 0 1.84856e-07 6.19664 93.8034 
0 -94000 0 0.00658375 0 0 0 0 0 1.86844e-07 6.20987 93.7901 
2000 -94000 0 0.00657933 0 0 0 0 0 1.84877e-07 6.19688 93.8031 
4000 -94000 0 0.00656593 0 0 0 0 0 1.79078e-07 6.15783 93.8422 
6000 -94000 0 0.00654364 0 0 0 0 0 1.69808e-07 6.09317 93.9068 
8000 -94000 0 0.00651266 0 0 0 0 0 1.57625e-07 6.00369 93.9963 
10000 -94000 0 0.00647323 0 0 0 0 0 1.43233e-07 5.89046 94.1095 
12000 -94000 0 0.00642566 0 0 0 0 0 1.2741e-07 5.7548 94.2452 
14000 -94000 0 0.00637031 0 0 0 0 0 1.10945e-07 5.5983 94.4017 
16000 -94000 0 0.00630759 0 0 0 0 0 9.45676e-08 5.42276 94.5772 
18000 -94000 0 0.00623796 0 0 0 0 0 7.89051e-08 5.23019 94.7698 
20000 -94000 0 0.0061619 0 0 0 0 0 6.4445e-08 5.02272 94.9773 
22000 -94000 0 0.00607992 0 0 0 0 0 5.15214e-08 4.80262 95.1974 
24000 -94000 0 0.00599254 0 0 0 0 0 4.03175e-08 4.57223 95.4278 
26000 -94000 0 0.00590029 0 0 0 0 0 3.08816e-08 4.33392 95.6661 
28000 -94000 0 0.0058037 0 0 0 0 0 2.31527e-08 4.09006 95.9099 
30000 -94000 0 0.00570329 0 0 0 0 0 1.699e-08 3.84299 96.157 
32000 -94000 0 0.00559957 0 0 0 0 0 1.2203e-08 3.59495 96.405 
34000 -94000 0 0.00549303 0 0 0 0 0 8.57868e-09 3.34808 96.6519 
36000 -94000 0 0.00538414 0 0 0 0 0 5.90269e-09 3.10438 96.8956 
38000 -94000 0 0.00527334 0 0 0 0 0 3.97515e-09 2.86566 97.1343 
40000 -94000 0 0.00516105 0 0 0 0 0 2.62016e-09 2.63356 97.3664 
42000 -94000 0 0.00504765 0 0 0 0 0 1.69033e-09 2.40953 97.5905 
44000 -94000 0 0.00493349 0 0 0 0 0 1.0673e-09 2.19476 97.8052 
46000 -94000 0 0.0048189 0 0 0 0 0 6.59587e-10 1.99027 98.0097 
48000 -94000 0 0.00470419 0 0 0 0 0 3.98962e-10 1.79683 98.2032 
50000 -94000 0 0.0045896 0 0 0 0 0 2.36193e-10 1.615 98.385 
52000 -94000 0 0.0044754 0 0 0 0 0 1.36861e-10 1.44516 98.5548 
54000 -94000 0 0.00436178 0 0 0 0 0 7.76209e-11 1.28748 98.7125 
56000 -94000 0 0.00424896 0 0 0 0 0 4.30888e-11 1.14195 98.858 
58000 -94000 0 0.00413708 0 0 0 0 0 2.34122e-11 1.00843 98.9916 
60000 -94000 0 0.00402632 0 0 0 0 0 1.24515e-11 0.886623 99.1134 
62000 -94000 0 0.00391679 0 0 0 0 0 6.48189e-12 0.776128 99.2239 
64000 -94000 0 0.00380862 0 0 0 0 0 3.30288e-12 0.67645 99.3236 
66000 -94000 0 0.0037019 0 0 0 0 0 1.64741e-12 0.587019 99.413 
68000 -94000 0 0.00359674 0 0 0 0 0 8.04322e-13 0.507211 99.4928 
70000 -94000 0 0.0034932 0 0 0 0 0 3.84404e-13 0.436367 99.5636 
72000 -94000 0 0.00339136 0 0 0 0 0 1.79837e-13 0.373808 99.6262 
74000 -94000 0 0.00329127 0 0 0 0 0 8.23585e-14 0.318848 99.6812 
76000 -94000 0 0.00319299 0 0 0 0 0 3.69218e-14 0.27081 99.7292 
78000 -94000 0 0.00309655 0 0 0 0 0 1.62034e-14 0.229032 99.771 
80000 -94000 0 0.003002 0 0 0 0 0 6.96118e-15 0.192879 99.8071 
82000 -94000 0 0.00290936 0 0 0 0 0 2.92764e-15 0.161746 99.8383 
84000 -94000 0 0.00281865 0 0 0 0 0 1.20535e-15 0.135067 99.8649 
86000 -94000 0 0.0027299 0 0 0 0 0 4.85822e-16 0.112315 99.8877 
88000 -94000 0 0.00264312 0 0 0 0 0 1.91693e-16 0.0930032 99.907 
90000 -94000 0 0.00255832 0 0 0 0 0 7.40471e-17 0.0766899 99.9233 
92000 -94000 0 0.0024755 0 0 0 0 0 2.80016e-17 0.0629739 99.937 
94000 -94000 0 0.00239467 0 0 0 0 0 1.03665e-17 0.0514954 99.9485 
96000 -94000 0 0.00231581 0 0 0 0 0 3.75716e-18 0.0419339 99.9581 
98000 -94000 0 0.00223894 0 0 0 0 0 1.33311e-18 0.0340057 99.966 
100000 -94000 0 0.00216403 0 0 0 0 0 4.63073e-19 0.0274621 99.9725 
-100000 -92000 0 0.00223206 0 0 0 0 0 1.24313e-18 0.0334963 99.9665 
-98000 -92000 0 0.00231029 0 0 0 0 0 3.57964e-18 0.0414861 99.9585 
-96000 -92000 0 0.00239064 0 0 0 0 0 1.00912e-17 0.0511685 99.9488 
-94000 -92000 0 0.00247312 0 0 0 0 0 2.78501e-17 0.0628482 99.9372 
-92000 -92000 0 0.00255776 0 0 0 0 0 7.5247e-17 0.0768727 99.9231 
-90000 -92000 0 0.00264456 0 0 0 0 0 1.99034e-16 0.0936347 99.9064 
-88000 -92000 0 0.00273353 0 0 0 0 0 5.15392e-16 0.113575 99.8864 
-86000 -92000 0 0.00282467 0 0 0 0 0 1.30653e-15 0.137185 99.8628 
-84000 -92000 0 0.00291798 0 0 0 0 0 3.24242e-15 0.165007 99.835 
-82000 -92000 0 0.00301346 0 0 0 0 0 7.87738e-15 0.197637 99.8024 
-80000 -92000 0 0.0031111 0 0 0 0 0 1.87351e-14 0.23572 99.7643 
-78000 -92000 0 0.00321089 0 0 0 0 0 4.36199e-14 0.279952 99.72 
-76000 -92000 0 0.0033128 0 0 0 0 0 9.94177e-14 0.331073 99.6689 
-74000 -92000 0 0.00341682 0 0 0 0 0 2.21814e-13 0.389861 99.6101 
-72000 -92000 0 0.00352292 0 0 0 0 0 4.84455e-13 0.457125 99.5429 
-70000 -92000 0 0.00363105 0 0 0 0 0 1.03574e-12 0.533695 99.4663 
-68000 -92000 0 0.00374118 0 0 0 0 0 2.16759e-12 0.620408 99.3796 
-66000 -92000 0 0.00385324 0 0 0 0 0 4.44042e-12 0.718094 99.2819 
-64000 -92000 0 0.00396717 0 0 0 0 0 8.90401e-12 0.827554 99.1724 
-62000 -92000 0 0.0040829 0 0 0 0 0 1.74765e-11 0.949546 99.0505 
-60000 -92000 0 0.00420033 0 0 0 0 0 3.35756e-11 1.08476 98.9152 
-58000 -92000 0 0.00431935 0 0 0 0 0 6.31375e-11 1.23379 98.7662 
-56000 -92000 0 0.00443984 0 0 0 0 0 1.16209e-10 1.39712 98.6029 
-54000 -92000 0 0.00456167 0 0 0 0 0 2.09349e-10 1.57508 98.4249 
-52000 -92000 0 0.00468464 0 0 0 0 0 3.69132e-10 1.76785 98.2322 
-50000 -92000 0 0.00480859 0 0 0 0 0 6.37033e-10 1.97539 98.0246 
-48000 -92000 0 0.00493327 0 0 0 0 0 1.07599e-09 2.19749 97.8025 
-46000 -92000 0 0.00505845 0 0 0 0 0 1.77877e-09 2.43365 97.5663 
-44000 -92000 0 0.00518383 0 0 0 0 0 2.87802e-09 2.68317 97.3168 
-42000 -92000 0 0.0053091 0 0 0 0 0 4.55749e-09 2.94507 97.0549 
-40000 -92000 0 0.0054339 0 0 0 0 0 7.06347e-09 3.21809 96.7819 
-38000 -92000 0 0.00555783 0 0 0 0 0 1.07144e-08 3.50074 96.4993 
-36000 -92000 0 0.00568047 0 0 0 0 0 1.59068e-08 3.79124 96.2088 
-34000 -92000 0 0.00580133 0 0 0 0 0 2.31134e-08 4.08759 95.9124 
-32000 -92000 0 0.00591992 0 0 0 0 0 3.28709e-08 4.38754 95.6125 
-30000 -92000 0 0.00603569 0 0 0 0 0 4.57546e-08 4.68867 95.3113 
-28000 -92000 0 0.00614807 0 0 0 0 0 6.23359e-08 4.98839 95.0116 
-26000 -92000 0 0.00625646 0 0 0 0 0 8.31246e-08 5.28396 94.716 
-24000 -92000 0 0.00636024 0 0 0 0 0 1.08497e-07 5.57258 94.4274 
-22000 -92000 0 0.00645878 0 0 0 0 0 1.38614e-07 5.85139 94.1486 
-20000 -92000 0 0.00655144 0 0 0 0 0 1.73344e-07 6.11756 93.8824 
-18000 -92000 0 0.0066376 0 0 0 0 0 2.12194e-07 6.36828 93.6317 
-16000 -92000 0 0.00671665 0 0 0 0 0 2.54265e-07 6.60086 93.3991 
-14000 -92000 0 0.00678798 0 0 0 0 0 2.98248e-07 6.81275 93.1873 
-12000 -92000 0 0.00685106 0 0 0 0 0 3.42464e-07 7.00159 92.9984 
-10000 -92000 0 0.00690538 0 0 0 0 0 3.84952e-07 7.16523 92.8348 
-8000 -92000 0 0.00695048 0 0 0 0 0 4.23602e-07 7.30182 92.6982 
-6000 -92000 0 0.006986 0 0 0 0 0 4.56325e-07 7.40978 92.5902 
-4000 -92000 0 0.00701162 0 0 0 0 0 4.8124e-07 7.48784 92.5122 
-2000 -92000 0 0.00702713 0 0 0 0 0 4.96846e-07 7.53511 92.4649 
0 -92000 0 0.00703238 0 0 0 0 0 5.02178e-07 7.55103 92.449 
2000 -92000 0 0.00702734 0 0 0 0 0 4.96901e-07 7.5354 92.4646 
4000 -92000 0 0.00701204 0 0 0 0 0 4.81347e-07 7.48842 92.5116 
6000 -92000 0 0.00698662 0 0 0 0 0 4.56478e-07 7.41064 92.5894 
8000 -92000 0 0.00695131 0 0 0 0 0 4.2379e-07 7.30296 92.697 
10000 -92000 0 0.0069064 0 0 0 0 0 3.85167e-07 7.16663 92.8334 
12000 -92000 0 0.00685227 0 0 0 0 0 3.42694e-07 7.00322 92.9968 
14000 -92000 0 0.00678938 0 0 0 0 0 2.98482e-07 6.81461 93.1854 
16000 -92000 0 0.00671822 0 0 0 0 0 2.54492e-07 6.60293 93.3971 
18000 -92000 0 0.00663934 0 0 0 0 0 2.12408e-07 6.37053 93.6295 
20000 -92000 0 0.00655333 0 0 0 0 0 1.73539e-07 6.11997 93.88 
22000 -92000 0 0.00646081 0 0 0 0 0 1.38785e-07 5.85394 94.1461 
24000 -92000 0 0.00636241 0 0 0 0 0 1.08643e-07 5.57523 94.4248 
26000 -92000 0 0.00625875 0 0 0 0 0 8.32464e-08 5.28669 94.7133 
28000 -92000 0 0.00615048 0 0 0 0 0 6.24344e-08 4.99118 95.0088 
30000 -92000 0 0.0060382 0 0 0 0 0 4.58322e-08 4.69149 95.3085 
32000 -92000 0 0.00592253 0 0 0 0 0 3.29305e-08 4.39037 95.6096 
34000 -92000 0 0.00580402 0 0 0 0 0 2.31579e-08 4.0904 95.9096 
36000 -92000 0 0.00568322 0 0 0 0 0 1.59394e-08 3.79401 96.206 
38000 -92000 0 0.00556065 0 0 0 0 0 1.07376e-08 3.50345 96.4966 
40000 -92000 0 0.00543677 0 0 0 0 0 7.07959e-09 3.22072 96.7793 
42000 -92000 0 0.00531202 0 0 0 0 0 4.56843e-09 2.94761 97.0524 
44000 -92000 0 0.00518679 0 0 0 0 0 2.88527e-09 2.6856 97.3144 
46000 -92000 0 0.00506143 0 0 0 0 0 1.78347e-09 2.43596 97.564 
48000 -92000 0 0.00493628 0 0 0 0 0 1.07896e-09 2.19967 97.8003 
50000 -92000 0 0.00481161 0 0 0 0 0 6.38866e-10 1.97745 98.0226 
52000 -92000 0 0.00468768 0 0 0 0 0 3.70238e-10 1.76976 98.2302 
54000 -92000 0 0.0045647 0 0 0 0 0 2.10002e-10 1.57686 98.4231 
56000 -92000 0 0.00444288 0 0 0 0 0 1.16585e-10 1.39876 98.6012 
58000 -92000 0 0.00432238 0 0 0 0 0 6.33495e-11 1.2353 98.7647 
60000 -92000 0 0.00420335 0 0 0 0 0 3.36924e-11 1.08613 98.9139 
62000 -92000 0 0.0040859 0 0 0 0 0 1.75394e-11 0.950791 99.0492 
64000 -92000 0 0.00397016 0 0 0 0 0 8.93715e-12 0.828677 99.1713 
66000 -92000 0 0.0038562 0 0 0 0 0 4.45749e-12 0.719101 99.2809 
68000 -92000 0 0.00374412 0 0 0 0 0 2.17619e-12 0.621307 99.3787 
70000 -92000 0 0.00363397 0 0 0 0 0 1.03998e-12 0.534492 99.4655 
72000 -92000 0 0.0035258 0 0 0 0 0 4.86494e-13 0.457828 99.5422 
74000 -92000 0 0.00341967 0 0 0 0 0 2.22774e-13 0.390478 99.6095 
76000 -92000 0 0.00331562 0 0 0 0 0 9.98604e-14 0.331613 99.6684 
78000 -92000 0 0.00321367 0 0 0 0 0 4.38194e-14 0.280422 99.7196 
80000 -92000 0 0.00311384 0 0 0 0 0 1.88231e-14 0.236126 99.7639 
82000 -92000 0 0.00301616 0 0 0 0 0 7.91535e-15 0.197986 99.802 
84000 -92000 0 0.00292063 0 0 0 0 0 3.25844e-15 0.165306 99.8347 
86000 -92000 0 0.00282728 0 0 0 0 0 1.31315e-15 0.13744 99.8626 
88000 -92000 0 0.00273609 0 0 0 0 0 5.18066e-16 0.113791 99.8862 
90000 -92000 0 0.00264708 0 0 0 0 0 2.00091e-16 0.0938174 99.9062 
92000 -92000 0 0.00256024 0 0 0 0 0 7.56558e-17 0.0770263 99.923 
94000 -92000 0 0.00247555 0 0 0 0 0 2.80049e-17 0.0629766 99.937 
96000 -92000 0 0.00239302 0 0 0 0 0 1.01485e-17 0.0512753 99.9487 
98000 -92000 0 0.00231262 0 0 0 0 0 3.60041e-18 0.0415747 99.9584 
100000 -92000 0 0.00223434 0 0 0 0 0 1.25049e-18 0.0335694 99.9664 
-100000 -90000 0 0.00230383 0 0 0 0 0 3.28641e-18 0.0407749 99.9592 
-98000 -90000 0 0.00238556 0 0 0 0 0 9.46459e-18 0.0505087 99.9495 
-96000 -90000 0 0.00246957 0 0 0 0 0 2.66848e-17 0.0623064 99.9377 
-94000 -90000 0 0.0025559 0 0 0 0 0 7.36556e-17 0.0765404 99.9235 
-92000 -90000 0 0.00264456 0 0 0 0 0 1.99034e-16 0.0936347 99.9064 
-90000 -90000 0 0.00273558 0 0 0 0 0 5.2653e-16 0.114069 99.8859 
-88000 -90000 0 0.00282896 0 0 0 0 0 1.36362e-15 0.138382 99.8616 
-86000 -90000 0 0.00292473 0 0 0 0 0 3.45727e-15 0.167173 99.8328 
-84000 -90000 0 0.0030229 0 0 0 0 0 8.58105e-15 0.201105 99.7989 
-82000 -90000 0 0.00312347 0 0 0 0 0 2.08501e-14 0.240906 99.7591 
-80000 -90000 0 0.00322645 0 0 0 0 0 4.95947e-14 0.287364 99.7126 
-78000 -90000 0 0.00333185 0 0 0 0 0 1.15482e-13 0.341326 99.6587 
-76000 -90000 0 0.00343965 0 0 0 0 0 2.63233e-13 0.403697 99.5963 
-74000 -90000 0 0.00354985 0 0 0 0 0 5.87362e-13 0.475424 99.5246 
-72000 -90000 0 0.00366243 0 0 0 0 0 1.28294e-12 0.557495 99.4425 
-70000 -90000 0 0.00377738 0 0 0 0 0 2.74305e-12 0.650916 99.3491 
-68000 -90000 0 0.00389467 0 0 0 0 0 5.74092e-12 0.756706 99.2433 
-66000 -90000 0 0.00401425 0 0 0 0 0 1.17609e-11 0.875869 99.1241 
-64000 -90000 0 0.00413609 0 0 0 0 0 2.35834e-11 1.00937 98.9906 
-62000 -90000 0 0.00426012 0 0 0 0 0 4.6288e-11 1.15813 98.8419 
-60000 -90000 0 0.00438627 0 0 0 0 0 8.89242e-11 1.32297 98.677 
-58000 -90000 0 0.00451445 0 0 0 0 0 1.67207e-10 1.5046 98.4954 
-56000 -90000 0 0.00464453 0 0 0 0 0 3.07725e-10 1.70357 98.2964 
-54000 -90000 0 0.0047764 0 0 0 0 0 5.54294e-10 1.92027 98.0797 
-52000 -90000 0 0.00490989 0 0 0 0 0 9.77192e-10 2.15488 97.8451 
-50000 -90000 0 0.0050448 0 0 0 0 0 1.68607e-09 2.40734 97.5927 
-48000 -90000 0 0.00518092 0 0 0 0 0 2.84725e-09 2.67731 97.3227 
-46000 -90000 0 0.00531797 0 0 0 0 0 4.70571e-09 2.96418 97.0358 
-44000 -90000 0 0.00545567 0 0 0 0 0 7.61152e-09 3.26705 96.733 
-42000 -90000 0 0.00559366 0 0 0 0 0 1.20494e-08 3.58466 96.4153 
-40000 -90000 0 0.00573156 0 0 0 0 0 1.86683e-08 3.91548 96.0845 
-38000 -90000 0 0.00586892 0 0 0 0 0 2.83069e-08 4.25763 95.7424 
-36000 -90000 0 0.00600525 0 0 0 0 0 4.20081e-08 4.60894 95.3911 
-34000 -90000 0 0.00614002 0 0 0 0 0 6.10141e-08 4.96695 95.0331 
-32000 -90000 0 0.00627265 0 0 0 0 0 8.67341e-08 5.32892 94.6711 
-30000 -90000 0 0.00640249 0 0 0 0 0 1.20675e-07 5.69193 94.3081 
-28000 -90000 0 0.00652888 0 0 0 0 0 1.64334e-07 6.05283 93.9472 
-26000 -90000 0 0.00665111 0 0 0 0 0 2.19038e-07 6.40835 93.5916 
-24000 -90000 0 0.00676844 0 0 0 0 0 2.85767e-07 6.75513 93.2449 
-22000 -90000 0 0.00688012 0 0 0 0 0 3.64931e-07 7.08978 92.9102 
-20000 -90000 0 0.00698537 0 0 0 0 0 4.56173e-07 7.40892 92.5911 
-18000 -90000 0 0.00708345 0 0 0 0 0 5.58184e-07 7.70924 92.2908 
-16000 -90000 0 0.00717359 0 0 0 0 0 6.68601e-07 7.98758 92.0124 
-14000 -90000 0 0.00725509 0 0 0 0 0 7.83985e-07 8.24094 91.7591 
-12000 -90000 0 0.00732726 0 0 0 0 0 8.99933e-07 8.46656 91.5334 
-10000 -90000 0 0.00738949 0 0 0 0 0 1.01131e-06 8.66196 91.338 
-8000 -90000 0 0.00744122 0 0 0 0 0 1.11259e-06 8.82495 91.175 
-6000 -90000 0 0.007482 0 0 0 0 0 1.19833e-06 8.95371 91.0463 
-4000 -90000 0 0.00751143 0 0 0 0 0 1.26359e-06 9.04679 90.9532 
-2000 -90000 0 0.00752925 0 0 0 0 0 1.30446e-06 9.10314 90.8969 
0 -90000 0 0.00753529 0 0 0 0 0 1.31843e-06 9.1221 90.8779 
2000 -90000 0 0.00752948 0 0 0 0 0 1.30461e-06 9.10348 90.8965 
4000 -90000 0 0.0075119 0 0 0 0 0 1.26387e-06 9.04748 90.9525 
6000 -90000 0 0.00748269 0 0 0 0 0 1.19872e-06 8.95473 91.0453 
8000 -90000 0 0.00744214 0 0 0 0 0 1.11308e-06 8.8263 91.1737 
10000 -90000 0 0.00739062 0 0 0 0 0 1.01187e-06 8.66361 91.3364 
12000 -90000 0 0.0073286 0 0 0 0 0 9.00531e-07 8.46851 91.5315 
14000 -90000 0 0.00725663 0 0 0 0 0 7.84593e-07 8.24315 91.7568 
16000 -90000 0 0.00717533 0 0 0 0 0 6.69195e-07 7.99004 92.01 
18000 -90000 0 0.00708536 0 0 0 0 0 5.58743e-07 7.71192 92.2881 
20000 -90000 0 0.00698746 0 0 0 0 0 4.56681e-07 7.41179 92.5882 
22000 -90000 0 0.00688236 0 0 0 0 0 3.65379e-07 7.09281 92.9072 
24000 -90000 0 0.00677082 0 0 0 0 0 2.8615e-07 6.7583 93.2417 
26000 -90000 0 0.00665362 0 0 0 0 0 2.19357e-07 6.41162 93.5884 
28000 -90000 0 0.00653151 0 0 0 0 0 1.64592e-07 6.05617 93.9438 
30000 -90000 0 0.00640523 0 0 0 0 0 1.20879e-07 5.69531 94.3047 
32000 -90000 0 0.00627548 0 0 0 0 0 8.68905e-08 5.33232 94.6677 
34000 -90000 0 0.00614294 0 0 0 0 0 6.11312e-08 4.97032 95.0297 
36000 -90000 0 0.00600824 0 0 0 0 0 4.20937e-08 4.61227 95.3877 
38000 -90000 0 0.00587197 0 0 0 0 0 2.83679e-08 4.26089 95.7391 
40000 -90000 0 0.00573466 0 0 0 0 0 1.87107e-08 3.91865 96.0813 
42000 -90000 0 0.00559681 0 0 0 0 0 1.20782e-08 3.58773 96.4123 
44000 -90000 0 0.00545885 0 0 0 0 0 7.63063e-09 3.26998 96.73 
46000 -90000 0 0.00532118 0 0 0 0 0 4.71808e-09 2.96698 97.033 
48000 -90000 0 0.00518414 0 0 0 0 0 2.85508e-09 2.67996 97.32 
50000 -90000 0 0.00504803 0 0 0 0 0 1.69091e-09 2.40983 97.5902 
52000 -90000 0 0.00491313 0 0 0 0 0 9.80112e-10 2.15721 97.8428 
54000 -90000 0 0.00477964 0 0 0 0 0 5.56017e-10 1.92243 98.0776 
56000 -90000 0 0.00464776 0 0 0 0 0 3.08719e-10 1.70556 98.2944 
58000 -90000 0 0.00451766 0 0 0 0 0 1.67767e-10 1.50642 98.4936 
60000 -90000 0 0.00438947 0 0 0 0 0 8.9233e-11 1.32464 98.6754 
62000 -90000 0 0.00426331 0 0 0 0 0 4.64543e-11 1.15965 98.8404 
64000 -90000 0 0.00413925 0 0 0 0 0 2.3671e-11 1.01074 98.9893 
66000 -90000 0 0.00401739 0 0 0 0 0 1.1806e-11 0.877093 99.1229 
68000 -90000 0 0.00389777 0 0 0 0 0 5.76364e-12 0.757799 99.2422 
70000 -90000 0 0.00378045 0 0 0 0 0 2.75424e-12 0.651886 99.3481 
72000 -90000 0 0.00366546 0 0 0 0 0 1.28833e-12 0.55835 99.4416 
74000 -90000 0 0.00355284 0 0 0 0 0 5.89902e-13 0.476176 99.5238 
76000 -90000 0 0.0034426 0 0 0 0 0 2.64403e-13 0.404354 99.5956 
78000 -90000 0 0.00333476 0 0 0 0 0 1.1601e-13 0.341897 99.6581 
80000 -90000 0 0.00322932 0 0 0 0 0 4.98274e-14 0.287857 99.7121 
82000 -90000 0 0.00312629 0 0 0 0 0 2.09505e-14 0.241331 99.7587 
84000 -90000 0 0.00302567 0 0 0 0 0 8.62341e-15 0.201469 99.7985 
86000 -90000 0 0.00292746 0 0 0 0 0 3.47477e-15 0.167483 99.8325 
88000 -90000 0 0.00283164 0 0 0 0 0 1.37069e-15 0.138645 99.8614 
90000 -90000 0 0.0027382 0 0 0 0 0 5.29324e-16 0.114291 99.8857 
92000 -90000 0 0.00264714 0 0 0 0 0 2.00114e-16 0.0938214 99.9062 
94000 -90000 0 0.00255843 0 0 0 0 0 7.40646e-17 0.0766966 99.9233 
96000 -90000 0 0.00247205 0 0 0 0 0 2.68362e-17 0.0624364 99.9376 
98000 -90000 0 0.00238798 0 0 0 0 0 9.51948e-18 0.0506164 99.9494 
100000 -90000 0 0.0023062 0 0 0 0 0 3.30587e-18 0.0408638 99.9591 
