#EAST NORTH ELEV Kg/m^2 [-4.5->-3.375) [-3.375->-2.25) [-2.25->-1.125) [-1.125->0) [0->1.125) [1.125->2.25) [2.25->3.375) [3.375->4.5) (percent)
532290 1282690 0 2.14575 0 0 0 0 0 2.67774e-10 0.603739 99.3963 
534290 1282690 0 2.14467 0 0 0 0 0 2.64928e-10 0.602414 99.3976 
536290 1282690 0 2.14138 0 0 0 0 0 2.56541e-10 0.598429 99.4016 
538290 1282690 0 2.1359 0 0 0 0 0 2.43138e-10 0.591838 99.4082 
540290 1282690 0 2.12826 0 0 0 0 0 2.25538e-10 0.582728 99.4173 
542290 1282690 0 2.11849 0 0 0 0 0 2.04765e-10 0.57122 99.4288 
544290 1282690 0 2.10664 0 0 0 0 0 1.81955e-10 0.557462 99.4425 
546290 1282690 0 2.09277 0 0 0 0 0 1.5825e-10 0.541629 99.4584 
548290 1282690 0 2.07694 0 0 0 0 0 1.3471e-10 0.523921 99.4761 
550290 1282690 0 2.05922 0 0 0 0 0 1.12235e-10 0.504553 99.4954 
552290 1282690 0 2.0397 0 0 0 0 0 9.1524e-11 0.483758 99.5162 
554290 1282690 0 2.01847 0 0 0 0 0 7.30502e-11 0.461775 99.5382 
556290 1282690 0 1.99561 0 0 0 0 0 5.70676e-11 0.43885 99.5612 
558290 1282690 0 1.97122 0 0 0 0 0 4.36357e-11 0.415228 99.5848 
560290 1282690 0 1.9454 0 0 0 0 0 3.26573e-11 0.391151 99.6088 
562290 1282690 0 1.91825 0 0 0 0 0 2.39226e-11 0.366853 99.6331 
564290 1282690 0 1.88987 0 0 0 0 0 1.71526e-11 0.342557 99.6574 
566290 1282690 0 1.86038 0 0 0 0 0 1.20378e-11 0.318471 99.6815 
568290 1282690 0 1.82987 0 0 0 0 0 8.2692e-12 0.294784 99.7052 
570290 1282690 0 1.79844 0 0 0 0 0 5.56009e-12 0.271669 99.7283 
572290 1282690 0 1.7662 0 0 0 0 0 3.65938e-12 0.249277 99.7507 
574290 1282690 0 1.73326 0 0 0 0 0 2.35745e-12 0.227737 99.7723 
576290 1282690 0 1.69969 0 0 0 0 0 1.48658e-12 0.207155 99.7928 
578290 1282690 0 1.66561 0 0 0 0 0 9.17603e-13 0.187617 99.8124 
580290 1282690 0 1.6311 0 0 0 0 0 5.54423e-13 0.169188 99.8308 
582290 1282690 0 1.59625 0 0 0 0 0 3.27908e-13 0.151912 99.8481 
584290 1282690 0 1.56115 0 0 0 0 0 1.89842e-13 0.135812 99.8642 
586290 1282690 0 1.52587 0 0 0 0 0 1.07588e-13 0.120897 99.8791 
588290 1282690 0 1.49049 0 0 0 0 0 5.96859e-14 0.107159 99.8928 
590290 1282690 0 1.45508 0 0 0 0 0 3.2413e-14 0.0945761 99.9054 
592290 1282690 0 1.41971 0 0 0 0 0 1.7231e-14 0.0831141 99.9169 
594290 1282690 0 1.38444 0 0 0 0 0 8.96697e-15 0.0727301 99.9273 
596290 1282690 0 1.34934 0 0 0 0 0 4.56806e-15 0.0633728 99.9366 
598290 1282690 0 1.31445 0 0 0 0 0 2.27809e-15 0.0549851 99.945 
600290 1282690 0 1.27982 0 0 0 0 0 1.11215e-15 0.0475054 99.9525 
602290 1282690 0 1.24551 0 0 0 0 0 5.31516e-16 0.0408697 99.9591 
604290 1282690 0 1.21155 0 0 0 0 0 2.48673e-16 0.0350124 99.965 
606290 1282690 0 1.17799 0 0 0 0 0 1.13895e-16 0.0298682 99.9701 
608290 1282690 0 1.14486 0 0 0 0 0 5.10677e-17 0.0253726 99.9746 
610290 1282690 0 1.11219 0 0 0 0 0 2.24158e-17 0.0214631 99.9785 
612290 1282690 0 1.08 0 0 0 0 0 9.63236e-18 0.0180799 99.9819 
614290 1282690 0 1.04834 0 0 0 0 0 4.05211e-18 0.0151661 99.9848 
616290 1282690 0 1.0172 0 0 0 0 0 1.66879e-18 0.0126687 99.9873 
618290 1282690 0 0.986629 0 0 0 0 0 6.72816e-19 0.0105384 99.9895 
620290 1282690 0 0.956626 0 0 0 0 0 2.65561e-19 0.00872965 99.9913 
622290 1282690 0 0.92721 0 0 0 0 0 1.02615e-19 0.00720123 99.9928 
624290 1282690 0 0.898391 0 0 0 0 0 3.88177e-20 0.00591567 99.9941 
626290 1282690 0 0.870181 0 0 0 0 0 1.43756e-20 0.00483939 99.9952 
628290 1282690 0 0.842585 0 0 0 0 0 5.21195e-21 0.00394247 99.9961 
630290 1282690 0 0.815609 0 0 0 0 0 1.84992e-21 0.00319845 99.9968 
432290 1282690 0 0.788472 0 0 0 0 0 6.39008e-22 0.00257841 99.9974 
434290 1282690 0 0.814809 0 0 0 0 0 1.83921e-21 0.0031916 99.9968 
436290 1282690 0 0.84177 0 0 0 0 0 5.18242e-21 0.00393422 99.9961 
438290 1282690 0 0.869351 0 0 0 0 0 1.42959e-20 0.00482948 99.9952 
440290 1282690 0 0.897548 0 0 0 0 0 3.86072e-20 0.00590382 99.9941 
442290 1282690 0 0.926353 0 0 0 0 0 1.02071e-19 0.00718713 99.9928 
444290 1282690 0 0.955756 0 0 0 0 0 2.64186e-19 0.00871296 99.9913 
446290 1282690 0 0.985746 0 0 0 0 0 6.69412e-19 0.0105187 99.9895 
448290 1282690 0 1.01631 0 0 0 0 0 1.66055e-18 0.0126456 99.9874 
450290 1282690 0 1.04743 0 0 0 0 0 4.03259e-18 0.0151392 99.9849 
452290 1282690 0 1.07909 0 0 0 0 0 9.58712e-18 0.0180486 99.982 
454290 1282690 0 1.11126 0 0 0 0 0 2.23133e-17 0.0214269 99.9786 
456290 1282690 0 1.14392 0 0 0 0 0 5.08402e-17 0.025331 99.9747 
458290 1282690 0 1.17705 0 0 0 0 0 1.13401e-16 0.0298205 99.9702 
460290 1282690 0 1.2106 0 0 0 0 0 2.47625e-16 0.0349581 99.965 
462290 1282690 0 1.24456 0 0 0 0 0 5.29339e-16 0.0408081 99.9592 
464290 1282690 0 1.27886 0 0 0 0 0 1.10773e-15 0.0474359 99.9526 
466290 1282690 0 1.31348 0 0 0 0 0 2.2693e-15 0.0549071 99.9451 
468290 1282690 0 1.34837 0 0 0 0 0 4.55099e-15 0.0632858 99.9367 
470290 1282690 0 1.38348 0 0 0 0 0 8.93454e-15 0.0726334 99.9274 
472290 1282690 0 1.41875 0 0 0 0 0 1.71707e-14 0.0830073 99.917 
474290 1282690 0 1.45412 0 0 0 0 0 3.23035e-14 0.0944587 99.9055 
476290 1282690 0 1.48953 0 0 0 0 0 5.94913e-14 0.107031 99.893 
478290 1282690 0 1.52492 0 0 0 0 0 1.0725e-13 0.120758 99.8792 
480290 1282690 0 1.56021 0 0 0 0 0 1.89268e-13 0.135661 99.8643 
482290 1282690 0 1.59533 0 0 0 0 0 3.26956e-13 0.15175 99.8483 
484290 1282690 0 1.63019 0 0 0 0 0 5.52878e-13 0.169015 99.831 
486290 1282690 0 1.66471 0 0 0 0 0 9.15154e-13 0.187434 99.8126 
488290 1282690 0 1.69881 0 0 0 0 0 1.48279e-12 0.206961 99.793 
490290 1282690 0 1.73239 0 0 0 0 0 2.35171e-12 0.227533 99.7725 
492290 1282690 0 1.76536 0 0 0 0 0 3.6509e-12 0.249066 99.7509 
494290 1282690 0 1.79762 0 0 0 0 0 5.54787e-12 0.271451 99.7285 
496290 1282690 0 1.82907 0 0 0 0 0 8.25198e-12 0.29456 99.7054 
498290 1282690 0 1.85961 0 0 0 0 0 1.20141e-11 0.318242 99.6818 
500290 1282690 0 1.88914 0 0 0 0 0 1.71209e-11 0.342325 99.6577 
502290 1282690 0 1.91754 0 0 0 0 0 2.38812e-11 0.366621 99.6334 
504290 1282690 0 1.94473 0 0 0 0 0 3.26045e-11 0.39092 99.6091 
506290 1282690 0 1.97058 0 0 0 0 0 4.35702e-11 0.415 99.585 
508290 1282690 0 1.99501 0 0 0 0 0 5.69886e-11 0.438628 99.5614 
510290 1282690 0 2.01792 0 0 0 0 0 7.29576e-11 0.461561 99.5384 
512290 1282690 0 2.03919 0 0 0 0 0 9.14185e-11 0.483554 99.5164 
514290 1282690 0 2.05876 0 0 0 0 0 1.12119e-10 0.504362 99.4956 
516290 1282690 0 2.07652 0 0 0 0 0 1.34585e-10 0.523745 99.4763 
518290 1282690 0 2.0924 0 0 0 0 0 1.58123e-10 0.54147 99.4585 
520290 1282690 0 2.10632 0 0 0 0 0 1.81829e-10 0.557321 99.4427 
522290 1282690 0 2.11822 0 0 0 0 0 2.04647e-10 0.5711 99.4289 
524290 1282690 0 2.12804 0 0 0 0 0 2.25434e-10 0.582631 99.4174 
526290 1282690 0 2.13574 0 0 0 0 0 2.43054e-10 0.591763 99.4082 
528290 1282690 0 2.14127 0 0 0 0 0 2.56482e-10 0.598378 99.4016 
530290 1282690 0 2.14461 0 0 0 0 0 2.64898e-10 0.602388 99.3976 
532290 1282690 0 2.14575 0 0 0 0 0 2.67774e-10 0.603739 99.3963 
532290 1284690 0 2.2601 0 0 0 0 0 7.75874e-10 0.752224 99.2478 
534290 1284690 0 2.25892 0 0 0 0 0 7.67624e-10 0.75057 99.2494 
536290 1284690 0 2.25535 0 0 0 0 0 7.43312e-10 0.745598 99.2544 
538290 1284690 0 2.24939 0 0 0 0 0 7.04464e-10 0.737375 99.2626 
540290 1284690 0 2.24107 0 0 0 0 0 6.53451e-10 0.726009 99.274 
542290 1284690 0 2.23045 0 0 0 0 0 5.93244e-10 0.711651 99.2883 
544290 1284690 0 2.21757 0 0 0 0 0 5.27135e-10 0.694486 99.3055 
546290 1284690 0 2.20251 0 0 0 0 0 4.58436e-10 0.674733 99.3253 
548290 1284690 0 2.18532 0 0 0 0 0 3.90217e-10 0.652641 99.3474 
550290 1284690 0 2.1661 0 0 0 0 0 3.25091e-10 0.628481 99.3715 
552290 1284690 0 2.14494 0 0 0 0 0 2.65081e-10 0.60254 99.3975 
554290 1284690 0 2.12193 0 0 0 0 0 2.11557e-10 0.575119 99.4249 
556290 1284690 0 2.09719 0 0 0 0 0 1.65255e-10 0.546524 99.4535 
558290 1284690 0 2.0708 0 0 0 0 0 1.26346e-10 0.517063 99.4829 
560290 1284690 0 2.0429 0 0 0 0 0 9.45479e-11 0.487036 99.513 
562290 1284690 0 2.01358 0 0 0 0 0 6.92515e-11 0.456737 99.5433 
564290 1284690 0 1.98298 0 0 0 0 0 4.96473e-11 0.426442 99.5736 
566290 1284690 0 1.95119 0 0 0 0 0 3.48381e-11 0.396412 99.6036 
568290 1284690 0 1.91834 0 0 0 0 0 2.39282e-11 0.366884 99.6331 
570290 1284690 0 1.88454 0 0 0 0 0 1.60866e-11 0.338073 99.6619 
572290 1284690 0 1.84991 0 0 0 0 0 1.05858e-11 0.310165 99.6898 
574290 1284690 0 1.81455 0 0 0 0 0 6.81848e-12 0.283323 99.7167 
576290 1284690 0 1.77857 0 0 0 0 0 4.29897e-12 0.257679 99.7423 
578290 1284690 0 1.74207 0 0 0 0 0 2.65311e-12 0.233341 99.7667 
580290 1284690 0 1.70515 0 0 0 0 0 1.60275e-12 0.210387 99.7896 
582290 1284690 0 1.66791 0 0 0 0 0 9.47764e-13 0.188872 99.8111 
584290 1284690 0 1.63044 0 0 0 0 0 5.48607e-13 0.168827 99.8312 
586290 1284690 0 1.59281 0 0 0 0 0 3.10852e-13 0.150261 99.8497 
588290 1284690 0 1.55512 0 0 0 0 0 1.72417e-13 0.133163 99.8668 
590290 1284690 0 1.51744 0 0 0 0 0 9.36152e-14 0.117505 99.8825 
592290 1284690 0 1.47984 0 0 0 0 0 4.97571e-14 0.103245 99.8968 
594290 1284690 0 1.44239 0 0 0 0 0 2.58886e-14 0.0903297 99.9097 
596290 1284690 0 1.40514 0 0 0 0 0 1.3186e-14 0.0786935 99.9213 
598290 1284690 0 1.36816 0 0 0 0 0 6.57462e-15 0.0682652 99.9317 
600290 1284690 0 1.3315 0 0 0 0 0 3.2091e-15 0.058968 99.941 
602290 1284690 0 1.2952 0 0 0 0 0 1.5334e-15 0.0507216 99.9493 
604290 1284690 0 1.25931 0 0 0 0 0 7.1728e-16 0.0434443 99.9566 
606290 1284690 0 1.22387 0 0 0 0 0 3.28463e-16 0.0370543 99.9629 
608290 1284690 0 1.18891 0 0 0 0 0 1.47249e-16 0.0314712 99.9685 
610290 1284690 0 1.15447 0 0 0 0 0 6.46226e-17 0.0266171 99.9734 
612290 1284690 0 1.12057 0 0 0 0 0 2.77644e-17 0.0224173 99.9776 
614290 1284690 0 1.08725 0 0 0 0 0 1.16779e-17 0.0188012 99.9812 
616290 1284690 0 1.05451 0 0 0 0 0 4.80856e-18 0.0157024 99.9843 
618290 1284690 0 1.02239 0 0 0 0 0 1.93839e-18 0.0130596 99.9869 
620290 1284690 0 0.99089 0 0 0 0 0 7.64967e-19 0.0108163 99.9892 
622290 1284690 0 0.960031 0 0 0 0 0 2.95544e-19 0.00892099 99.9911 
624290 1284690 0 0.929823 0 0 0 0 0 1.11784e-19 0.00732719 99.9927 
626290 1284690 0 0.900273 0 0 0 0 0 4.1392e-20 0.00599312 99.994 
628290 1284690 0 0.871387 0 0 0 0 0 1.50049e-20 0.00488158 99.9951 
630290 1284690 0 0.843171 0 0 0 0 0 5.32511e-21 0.00395969 99.996 
432290 1284690 0 0.814809 0 0 0 0 0 1.83921e-21 0.0031916 99.9968 
434290 1284690 0 0.842338 0 0 0 0 0 5.2943e-21 0.00395123 99.996 
436290 1284690 0 0.870539 0 0 0 0 0 1.49199e-20 0.00487136 99.9951 
438290 1284690 0 0.899409 0 0 0 0 0 4.11627e-20 0.00598085 99.994 
440290 1284690 0 0.928944 0 0 0 0 0 1.11178e-19 0.00731253 99.9927 
442290 1284690 0 0.959138 0 0 0 0 0 2.93978e-19 0.00890355 99.9911 
444290 1284690 0 0.989982 0 0 0 0 0 7.61007e-19 0.0107956 99.9892 
446290 1284690 0 1.02147 0 0 0 0 0 1.92859e-18 0.0130352 99.987 
448290 1284690 0 1.05358 0 0 0 0 0 4.78483e-18 0.0156738 99.9843 
450290 1284690 0 1.0863 0 0 0 0 0 1.16217e-17 0.0187678 99.9812 
452290 1284690 0 1.11961 0 0 0 0 0 2.76341e-17 0.0223786 99.9776 
454290 1284690 0 1.1535 0 0 0 0 0 6.43271e-17 0.0265723 99.9734 
456290 1284690 0 1.18793 0 0 0 0 0 1.46593e-16 0.0314196 99.9686 
458290 1284690 0 1.22288 0 0 0 0 0 3.27041e-16 0.0369952 99.963 
460290 1284690 0 1.25831 0 0 0 0 0 7.1426e-16 0.043377 99.9566 
462290 1284690 0 1.29419 0 0 0 0 0 1.52713e-15 0.0506453 99.9494 
464290 1284690 0 1.33049 0 0 0 0 0 3.19636e-15 0.0588819 99.9411 
466290 1284690 0 1.36715 0 0 0 0 0 6.5493e-15 0.0681686 99.9318 
468290 1284690 0 1.40413 0 0 0 0 0 1.31368e-14 0.0785855 99.9214 
470290 1284690 0 1.44137 0 0 0 0 0 2.57951e-14 0.0902098 99.9098 
472290 1284690 0 1.47883 0 0 0 0 0 4.95833e-14 0.103113 99.8969 
474290 1284690 0 1.51643 0 0 0 0 0 9.32993e-14 0.117359 99.8826 
476290 1284690 0 1.55412 0 0 0 0 0 1.71856e-13 0.133004 99.867 
478290 1284690 0 1.59181 0 0 0 0 0 3.09877e-13 0.150088 99.8499 
480290 1284690 0 1.62944 0 0 0 0 0 5.46951e-13 0.16864 99.8314 
482290 1284690 0 1.66693 0 0 0 0 0 9.45015e-13 0.188671 99.8113 
484290 1284690 0 1.70418 0 0 0 0 0 1.59829e-12 0.210173 99.7898 
486290 1284690 0 1.74112 0 0 0 0 0 2.64604e-12 0.233113 99.7669 
488290 1284690 0 1.77763 0 0 0 0 0 4.28802e-12 0.257439 99.7426 
490290 1284690 0 1.81363 0 0 0 0 0 6.80191e-12 0.283071 99.7169 
492290 1284690 0 1.84901 0 0 0 0 0 1.05613e-11 0.309902 99.6901 
494290 1284690 0 1.88367 0 0 0 0 0 1.60513e-11 0.337801 99.6622 
496290 1284690 0 1.9175 0 0 0 0 0 2.38784e-11 0.366605 99.6334 
498290 1284690 0 1.95037 0 0 0 0 0 3.47697e-11 0.396128 99.6039 
500290 1284690 0 1.98219 0 0 0 0 0 4.95557e-11 0.426155 99.5738 
502290 1284690 0 2.01283 0 0 0 0 0 6.91318e-11 0.456448 99.5436 
504290 1284690 0 2.04218 0 0 0 0 0 9.43955e-11 0.486749 99.5133 
506290 1284690 0 2.07013 0 0 0 0 0 1.26157e-10 0.51678 99.4832 
508290 1284690 0 2.09655 0 0 0 0 0 1.65027e-10 0.546249 99.4538 
510290 1284690 0 2.12134 0 0 0 0 0 2.11289e-10 0.574853 99.4251 
512290 1284690 0 2.1444 0 0 0 0 0 2.64776e-10 0.602287 99.3977 
514290 1284690 0 2.16561 0 0 0 0 0 3.24755e-10 0.628244 99.3718 
516290 1284690 0 2.18487 0 0 0 0 0 3.89858e-10 0.652423 99.3476 
518290 1284690 0 2.20211 0 0 0 0 0 4.58067e-10 0.674536 99.3255 
520290 1284690 0 2.21723 0 0 0 0 0 5.26771e-10 0.694311 99.3057 
522290 1284690 0 2.23016 0 0 0 0 0 5.92903e-10 0.711502 99.2885 
524290 1284690 0 2.24084 0 0 0 0 0 6.53151e-10 0.725888 99.2741 
526290 1284690 0 2.24921 0 0 0 0 0 7.04222e-10 0.737282 99.2627 
528290 1284690 0 2.25523 0 0 0 0 0 7.43141e-10 0.745536 99.2545 
530290 1284690 0 2.25886 0 0 0 0 0 7.67536e-10 0.750539 99.2495 
532290 1284690 0 2.2601 0 0 0 0 0 7.75874e-10 0.752224 99.2478 
532290 1286690 0 2.38215 0 0 0 0 0 2.20113e-09 0.93334 99.0667 
534290 1286690 0 2.38086 0 0 0 0 0 2.17772e-09 0.931285 99.0687 
536290 1286690 0 2.37696 0 0 0 0 0 2.10872e-09 0.925108 99.0749 
538290 1286690 0 2.37046 0 0 0 0 0 1.99848e-09 0.914892 99.0851 
540290 1286690 0 2.3614 0 0 0 0 0 1.85371e-09 0.900773 99.0992 
542290 1286690 0 2.34983 0 0 0 0 0 1.68285e-09 0.882936 99.1171 
544290 1286690 0 2.3358 0 0 0 0 0 1.49526e-09 0.861612 99.1384 
546290 1286690 0 2.3194 0 0 0 0 0 1.30032e-09 0.837075 99.1629 
548290 1286690 0 2.3007 0 0 0 0 0 1.10676e-09 0.809632 99.1904 
550290 1286690 0 2.2798 0 0 0 0 0 9.21982e-10 0.77962 99.2204 
552290 1286690 0 2.25681 0 0 0 0 0 7.51731e-10 0.747398 99.2526 
554290 1286690 0 2.23183 0 0 0 0 0 5.99895e-10 0.713338 99.2867 
556290 1286690 0 2.20499 0 0 0 0 0 4.68556e-10 0.677822 99.3222 
558290 1286690 0 2.1764 0 0 0 0 0 3.582e-10 0.641232 99.3588 
560290 1286690 0 2.14618 0 0 0 0 0 2.68021e-10 0.603942 99.3961 
562290 1286690 0 2.11448 0 0 0 0 0 1.96289e-10 0.566316 99.4337 
564290 1286690 0 2.08141 0 0 0 0 0 1.40704e-10 0.528699 99.4713 
566290 1286690 0 2.0471 0 0 0 0 0 9.87207e-11 0.491414 99.5086 
568290 1286690 0 2.01168 0 0 0 0 0 6.77957e-11 0.454756 99.5452 
570290 1286690 0 1.97529 0 0 0 0 0 4.55715e-11 0.418991 99.581 
572290 1286690 0 1.93803 0 0 0 0 0 2.99836e-11 0.384353 99.6156 
574290 1286690 0 1.90004 0 0 0 0 0 1.93099e-11 0.351042 99.649 
576290 1286690 0 1.86142 0 0 0 0 0 1.21726e-11 0.319222 99.6808 
578290 1286690 0 1.82229 0 0 0 0 0 7.51105e-12 0.289027 99.711 
580290 1286690 0 1.78276 0 0 0 0 0 4.53664e-12 0.260554 99.7394 
582290 1286690 0 1.74293 0 0 0 0 0 2.68219e-12 0.233871 99.7661 
584290 1286690 0 1.7029 0 0 0 0 0 1.55228e-12 0.209015 99.791 
586290 1286690 0 1.66275 0 0 0 0 0 8.79388e-13 0.185997 99.814 
588290 1286690 0 1.62257 0 0 0 0 0 4.87669e-13 0.164803 99.8352 
590290 1286690 0 1.58245 0 0 0 0 0 2.64732e-13 0.145398 99.8546 
592290 1286690 0 1.54246 0 0 0 0 0 1.4068e-13 0.12773 99.8723 
594290 1286690 0 1.50266 0 0 0 0 0 7.31815e-14 0.111731 99.8883 
596290 1286690 0 1.46313 0 0 0 0 0 3.72667e-14 0.0973192 99.9027 
598290 1286690 0 1.42392 0 0 0 0 0 1.85778e-14 0.0844067 99.9156 
600290 1286690 0 1.38509 0 0 0 0 0 9.06615e-15 0.0728972 99.9271 
602290 1286690 0 1.34668 0 0 0 0 0 4.33123e-15 0.0626909 99.9373 
604290 1286690 0 1.30874 0 0 0 0 0 2.02564e-15 0.053686 99.9463 
606290 1286690 0 1.27131 0 0 0 0 0 9.27427e-16 0.0457808 99.9542 
608290 1286690 0 1.23443 0 0 0 0 0 4.15685e-16 0.0388755 99.9611 
610290 1286690 0 1.19812 0 0 0 0 0 1.82398e-16 0.0328732 99.9671 
612290 1286690 0 1.16242 0 0 0 0 0 7.83513e-17 0.0276811 99.9723 
614290 1286690 0 1.12735 0 0 0 0 0 3.29494e-17 0.0232115 99.9768 
616290 1286690 0 1.09293 0 0 0 0 0 1.35651e-17 0.0193823 99.9806 
618290 1286690 0 1.05918 0 0 0 0 0 5.46738e-18 0.0161172 99.9839 
620290 1286690 0 1.02612 0 0 0 0 0 2.15731e-18 0.0133463 99.9867 
622290 1286690 0 0.993752 0 0 0 0 0 8.33344e-19 0.0110058 99.989 
624290 1286690 0 0.962091 0 0 0 0 0 3.1515e-19 0.00903797 99.991 
626290 1286690 0 0.931143 0 0 0 0 0 1.16679e-19 0.00739116 99.9926 
628290 1286690 0 0.900913 0 0 0 0 0 4.22909e-20 0.00601933 99.994 
630290 1286690 0 0.871405 0 0 0 0 0 1.50067e-20 0.00488179 99.9951 
432290 1286690 0 0.84177 0 0 0 0 0 5.18242e-21 0.00393422 99.9961 
434290 1286690 0 0.870539 0 0 0 0 0 1.49199e-20 0.00487136 99.9951 
436290 1286690 0 0.90003 0 0 0 0 0 4.20516e-20 0.00600675 99.994 
438290 1286690 0 0.930243 0 0 0 0 0 1.16033e-19 0.00737605 99.9926 
440290 1286690 0 0.961175 0 0 0 0 0 3.13444e-19 0.0090199 99.991 
442290 1286690 0 0.99282 0 0 0 0 0 8.28933e-19 0.0109843 99.989 
444290 1286690 0 1.02517 0 0 0 0 0 2.14615e-18 0.0133209 99.9867 
446290 1286690 0 1.05822 0 0 0 0 0 5.43976e-18 0.0160872 99.9839 
448290 1286690 0 1.09196 0 0 0 0 0 1.34983e-17 0.0193471 99.9807 
450290 1286690 0 1.12636 0 0 0 0 0 3.2791e-17 0.0231704 99.9768 
452290 1286690 0 1.16142 0 0 0 0 0 7.7984e-17 0.0276333 99.9724 
454290 1286690 0 1.19711 0 0 0 0 0 1.81565e-16 0.0328179 99.9672 
456290 1286690 0 1.2334 0 0 0 0 0 4.13837e-16 0.0388119 99.9612 
458290 1286690 0 1.27028 0 0 0 0 0 9.23415e-16 0.045708 99.9543 
460290 1286690 0 1.3077 0 0 0 0 0 2.01712e-15 0.0536029 99.9464 
462290 1286690 0 1.34563 0 0 0 0 0 4.31354e-15 0.0625967 99.9374 
464290 1286690 0 1.38403 0 0 0 0 0 9.03019e-15 0.0727909 99.9272 
466290 1286690 0 1.42286 0 0 0 0 0 1.85063e-14 0.0842873 99.9157 
468290 1286690 0 1.46207 0 0 0 0 0 3.71278e-14 0.0971859 99.9028 
470290 1286690 0 1.5016 0 0 0 0 0 7.29175e-14 0.111583 99.8884 
472290 1286690 0 1.54139 0 0 0 0 0 1.40189e-13 0.127567 99.8724 
474290 1286690 0 1.58139 0 0 0 0 0 2.6384e-13 0.145218 99.8548 
476290 1286690 0 1.62151 0 0 0 0 0 4.86083e-13 0.164606 99.8354 
478290 1286690 0 1.66169 0 0 0 0 0 8.76633e-13 0.185783 99.8142 
480290 1286690 0 1.70185 0 0 0 0 0 1.5476e-12 0.208784 99.7912 
482290 1286690 0 1.74189 0 0 0 0 0 2.67442e-12 0.233623 99.7664 
484290 1286690 0 1.78174 0 0 0 0 0 4.52404e-12 0.260289 99.7397 
486290 1286690 0 1.82128 0 0 0 0 0 7.49107e-12 0.288745 99.7113 
488290 1286690 0 1.86043 0 0 0 0 0 1.21417e-11 0.318925 99.6811 
490290 1286690 0 1.89906 0 0 0 0 0 1.9263e-11 0.35073 99.6493 
492290 1286690 0 1.93708 0 0 0 0 0 2.99144e-11 0.384029 99.616 
494290 1286690 0 1.97436 0 0 0 0 0 4.54716e-11 0.418656 99.5813 
496290 1286690 0 2.01078 0 0 0 0 0 6.76551e-11 0.454411 99.5456 
498290 1286690 0 2.04623 0 0 0 0 0 9.85274e-11 0.491063 99.5089 
500290 1286690 0 2.08057 0 0 0 0 0 1.40445e-10 0.528344 99.4717 
502290 1286690 0 2.11368 0 0 0 0 0 1.9595e-10 0.565959 99.434 
504290 1286690 0 2.14542 0 0 0 0 0 2.6759e-10 0.603587 99.3964 
506290 1286690 0 2.17567 0 0 0 0 0 3.57665e-10 0.640882 99.3591 
508290 1286690 0 2.20431 0 0 0 0 0 4.67911e-10 0.677482 99.3225 
510290 1286690 0 2.2312 0 0 0 0 0 5.99137e-10 0.71301 99.287 
512290 1286690 0 2.25623 0 0 0 0 0 7.50869e-10 0.747085 99.2529 
514290 1286690 0 2.27927 0 0 0 0 0 9.21031e-10 0.779327 99.2207 
516290 1286690 0 2.30022 0 0 0 0 0 1.10574e-09 0.809361 99.1906 
518290 1286690 0 2.31897 0 0 0 0 0 1.29928e-09 0.83683 99.1632 
520290 1286690 0 2.33543 0 0 0 0 0 1.49423e-09 0.861396 99.1386 
522290 1286690 0 2.34952 0 0 0 0 0 1.68189e-09 0.882752 99.1172 
524290 1286690 0 2.36115 0 0 0 0 0 1.85286e-09 0.900623 99.0994 
526290 1286690 0 2.37028 0 0 0 0 0 1.99779e-09 0.914778 99.0852 
528290 1286690 0 2.37684 0 0 0 0 0 2.10824e-09 0.925031 99.075 
530290 1286690 0 2.3808 0 0 0 0 0 2.17747e-09 0.931246 99.0688 
532290 1286690 0 2.38215 0 0 0 0 0 2.20113e-09 0.93334 99.0667 
532290 1288690 0 2.51269 0 0 0 0 0 6.1139e-09 1.1532 98.8468 
534290 1288690 0 2.51129 0 0 0 0 0 6.04884e-09 1.15066 98.8493 
536290 1288690 0 2.50702 0 0 0 0 0 5.85713e-09 1.14302 98.857 
538290 1288690 0 2.49992 0 0 0 0 0 5.55081e-09 1.13038 98.8696 
540290 1288690 0 2.49001 0 0 0 0 0 5.14858e-09 1.11292 98.8871 
542290 1288690 0 2.47737 0 0 0 0 0 4.67389e-09 1.09086 98.9091 
544290 1288690 0 2.46205 0 0 0 0 0 4.15271e-09 1.06448 98.9355 
546290 1288690 0 2.44414 0 0 0 0 0 3.61115e-09 1.03414 98.9659 
548290 1288690 0 2.42375 0 0 0 0 0 3.07343e-09 1.0002 98.9998 
550290 1288690 0 2.40097 0 0 0 0 0 2.56015e-09 0.963077 99.0369 
552290 1288690 0 2.37593 0 0 0 0 0 2.08725e-09 0.923225 99.0768 
554290 1288690 0 2.34876 0 0 0 0 0 1.66553e-09 0.881102 99.1189 
556290 1288690 0 2.31958 0 0 0 0 0 1.30077e-09 0.837179 99.1628 
558290 1288690 0 2.28853 0 0 0 0 0 9.94311e-10 0.791929 99.2081 
560290 1288690 0 2.25575 0 0 0 0 0 7.43909e-10 0.745816 99.2542 
562290 1288690 0 2.2214 0 0 0 0 0 5.44749e-10 0.69929 99.3007 
564290 1288690 0 2.1856 0 0 0 0 0 3.90441e-10 0.652778 99.3472 
566290 1288690 0 2.14851 0 0 0 0 0 2.73905e-10 0.60668 99.3933 
568290 1288690 0 2.11027 0 0 0 0 0 1.88076e-10 0.56136 99.4386 
570290 1288690 0 2.07101 0 0 0 0 0 1.26404e-10 0.51715 99.4829 
572290 1288690 0 2.03088 0 0 0 0 0 8.31545e-11 0.474336 99.5257 
574290 1288690 0 1.99 0 0 0 0 0 5.35441e-11 0.433167 99.5668 
576290 1288690 0 1.94851 0 0 0 0 0 3.37476e-11 0.393847 99.6062 
578290 1288690 0 1.90652 0 0 0 0 0 2.08202e-11 0.35654 99.6435 
580290 1288690 0 1.86414 0 0 0 0 0 1.25731e-11 0.321366 99.6786 
582290 1288690 0 1.8215 0 0 0 0 0 7.43218e-12 0.288408 99.7116 
584290 1288690 0 1.7787 0 0 0 0 0 4.30046e-12 0.257712 99.7423 
586290 1288690 0 1.73582 0 0 0 0 0 2.4358e-12 0.229291 99.7707 
588290 1288690 0 1.69297 0 0 0 0 0 1.35052e-12 0.203128 99.7969 
590290 1288690 0 1.65022 0 0 0 0 0 7.32991e-13 0.179178 99.8208 
592290 1288690 0 1.60767 0 0 0 0 0 3.89437e-13 0.157376 99.8426 
594290 1288690 0 1.56537 0 0 0 0 0 2.02544e-13 0.137637 99.8624 
596290 1288690 0 1.52339 0 0 0 0 0 1.03122e-13 0.119861 99.8801 
598290 1288690 0 1.48181 0 0 0 0 0 5.13971e-14 0.103938 99.8961 
600290 1288690 0 1.44066 0 0 0 0 0 2.50773e-14 0.0897477 99.9103 
602290 1288690 0 1.40001 0 0 0 0 0 1.1978e-14 0.0771671 99.9228 
604290 1288690 0 1.3599 0 0 0 0 0 5.60081e-15 0.06607 99.9339 
606290 1288690 0 1.32036 0 0 0 0 0 2.5638e-15 0.0563304 99.9437 
608290 1288690 0 1.28144 0 0 0 0 0 1.14891e-15 0.0478246 99.9522 
610290 1288690 0 1.24317 0 0 0 0 0 5.04033e-16 0.0404328 99.9596 
612290 1288690 0 1.20557 0 0 0 0 0 2.16475e-16 0.0340402 99.966 
614290 1288690 0 1.16866 0 0 0 0 0 9.10186e-17 0.0285384 99.9715 
616290 1288690 0 1.13248 0 0 0 0 0 3.74655e-17 0.0238259 99.9762 
618290 1288690 0 1.09703 0 0 0 0 0 1.50977e-17 0.0198087 99.9802 
620290 1288690 0 1.06232 0 0 0 0 0 5.95625e-18 0.0164001 99.9836 
622290 1288690 0 1.02838 0 0 0 0 0 2.30047e-18 0.0135216 99.9865 
624290 1288690 0 0.995197 0 0 0 0 0 8.69844e-19 0.011102 99.9889 
626290 1288690 0 0.962792 0 0 0 0 0 3.21996e-19 0.00907757 99.9909 
628290 1288690 0 0.931162 0 0 0 0 0 1.16692e-19 0.00739148 99.9926 
630290 1288690 0 0.900309 0 0 0 0 0 4.14018e-20 0.00599364 99.994 
432290 1288690 0 0.869351 0 0 0 0 0 1.42959e-20 0.00482948 99.9952 
434290 1288690 0 0.899409 0 0 0 0 0 4.11627e-20 0.00598085 99.994 
436290 1288690 0 0.930243 0 0 0 0 0 1.16033e-19 0.00737605 99.9926 
438290 1288690 0 0.961855 0 0 0 0 0 3.20214e-19 0.00905903 99.9909 
440290 1288690 0 0.994244 0 0 0 0 0 8.65138e-19 0.0110799 99.9889 
442290 1288690 0 1.02741 0 0 0 0 0 2.2883e-18 0.0134953 99.9865 
444290 1288690 0 1.06133 0 0 0 0 0 5.92547e-18 0.0163689 99.9836 
446290 1288690 0 1.09602 0 0 0 0 0 1.50216e-17 0.0197718 99.9802 
448290 1288690 0 1.13146 0 0 0 0 0 3.7281e-17 0.0237827 99.9762 
450290 1288690 0 1.16763 0 0 0 0 0 9.05814e-17 0.0284879 99.9715 
452290 1288690 0 1.20452 0 0 0 0 0 2.15461e-16 0.0339815 99.966 
454290 1288690 0 1.24211 0 0 0 0 0 5.01734e-16 0.0403648 99.9596 
456290 1288690 0 1.28037 0 0 0 0 0 1.14381e-15 0.0477464 99.9523 
458290 1288690 0 1.31928 0 0 0 0 0 2.55272e-15 0.0562408 99.9438 
460290 1288690 0 1.3588 0 0 0 0 0 5.57728e-15 0.0659679 99.934 
462290 1288690 0 1.39891 0 0 0 0 0 1.19291e-14 0.0770513 99.9229 
464290 1288690 0 1.43955 0 0 0 0 0 2.4978e-14 0.0896171 99.9104 
466290 1288690 0 1.48069 0 0 0 0 0 5.11997e-14 0.103791 99.8962 
468290 1288690 0 1.52227 0 0 0 0 0 1.02738e-13 0.119697 99.8803 
470290 1288690 0 1.56424 0 0 0 0 0 2.01815e-13 0.137455 99.8625 
472290 1288690 0 1.60654 0 0 0 0 0 3.8808e-13 0.157175 99.8428 
474290 1288690 0 1.6491 0 0 0 0 0 7.30525e-13 0.178957 99.821 
476290 1288690 0 1.69185 0 0 0 0 0 1.34614e-12 0.202886 99.7971 
478290 1288690 0 1.73471 0 0 0 0 0 2.42818e-12 0.229028 99.771 
480290 1288690 0 1.77759 0 0 0 0 0 4.28752e-12 0.257428 99.7426 
482290 1288690 0 1.8204 0 0 0 0 0 7.41069e-12 0.288102 99.7119 
484290 1288690 0 1.86306 0 0 0 0 0 1.25382e-11 0.321039 99.679 
486290 1288690 0 1.90544 0 0 0 0 0 2.07649e-11 0.356193 99.6438 
488290 1288690 0 1.94745 0 0 0 0 0 3.3662e-11 0.393482 99.6065 
490290 1288690 0 1.98897 0 0 0 0 0 5.34145e-11 0.432784 99.5672 
492290 1288690 0 2.02987 0 0 0 0 0 8.2963e-11 0.473937 99.5261 
494290 1288690 0 2.07002 0 0 0 0 0 1.26128e-10 0.516737 99.4833 
496290 1288690 0 2.10931 0 0 0 0 0 1.87687e-10 0.560936 99.4391 
498290 1288690 0 2.14758 0 0 0 0 0 2.7337e-10 0.606247 99.3938 
500290 1288690 0 2.18471 0 0 0 0 0 3.89724e-10 0.652341 99.3477 
502290 1288690 0 2.22054 0 0 0 0 0 5.43811e-10 0.698851 99.3011 
504290 1288690 0 2.25494 0 0 0 0 0 7.42715e-10 0.74538 99.2546 
506290 1288690 0 2.28776 0 0 0 0 0 9.92829e-10 0.791499 99.2085 
508290 1288690 0 2.31885 0 0 0 0 0 1.29898e-09 0.83676 99.1632 
510290 1288690 0 2.34808 0 0 0 0 0 1.66343e-09 0.880698 99.1193 
512290 1288690 0 2.37531 0 0 0 0 0 2.08486e-09 0.922841 99.0772 
514290 1288690 0 2.4004 0 0 0 0 0 2.55751e-09 0.962716 99.0373 
516290 1288690 0 2.42324 0 0 0 0 0 3.07062e-09 0.999862 99.0001 
518290 1288690 0 2.44369 0 0 0 0 0 3.60826e-09 1.03384 98.9662 
520290 1288690 0 2.46166 0 0 0 0 0 4.14986e-09 1.06422 98.9358 
522290 1288690 0 2.47704 0 0 0 0 0 4.67123e-09 1.09063 98.9094 
524290 1288690 0 2.48975 0 0 0 0 0 5.14623e-09 1.11274 98.8873 
526290 1288690 0 2.49972 0 0 0 0 0 5.54891e-09 1.13024 98.8698 
528290 1288690 0 2.50689 0 0 0 0 0 5.85579e-09 1.14292 98.8571 
530290 1288690 0 2.51122 0 0 0 0 0 6.04815e-09 1.15061 98.8494 
532290 1288690 0 2.51269 0 0 0 0 0 6.1139e-09 1.1532 98.8468 
532290 1290690 0 2.65266 0 0 0 0 0 1.66258e-08 1.41878 98.5812 
534290 1290690 0 2.65112 0 0 0 0 0 1.64489e-08 1.41565 98.5844 
536290 1290690 0 2.64644 0 0 0 0 0 1.59274e-08 1.40624 98.5938 
538290 1290690 0 2.63865 0 0 0 0 0 1.50942e-08 1.39069 98.6093 
540290 1290690 0 2.62779 0 0 0 0 0 1.40001e-08 1.36918 98.6308 
542290 1290690 0 2.61394 0 0 0 0 0 1.2709e-08 1.34202 98.658 
544290 1290690 0 2.59716 0 0 0 0 0 1.12914e-08 1.30955 98.6905 
546290 1290690 0 2.57757 0 0 0 0 0 9.81843e-09 1.27218 98.7278 
548290 1290690 0 2.55526 0 0 0 0 0 8.35599e-09 1.23039 98.7696 
550290 1290690 0 2.53037 0 0 0 0 0 6.9601e-09 1.18469 98.8153 
552290 1290690 0 2.50304 0 0 0 0 0 5.67409e-09 1.13562 98.8644 
554290 1290690 0 2.47339 0 0 0 0 0 4.52733e-09 1.08375 98.9162 
556290 1290690 0 2.4416 0 0 0 0 0 3.53553e-09 1.02967 98.9703 
558290 1290690 0 2.4078 0 0 0 0 0 2.70232e-09 0.973955 99.026 
560290 1290690 0 2.37217 0 0 0 0 0 2.02158e-09 0.917179 99.0828 
562290 1290690 0 2.33486 0 0 0 0 0 1.4802e-09 0.859895 99.1401 
564290 1290690 0 2.29604 0 0 0 0 0 1.06079e-09 0.802631 99.1974 
566290 1290690 0 2.25587 0 0 0 0 0 7.4408e-10 0.745879 99.2541 
568290 1290690 0 2.2145 0 0 0 0 0 5.10852e-10 0.69009 99.3099 
570290 1290690 0 2.17209 0 0 0 0 0 3.43289e-10 0.635669 99.3643 
572290 1290690 0 2.1288 0 0 0 0 0 2.25798e-10 0.582973 99.417 
574290 1290690 0 2.08476 0 0 0 0 0 1.4537e-10 0.532306 99.4677 
576290 1290690 0 2.04011 0 0 0 0 0 9.16085e-11 0.483921 99.5161 
578290 1290690 0 1.99499 0 0 0 0 0 5.6507e-11 0.438017 99.562 
580290 1290690 0 1.94953 0 0 0 0 0 3.41178e-11 0.394745 99.6053 
582290 1290690 0 1.90383 0 0 0 0 0 2.0164e-11 0.354205 99.6458 
584290 1290690 0 1.85802 0 0 0 0 0 1.16652e-11 0.316454 99.6835 
586290 1290690 0 1.8122 0 0 0 0 0 6.60595e-12 0.281506 99.7185 
588290 1290690 0 1.76646 0 0 0 0 0 3.66192e-12 0.249341 99.7507 
590290 1290690 0 1.72089 0 0 0 0 0 1.9871e-12 0.219902 99.7801 
592290 1290690 0 1.67557 0 0 0 0 0 1.05553e-12 0.193109 99.8069 
594290 1290690 0 1.63059 0 0 0 0 0 5.48862e-13 0.168856 99.8311 
596290 1290690 0 1.58601 0 0 0 0 0 2.79388e-13 0.14702 99.853 
598290 1290690 0 1.54188 0 0 0 0 0 1.39221e-13 0.127464 99.8725 
600290 1290690 0 1.49828 0 0 0 0 0 6.79138e-14 0.11004 99.89 
602290 1290690 0 1.45525 0 0 0 0 0 3.24319e-14 0.0945963 99.9054 
604290 1290690 0 1.41283 0 0 0 0 0 1.51618e-14 0.0809767 99.919 
606290 1290690 0 1.37106 0 0 0 0 0 6.93901e-15 0.069026 99.931 
608290 1290690 0 1.32999 0 0 0 0 0 3.10895e-15 0.0585916 99.9414 
610290 1290690 0 1.28964 0 0 0 0 0 1.36365e-15 0.0495259 99.9505 
612290 1290690 0 1.25003 0 0 0 0 0 5.85557e-16 0.0416876 99.9583 
614290 1290690 0 1.2112 0 0 0 0 0 2.46157e-16 0.034943 99.9651 
616290 1290690 0 1.17316 0 0 0 0 0 1.01306e-16 0.0291674 99.9708 
618290 1290690 0 1.13592 0 0 0 0 0 4.08168e-17 0.0242449 99.9758 
620290 1290690 0 1.0995 0 0 0 0 0 1.61e-17 0.0200693 99.9799 
622290 1290690 0 1.06391 0 0 0 0 0 6.21721e-18 0.0165438 99.9835 
624290 1290690 0 1.02914 0 0 0 0 0 2.35045e-18 0.013581 99.9864 
626290 1290690 0 0.995218 0 0 0 0 0 8.69946e-19 0.0111025 99.9889 
628290 1290690 0 0.96213 0 0 0 0 0 3.15224e-19 0.00903875 99.991 
630290 1290690 0 0.92988 0 0 0 0 0 1.11824e-19 0.00732815 99.9927 
432290 1290690 0 0.897548 0 0 0 0 0 3.86072e-20 0.00590382 99.9941 
434290 1290690 0 0.928944 0 0 0 0 0 1.11178e-19 0.00731253 99.9927 
436290 1290690 0 0.961175 0 0 0 0 0 3.13444e-19 0.0090199 99.991 
438290 1290690 0 0.994244 0 0 0 0 0 8.65138e-19 0.0110799 99.9889 
440290 1290690 0 1.02815 0 0 0 0 0 2.33775e-18 0.0135539 99.9864 
442290 1290690 0 1.06289 0 0 0 0 0 6.18436e-18 0.0165116 99.9835 
444290 1290690 0 1.09847 0 0 0 0 0 1.60169e-17 0.0200311 99.98 
446290 1290690 0 1.13487 0 0 0 0 0 4.0611e-17 0.0241999 99.9758 
448290 1290690 0 1.1721 0 0 0 0 0 1.00807e-16 0.0291145 99.9709 
450290 1290690 0 1.21012 0 0 0 0 0 2.44976e-16 0.0348813 99.9651 
452290 1290690 0 1.24894 0 0 0 0 0 5.82818e-16 0.0416158 99.9584 
454290 1290690 0 1.28853 0 0 0 0 0 1.35744e-15 0.0494428 99.9506 
456290 1290690 0 1.32887 0 0 0 0 0 3.09516e-15 0.058496 99.9415 
458290 1290690 0 1.36993 0 0 0 0 0 6.90906e-15 0.0689164 99.9311 
460290 1290690 0 1.41168 0 0 0 0 0 1.50982e-14 0.0808518 99.9191 
462290 1290690 0 1.45409 0 0 0 0 0 3.22997e-14 0.0944546 99.9055 
464290 1290690 0 1.49711 0 0 0 0 0 6.76451e-14 0.10988 99.8901 
466290 1290690 0 1.54071 0 0 0 0 0 1.38687e-13 0.127284 99.8727 
468290 1290690 0 1.58483 0 0 0 0 0 2.78349e-13 0.146819 99.8532 
470290 1290690 0 1.62941 0 0 0 0 0 5.46887e-13 0.168633 99.8314 
472290 1290690 0 1.67439 0 0 0 0 0 1.05185e-12 0.192863 99.8071 
474290 1290690 0 1.7197 0 0 0 0 0 1.98042e-12 0.219631 99.7804 
476290 1290690 0 1.76527 0 0 0 0 0 3.65005e-12 0.249045 99.751 
478290 1290690 0 1.81102 0 0 0 0 0 6.58532e-12 0.281184 99.7188 
480290 1290690 0 1.85685 0 0 0 0 0 1.16302e-11 0.316106 99.6839 
482290 1290690 0 1.90267 0 0 0 0 0 2.01058e-11 0.353831 99.6462 
484290 1290690 0 1.94838 0 0 0 0 0 3.40233e-11 0.394345 99.6057 
486290 1290690 0 1.99386 0 0 0 0 0 5.63572e-11 0.437593 99.5624 
488290 1290690 0 2.03899 0 0 0 0 0 9.13764e-11 0.483473 99.5165 
490290 1290690 0 2.08366 0 0 0 0 0 1.45019e-10 0.531837 99.4682 
492290 1290690 0 2.12772 0 0 0 0 0 2.25278e-10 0.582484 99.4175 
494290 1290690 0 2.17104 0 0 0 0 0 3.4254e-10 0.635163 99.3648 
496290 1290690 0 2.21348 0 0 0 0 0 5.09797e-10 0.68957 99.3104 
498290 1290690 0 2.25488 0 0 0 0 0 7.42629e-10 0.745349 99.2547 
500290 1290690 0 2.29509 0 0 0 0 0 1.05885e-09 0.802095 99.1979 
502290 1290690 0 2.33395 0 0 0 0 0 1.47766e-09 0.859357 99.1406 
504290 1290690 0 2.3713 0 0 0 0 0 2.01834e-09 0.916644 99.0834 
506290 1290690 0 2.40698 0 0 0 0 0 2.6983e-09 0.973428 99.0266 
508290 1290690 0 2.44082 0 0 0 0 0 3.53068e-09 1.02916 98.9708 
510290 1290690 0 2.47267 0 0 0 0 0 4.52164e-09 1.08326 98.9167 
512290 1290690 0 2.50237 0 0 0 0 0 5.66761e-09 1.13515 98.8649 
514290 1290690 0 2.52976 0 0 0 0 0 6.95296e-09 1.18425 98.8158 
516290 1290690 0 2.55471 0 0 0 0 0 8.34837e-09 1.22998 98.77 
518290 1290690 0 2.57708 0 0 0 0 0 9.8106e-09 1.27181 98.7282 
520290 1290690 0 2.59674 0 0 0 0 0 1.12836e-08 1.30922 98.6908 
522290 1290690 0 2.61358 0 0 0 0 0 1.27017e-08 1.34174 98.6583 
524290 1290690 0 2.62751 0 0 0 0 0 1.39937e-08 1.36896 98.631 
526290 1290690 0 2.63844 0 0 0 0 0 1.5089e-08 1.39051 98.6095 
528290 1290690 0 2.6463 0 0 0 0 0 1.59238e-08 1.40613 98.5939 
530290 1290690 0 2.65105 0 0 0 0 0 1.6447e-08 1.41559 98.5844 
532290 1290690 0 2.65266 0 0 0 0 0 1.66258e-08 1.41878 98.5812 
532290 1292690 0 2.80313 0 0 0 0 0 4.42605e-08 1.73796 98.262 
534290 1292690 0 2.80144 0 0 0 0 0 4.37893e-08 1.73412 98.2659 
536290 1292690 0 2.79629 0 0 0 0 0 4.24007e-08 1.72259 98.2774 
538290 1292690 0 2.78772 0 0 0 0 0 4.01821e-08 1.70353 98.2965 
540290 1292690 0 2.77578 0 0 0 0 0 3.72688e-08 1.67718 98.3228 
542290 1292690 0 2.76055 0 0 0 0 0 3.3831e-08 1.64389 98.3561 
544290 1292690 0 2.74212 0 0 0 0 0 3.00565e-08 1.60409 98.3959 
546290 1292690 0 2.72061 0 0 0 0 0 2.61347e-08 1.5583 98.4417 
548290 1292690 0 2.69614 0 0 0 0 0 2.22411e-08 1.50708 98.4929 
550290 1292690 0 2.66887 0 0 0 0 0 1.85247e-08 1.45106 98.5489 
552290 1292690 0 2.63894 0 0 0 0 0 1.51011e-08 1.39092 98.6091 
554290 1292690 0 2.60652 0 0 0 0 0 1.20483e-08 1.32734 98.6727 
556290 1292690 0 2.57179 0 0 0 0 0 9.40818e-09 1.26105 98.7389 
558290 1292690 0 2.53491 0 0 0 0 0 7.19039e-09 1.19275 98.8072 
560290 1292690 0 2.49608 0 0 0 0 0 5.37858e-09 1.12316 98.8768 
562290 1292690 0 2.45548 0 0 0 0 0 3.9378e-09 1.05294 98.9471 
564290 1292690 0 2.41329 0 0 0 0 0 2.82172e-09 0.982747 99.0173 
566290 1292690 0 2.36969 0 0 0 0 0 1.97903e-09 0.913182 99.0868 
568290 1292690 0 2.32486 0 0 0 0 0 1.35854e-09 0.844801 99.1552 
570290 1292690 0 2.27896 0 0 0 0 0 9.12807e-10 0.7781 99.2219 
572290 1292690 0 2.23218 0 0 0 0 0 6.00308e-10 0.713517 99.2865 
574290 1292690 0 2.18466 0 0 0 0 0 3.86424e-10 0.651426 99.3486 
576290 1292690 0 2.13655 0 0 0 0 0 2.43474e-10 0.592136 99.4079 
578290 1292690 0 2.08801 0 0 0 0 0 1.50157e-10 0.535893 99.4641 
580290 1292690 0 2.03917 0 0 0 0 0 9.06456e-11 0.48288 99.5171 
582290 1292690 0 1.99015 0 0 0 0 0 5.35626e-11 0.433222 99.5668 
584290 1292690 0 1.94107 0 0 0 0 0 3.09811e-11 0.386986 99.613 
586290 1292690 0 1.89206 0 0 0 0 0 1.7541e-11 0.344191 99.6558 
588290 1292690 0 1.84319 0 0 0 0 0 9.72169e-12 0.30481 99.6952 
590290 1292690 0 1.79458 0 0 0 0 0 5.27428e-12 0.268774 99.7312 
592290 1292690 0 1.7463 0 0 0 0 0 2.80107e-12 0.235982 99.764 
594290 1292690 0 1.69844 0 0 0 0 0 1.45622e-12 0.206306 99.7937 
596290 1292690 0 1.65106 0 0 0 0 0 7.41107e-13 0.179592 99.8204 
598290 1292690 0 1.60423 0 0 0 0 0 3.69221e-13 0.155672 99.8443 
600290 1292690 0 1.558 0 0 0 0 0 1.80074e-13 0.134366 99.8656 
602290 1292690 0 1.51243 0 0 0 0 0 8.59754e-14 0.115485 99.8845 
604290 1292690 0 1.46757 0 0 0 0 0 4.01849e-14 0.0988384 99.9012 
606290 1292690 0 1.42344 0 0 0 0 0 1.83874e-14 0.0842347 99.9158 
608290 1292690 0 1.3801 0 0 0 0 0 8.23662e-15 0.071487 99.9285 
610290 1292690 0 1.33755 0 0 0 0 0 3.61204e-15 0.0604139 99.9396 
612290 1292690 0 1.29584 0 0 0 0 0 1.55072e-15 0.0508423 99.9492 
614290 1292690 0 1.25498 0 0 0 0 0 6.51767e-16 0.0426083 99.9574 
616290 1292690 0 1.21499 0 0 0 0 0 2.68184e-16 0.0355588 99.9644 
618290 1292690 0 1.17588 0 0 0 0 0 1.08033e-16 0.029552 99.9704 
620290 1292690 0 1.13766 0 0 0 0 0 4.26057e-17 0.0244577 99.9755 
622290 1292690 0 1.10034 0 0 0 0 0 1.64499e-17 0.0201576 99.9798 
624290 1292690 0 1.06393 0 0 0 0 0 6.21794e-18 0.0165445 99.9835 
626290 1292690 0 1.02842 0 0 0 0 0 2.30101e-18 0.0135228 99.9865 
628290 1292690 0 0.993814 0 0 0 0 0 8.33639e-19 0.0110072 99.989 
630290 1292690 0 0.960111 0 0 0 0 0 2.95684e-19 0.00892254 99.9911 
432290 1292690 0 0.926353 0 0 0 0 0 1.02071e-19 0.00718713 99.9928 
434290 1292690 0 0.959138 0 0 0 0 0 2.93978e-19 0.00890355 99.9911 
436290 1292690 0 0.99282 0 0 0 0 0 8.28933e-19 0.0109843 99.989 
438290 1292690 0 1.02741 0 0 0 0 0 2.2883e-18 0.0134953 99.9865 
440290 1292690 0 1.06289 0 0 0 0 0 6.18436e-18 0.0165116 99.9835 
442290 1292690 0 1.09929 0 0 0 0 0 1.63631e-17 0.0201183 99.9799 
444290 1292690 0 1.13659 0 0 0 0 0 4.23859e-17 0.0244113 99.9756 
446290 1292690 0 1.17479 0 0 0 0 0 1.07489e-16 0.0294972 99.9705 
448290 1292690 0 1.21388 0 0 0 0 0 2.66866e-16 0.0354944 99.9645 
450290 1292690 0 1.25385 0 0 0 0 0 6.48642e-16 0.0425331 99.9575 
452290 1292690 0 1.2947 0 0 0 0 0 1.54347e-15 0.0507548 99.9492 
454290 1292690 0 1.33639 0 0 0 0 0 3.59559e-15 0.0603128 99.9397 
456290 1292690 0 1.37892 0 0 0 0 0 8.20011e-15 0.0713705 99.9286 
458290 1292690 0 1.42225 0 0 0 0 0 1.83081e-14 0.0841012 99.9159 
460290 1292690 0 1.46637 0 0 0 0 0 4.00165e-14 0.0986862 99.9013 
462290 1292690 0 1.51122 0 0 0 0 0 8.56253e-14 0.115313 99.8847 
464290 1292690 0 1.55678 0 0 0 0 0 1.79362e-13 0.134171 99.8658 
466290 1292690 0 1.60299 0 0 0 0 0 3.67807e-13 0.155454 99.8445 
468290 1292690 0 1.64982 0 0 0 0 0 7.38356e-13 0.179347 99.8207 
470290 1292690 0 1.69719 0 0 0 0 0 1.45099e-12 0.206034 99.794 
472290 1292690 0 1.74505 0 0 0 0 0 2.79134e-12 0.235682 99.7643 
474290 1292690 0 1.79333 0 0 0 0 0 5.25658e-12 0.268443 99.7316 
476290 1292690 0 1.84194 0 0 0 0 0 9.69023e-12 0.304449 99.6956 
478290 1292690 0 1.89081 0 0 0 0 0 1.74863e-11 0.343799 99.6562 
480290 1292690 0 1.93983 0 0 0 0 0 3.08881e-11 0.386562 99.6134 
482290 1292690 0 1.98892 0 0 0 0 0 5.34083e-11 0.432766 99.5672 
484290 1292690 0 2.03794 0 0 0 0 0 9.03951e-11 0.482393 99.5176 
486290 1292690 0 2.0868 0 0 0 0 0 1.4976e-10 0.535375 99.4646 
488290 1292690 0 2.13536 0 0 0 0 0 2.42859e-10 0.59159 99.4084 
490290 1292690 0 2.18348 0 0 0 0 0 3.85492e-10 0.650853 99.3491 
492290 1292690 0 2.23103 0 0 0 0 0 5.98931e-10 0.71292 99.2871 
494290 1292690 0 2.27784 0 0 0 0 0 9.10819e-10 0.777483 99.2225 
496290 1292690 0 2.32377 0 0 0 0 0 1.35574e-09 0.844167 99.1558 
498290 1292690 0 2.36863 0 0 0 0 0 1.97518e-09 0.912536 99.0875 
500290 1292690 0 2.41227 0 0 0 0 0 2.81656e-09 0.982093 99.0179 
502290 1292690 0 2.4545 0 0 0 0 0 3.93105e-09 1.05228 98.9477 
504290 1292690 0 2.49515 0 0 0 0 0 5.36998e-09 1.12251 98.8775 
506290 1292690 0 2.53403 0 0 0 0 0 7.17973e-09 1.19211 98.8079 
508290 1292690 0 2.57095 0 0 0 0 0 9.39531e-09 1.26042 98.7396 
510290 1292690 0 2.60574 0 0 0 0 0 1.20332e-08 1.32674 98.6733 
512290 1292690 0 2.63822 0 0 0 0 0 1.50839e-08 1.39034 98.6097 
514290 1292690 0 2.66821 0 0 0 0 0 1.85058e-08 1.45052 98.5495 
516290 1292690 0 2.69555 0 0 0 0 0 2.22208e-08 1.50658 98.4934 
518290 1292690 0 2.72008 0 0 0 0 0 2.6114e-08 1.55785 98.4422 
520290 1292690 0 2.74166 0 0 0 0 0 3.0036e-08 1.6037 98.3963 
522290 1292690 0 2.76016 0 0 0 0 0 3.38118e-08 1.64355 98.3564 
524290 1292690 0 2.77547 0 0 0 0 0 3.72519e-08 1.6769 98.3231 
526290 1292690 0 2.78749 0 0 0 0 0 4.01684e-08 1.70332 98.2967 
528290 1292690 0 2.79613 0 0 0 0 0 4.23911e-08 1.72245 98.2775 
530290 1292690 0 2.80136 0 0 0 0 0 4.37843e-08 1.73405 98.2659 
532290 1292690 0 2.80313 0 0 0 0 0 4.42605e-08 1.73796 98.262 
532290 1294690 0 2.96536 0 0 0 0 0 1.15342e-07 2.11954 97.8805 
534290 1294690 0 2.96349 0 0 0 0 0 1.14113e-07 2.11486 97.8851 
536290 1294690 0 2.9578 0 0 0 0 0 1.10494e-07 2.10081 97.8992 
538290 1294690 0 2.94834 0 0 0 0 0 1.04712e-07 2.07756 97.9224 
540290 1294690 0 2.93516 0 0 0 0 0 9.71187e-08 2.04542 97.9546 
542290 1294690 0 2.91837 0 0 0 0 0 8.81584e-08 2.00482 97.9952 
544290 1294690 0 2.89806 0 0 0 0 0 7.8321e-08 1.95628 98.0437 
