#EAST NORTH ELEV Kg/m^2 [-4.5->-3.375) [-3.375->-2.25) [-2.25->-1.125) [-1.125->0) [0->1.125) [1.125->2.25) [2.25->3.375) [3.375->4.5) (percent)
532290 1282690 0 0.0305238 0 0 0 1.44368e-286 1.48351e-206 4.22981e-09 2.37801 97.622 
534290 1282690 0 0.0305072 0 0 0 1.10599e-286 1.22362e-206 4.18501e-09 2.37288 97.6271 
536290 1282690 0 0.0304569 0 0 0 4.96791e-287 6.8576e-207 4.05299e-09 2.35746 97.6425 
538290 1282690 0 0.030373 0 0 0 1.30843e-287 2.61136e-207 3.842e-09 2.33195 97.668 
540290 1282690 0 0.0302562 0 0 0 2.02068e-288 6.7566e-208 3.56484e-09 2.29668 97.7033 
542290 1282690 0 0.030107 0 0 0 1.82995e-289 1.18782e-208 3.23761e-09 2.25209 97.7479 
544290 1282690 0 0.0299265 0 0 0 9.71867e-291 1.41883e-209 2.87813e-09 2.19874 97.8013 
546290 1282690 0 0.0297154 0 0 0 3.02722e-292 1.15149e-210 2.50434e-09 2.1373 97.8627 
548290 1282690 0 0.0294752 0 0 0 5.53102e-294 6.34944e-212 2.13293e-09 2.0685 97.9315 
550290 1282690 0 0.029207 0 0 0 5.92873e-296 2.37873e-213 1.77809e-09 1.99318 98.0068 
552290 1282690 0 0.0289124 0 0 0 3.72908e-298 6.05456e-215 1.45087e-09 1.91221 98.0878 
554290 1282690 0 0.0285927 0 0 0 1.37669e-300 1.04698e-216 1.15878e-09 1.82651 98.1735 
556290 1282690 0 0.0282496 0 0 0 2.98403e-303 1.22999e-218 9.05864e-10 1.73701 98.263 
558290 1282690 0 0.0278848 0 0 0 3.799e-306 9.81667e-221 6.93139e-10 1.64467 98.3553 
560290 1282690 0 0.0274998 0 0 0 2.84215e-309 5.3225e-223 5.19123e-10 1.55041 98.4496 
562290 1282690 0 0.0270964 0 0 0 1.25022e-312 1.96041e-225 3.80551e-10 1.45515 98.5448 
564290 1282690 0 0.0266763 0 0 0 3.23409e-316 4.90509e-228 2.73054e-10 1.35977 98.6402 
566290 1282690 0 0.0262411 0 0 0 1.87745e-320 8.33695e-231 1.91768e-10 1.26506 98.7349 
568290 1282690 0 0.0257925 0 0 0 0 9.62539e-234 1.31826e-10 1.1718 98.8282 
570290 1282690 0 0.0253321 0 0 0 0 7.5487e-237 8.86989e-11 1.08066 98.9193 
572290 1282690 0 0.0248614 0 0 0 0 4.02125e-240 5.84162e-11 0.992253 99.0077 
574290 1282690 0 0.0243819 0 0 0 0 1.45505e-243 3.76572e-11 0.907094 99.0929 
576290 1282690 0 0.023895 0 0 0 0 3.5762e-247 2.37609e-11 0.825623 99.1744 
578290 1282690 0 0.0234022 0 0 0 0 5.97014e-251 1.46752e-11 0.748193 99.2518 
580290 1282690 0 0.0229047 0 0 0 0 6.76965e-255 8.87173e-12 0.675073 99.3249 
582290 1282690 0 0.0224038 0 0 0 0 5.21396e-259 5.24982e-12 0.606452 99.3935 
584290 1282690 0 0.0219005 0 0 0 0 2.72768e-263 3.04084e-12 0.542442 99.4576 
586290 1282690 0 0.021396 0 0 0 0 9.69284e-268 1.72409e-12 0.483088 99.5169 
588290 1282690 0 0.0208913 0 0 0 0 2.33965e-272 9.56856e-13 0.428369 99.5716 
590290 1282690 0 0.0203873 0 0 0 0 3.8363e-277 5.19826e-13 0.37821 99.6218 
592290 1282690 0 0.0198849 0 0 0 0 4.27326e-282 2.76438e-13 0.332488 99.6675 
594290 1282690 0 0.0193848 0 0 0 0 3.23388e-287 1.43903e-13 0.291039 99.709 
596290 1282690 0 0.018888 0 0 0 0 1.66285e-292 7.33293e-14 0.253666 99.7463 
598290 1282690 0 0.0183949 0 0 0 0 5.81036e-298 3.65785e-14 0.220147 99.7799 
600290 1282690 0 0.0179064 0 0 0 0 1.37991e-303 1.78615e-14 0.190243 99.8098 
602290 1282690 0 0.0174228 0 0 0 0 2.22792e-309 8.53799e-15 0.163702 99.8363 
604290 1282690 0 0.0169448 0 0 0 0 2.44601e-315 3.99526e-15 0.140266 99.8597 
606290 1282690 0 0.0164729 0 0 0 0 0 1.83016e-15 0.119676 99.8803 
608290 1282690 0 0.0160074 0 0 0 0 0 8.20707e-16 0.101676 99.8983 
610290 1282690 0 0.0155487 0 0 0 0 0 3.60287e-16 0.0860199 99.914 
612290 1282690 0 0.0150973 0 0 0 0 0 1.54835e-16 0.0724679 99.9275 
614290 1282690 0 0.0146533 0 0 0 0 0 6.51413e-17 0.0607943 99.9392 
616290 1282690 0 0.0142171 0 0 0 0 0 2.68293e-17 0.0507872 99.9492 
618290 1282690 0 0.0137889 0 0 0 0 0 1.08176e-17 0.0422495 99.9578 
620290 1282690 0 0.0133688 0 0 0 0 0 4.26997e-18 0.0350001 99.965 
622290 1282690 0 0.0129572 0 0 0 0 0 1.65002e-18 0.0288735 99.9711 
624290 1282690 0 0.0125539 0 0 0 0 0 6.24203e-19 0.0237199 99.9763 
626290 1282690 0 0.0121593 0 0 0 0 0 2.31173e-19 0.019405 99.9806 
628290 1282690 0 0.0117734 0 0 0 0 0 8.38151e-20 0.015809 99.9842 
630290 1282690 0 0.0113962 0 0 0 0 0 2.97498e-20 0.0128258 99.9872 
432290 1282690 0 0.0110169 0 0 0 0 0 1.02765e-20 0.0103396 99.9897 
434290 1282690 0 0.011385 0 0 0 0 0 2.95776e-20 0.0127983 99.9872 
436290 1282690 0 0.011762 0 0 0 0 0 8.33402e-20 0.0157759 99.9842 
438290 1282690 0 0.0121478 0 0 0 0 0 2.29891e-19 0.0193653 99.9806 
440290 1282690 0 0.0125422 0 0 0 0 0 6.20818e-19 0.0236724 99.9763 
442290 1282690 0 0.0129452 0 0 0 0 0 1.64127e-18 0.028817 99.9712 
444290 1282690 0 0.0133567 0 0 0 0 0 4.24785e-18 0.0349332 99.9651 
446290 1282690 0 0.0137765 0 0 0 0 0 1.07629e-17 0.0421707 99.9578 
448290 1282690 0 0.0142046 0 0 0 0 0 2.66969e-17 0.0506947 99.9493 
450290 1282690 0 0.0146407 0 0 0 0 0 6.48276e-17 0.0606863 99.9393 
452290 1282690 0 0.0150845 0 0 0 0 0 1.54108e-16 0.0723425 99.9277 
454290 1282690 0 0.0155358 0 0 0 0 0 3.58638e-16 0.0858749 99.9141 
456290 1282690 0 0.0159943 0 0 0 0 0 8.17052e-16 0.10151 99.8985 
458290 1282690 0 0.0164597 0 0 0 0 0 1.82222e-15 0.119485 99.8805 
460290 1282690 0 0.0169315 0 0 0 0 2.33876e-315 3.97843e-15 0.140048 99.86 
462290 1282690 0 0.0174094 0 0 0 0 2.13298e-309 8.50304e-15 0.163456 99.8365 
464290 1282690 0 0.0178929 0 0 0 0 1.32276e-303 1.77905e-14 0.189965 99.81 
466290 1282690 0 0.0183814 0 0 0 0 5.57667e-298 3.64375e-14 0.219836 99.7802 
468290 1282690 0 0.0188744 0 0 0 0 1.59796e-292 7.30555e-14 0.253318 99.7467 
470290 1282690 0 0.0193713 0 0 0 0 3.11157e-287 1.43383e-13 0.290653 99.7093 
472290 1282690 0 0.0198713 0 0 0 0 4.11677e-282 2.75472e-13 0.332062 99.6679 
474290 1282690 0 0.0203738 0 0 0 0 3.70043e-277 5.18071e-13 0.377742 99.6223 
476290 1282690 0 0.0208778 0 0 0 0 2.2596e-272 9.5374e-13 0.427858 99.5721 
478290 1282690 0 0.0213826 0 0 0 0 9.37289e-268 1.71868e-12 0.482532 99.5175 
480290 1282690 0 0.0218872 0 0 0 0 2.64094e-263 3.03166e-12 0.541843 99.4582 
482290 1282690 0 0.0223906 0 0 0 0 5.05445e-259 5.2346e-12 0.605808 99.3942 
484290 1282690 0 0.0228917 0 0 0 0 6.57072e-255 8.84706e-12 0.674386 99.3256 
486290 1282690 0 0.0233894 0 0 0 0 5.80193e-251 1.46361e-11 0.747465 99.2525 
488290 1282690 0 0.0238825 0 0 0 0 3.47977e-247 2.37004e-11 0.824856 99.1751 
490290 1282690 0 0.0243695 0 0 0 0 1.41759e-243 3.75658e-11 0.90629 99.0937 
492290 1282690 0 0.0248493 0 0 0 0 3.92258e-240 5.82813e-11 0.991417 99.0086 
494290 1282690 0 0.0253203 0 0 0 0 7.37265e-237 8.85044e-11 1.0798 98.9202 
496290 1282690 0 0.0257811 0 0 0 0 9.41262e-234 1.31552e-10 1.17092 98.8291 
498290 1282690 0 0.0262301 0 0 0 1.87745e-320 8.16281e-231 1.91393e-10 1.26416 98.7358 
500290 1282690 0 0.0266657 0 0 0 3.18665e-316 4.80861e-228 2.72551e-10 1.35886 98.6411 
502290 1282690 0 0.0270863 0 0 0 1.23236e-312 1.92424e-225 3.79894e-10 1.45424 98.5458 
504290 1282690 0 0.0274901 0 0 0 2.80423e-309 5.23081e-223 5.18287e-10 1.54951 98.4505 
506290 1282690 0 0.0278756 0 0 0 3.75192e-306 9.65955e-221 6.92104e-10 1.64378 98.3562 
508290 1282690 0 0.028241 0 0 0 2.94987e-303 1.21181e-218 9.04616e-10 1.73614 98.2639 
510290 1282690 0 0.0285847 0 0 0 1.36224e-300 1.03278e-216 1.15731e-09 1.82567 98.1743 
512290 1282690 0 0.028905 0 0 0 3.69348e-298 5.9799e-215 1.44921e-09 1.91142 98.0886 
514290 1282690 0 0.0292003 0 0 0 5.87776e-296 2.35232e-213 1.77626e-09 1.99244 98.0076 
516290 1282690 0 0.0294691 0 0 0 5.48873e-294 6.28674e-212 2.13097e-09 2.06782 97.9322 
518290 1282690 0 0.0297101 0 0 0 3.00696e-292 1.14154e-210 2.50234e-09 2.13668 97.8633 
520290 1282690 0 0.0299218 0 0 0 9.66289e-291 1.40831e-209 2.87615e-09 2.1982 97.8018 
522290 1282690 0 0.0301031 0 0 0 1.82119e-289 1.18048e-208 3.23576e-09 2.25162 97.7484 
524290 1282690 0 0.030253 0 0 0 2.01294e-288 6.72316e-208 3.56321e-09 2.2963 97.7037 
526290 1282690 0 0.0303707 0 0 0 1.30467e-287 2.60166e-207 3.84068e-09 2.33167 97.6683 
528290 1282690 0 0.0304553 0 0 0 4.95839e-287 6.84061e-207 4.05206e-09 2.35727 97.6427 
530290 1282690 0 0.0305064 0 0 0 1.10493e-286 1.2221e-206 4.18453e-09 2.37278 97.6272 
532290 1282690 0 0.0305238 0 0 0 1.44368e-286 1.48351e-206 4.22981e-09 2.37801 97.622 
532290 1284690 0 0.0322916 0 0 0 4.35336e-275 3.00987e-198 1.22022e-08 2.94991 97.0501 
534290 1284690 0 0.0322732 0 0 0 3.33476e-275 2.48264e-198 1.20731e-08 2.94357 97.0564 
536290 1284690 0 0.0322174 0 0 0 1.49751e-275 1.39146e-198 1.16924e-08 2.9245 97.0755 
538290 1284690 0 0.0321245 0 0 0 3.94224e-276 5.29931e-199 1.1084e-08 2.89294 97.1071 
540290 1284690 0 0.0319951 0 0 0 6.08411e-277 1.37137e-199 1.02848e-08 2.84931 97.1507 
542290 1284690 0 0.03183 0 0 0 5.50483e-278 2.41141e-200 9.34117e-09 2.79414 97.2059 
544290 1284690 0 0.0316302 0 0 0 2.92015e-279 2.88114e-201 8.30442e-09 2.72812 97.2719 
546290 1284690 0 0.031397 0 0 0 9.08246e-281 2.33898e-202 7.22635e-09 2.65208 97.3479 
548290 1284690 0 0.0311317 0 0 0 1.65644e-282 1.29018e-203 6.15502e-09 2.56692 97.4331 
550290 1284690 0 0.0308359 0 0 0 1.77161e-284 4.83531e-205 5.13144e-09 2.47365 97.5263 
552290 1284690 0 0.0305112 0 0 0 1.1113e-286 1.23123e-206 4.1874e-09 2.37337 97.6266 
554290 1284690 0 0.0301595 0 0 0 4.08929e-289 2.13003e-208 3.34461e-09 2.2672 97.7328 
556290 1284690 0 0.0297825 0 0 0 8.82885e-292 2.50353e-210 2.61481e-09 2.1563 97.8437 
558290 1284690 0 0.0293822 0 0 0 1.11871e-294 1.99907e-212 2.00091e-09 2.04184 97.9582 
560290 1284690 0 0.0289605 0 0 0 8.32226e-298 1.08443e-214 1.49866e-09 1.92498 98.075 
562290 1284690 0 0.0285192 0 0 0 3.63626e-301 3.99629e-217 1.09868e-09 1.80685 98.1932 
564290 1284690 0 0.0280605 0 0 0 9.3366e-305 1.00043e-219 7.88368e-10 1.68852 98.3115 
566290 1284690 0 0.027586 0 0 0 1.4097e-308 1.7013e-222 5.53702e-10 1.57102 98.429 
568290 1284690 0 0.0270978 0 0 0 1.25262e-312 1.96528e-225 3.80638e-10 1.45528 98.5447 
570290 1284690 0 0.0265975 0 0 0 6.53861e-317 1.54209e-228 2.56118e-10 1.34214 98.6579 
572290 1284690 0 0.026087 0 0 0 0 8.21918e-232 1.68678e-10 1.23238 98.7676 
574290 1284690 0 0.0255679 0 0 0 0 2.97556e-235 1.08736e-10 1.12663 98.8734 
576290 1284690 0 0.0250417 0 0 0 0 7.31689e-239 6.86091e-11 1.02544 98.9746 
578290 1284690 0 0.02451 0 0 0 0 1.22206e-242 4.2373e-11 0.929261 99.0707 
580290 1284690 0 0.0239741 0 0 0 0 1.38633e-246 2.56152e-11 0.838424 99.1616 
582290 1284690 0 0.0234354 0 0 0 0 1.06818e-250 1.51569e-11 0.75317 99.2468 
584290 1284690 0 0.0228951 0 0 0 0 5.59016e-255 8.77876e-12 0.67364 99.3264 
586290 1284690 0 0.0223544 0 0 0 0 1.98706e-259 4.97699e-12 0.599892 99.4001 
588290 1284690 0 0.0218142 0 0 0 0 4.79748e-264 2.76195e-12 0.531903 99.4681 
590290 1284690 0 0.0212757 0 0 0 0 7.86754e-269 1.50033e-12 0.46958 99.5304 
592290 1284690 0 0.0207396 0 0 0 0 8.76408e-274 7.97775e-13 0.412772 99.5872 
594290 1284690 0 0.0202069 0 0 0 0 6.63191e-279 4.15244e-13 0.361275 99.6387 
596290 1284690 0 0.0196782 0 0 0 0 3.40932e-284 2.11573e-13 0.314846 99.6852 
598290 1284690 0 0.0191543 0 0 0 0 1.1908e-289 1.05524e-13 0.273209 99.7268 
600290 1284690 0 0.0186358 0 0 0 0 2.82622e-295 5.15213e-14 0.236066 99.7639 
602290 1284690 0 0.0181232 0 0 0 0 4.55878e-301 2.46244e-14 0.203103 99.7969 
604290 1284690 0 0.0176172 0 0 0 0 4.99878e-307 1.15211e-14 0.174001 99.826 
606290 1284690 0 0.0171181 0 0 0 0 3.72719e-313 5.27687e-15 0.148437 99.8516 
608290 1284690 0 0.0166264 0 0 0 0 3.27071e-319 2.36599e-15 0.126092 99.8739 
610290 1284690 0 0.0161424 0 0 0 0 0 1.03851e-15 0.10666 99.8933 
612290 1284690 0 0.0156664 0 0 0 0 0 4.4624e-16 0.0898417 99.9102 
614290 1284690 0 0.0151989 0 0 0 0 0 1.87712e-16 0.0753574 99.9246 
616290 1284690 0 0.0147399 0 0 0 0 0 7.73006e-17 0.0629429 99.9371 
618290 1284690 0 0.0142897 0 0 0 0 0 3.11633e-17 0.0523534 99.9476 
620290 1284690 0 0.0138486 0 0 0 0 0 1.22991e-17 0.0433634 99.9566 
622290 1284690 0 0.0134165 0 0 0 0 0 4.75203e-18 0.0357671 99.9642 
624290 1284690 0 0.0129937 0 0 0 0 0 1.79745e-18 0.0293784 99.9706 
626290 1284690 0 0.0125803 0 0 0 0 0 6.65598e-19 0.0240304 99.976 
628290 1284690 0 0.0121762 0 0 0 0 0 2.41292e-19 0.0195742 99.9804 
630290 1284690 0 0.0117816 0 0 0 0 0 8.56347e-20 0.015878 99.9841 
432290 1284690 0 0.011385 0 0 0 0 0 2.95776e-20 0.0127983 99.9872 
434290 1284690 0 0.01177 0 0 0 0 0 8.51394e-20 0.0158441 99.9842 
436290 1284690 0 0.0121644 0 0 0 0 0 2.39926e-19 0.0195332 99.9805 
438290 1284690 0 0.0125682 0 0 0 0 0 6.6191e-19 0.0239812 99.976 
440290 1284690 0 0.0129814 0 0 0 0 0 1.78771e-18 0.0293197 99.9707 
442290 1284690 0 0.013404 0 0 0 0 0 4.72686e-18 0.0356971 99.9643 
444290 1284690 0 0.0138359 0 0 0 0 0 1.22355e-17 0.0432806 99.9567 
446290 1284690 0 0.0142768 0 0 0 0 0 3.10058e-17 0.0522559 99.9477 
448290 1284690 0 0.0147268 0 0 0 0 0 7.69193e-17 0.0628285 99.9372 
450290 1284690 0 0.0151856 0 0 0 0 0 1.86809e-16 0.0752237 99.9248 
452290 1284690 0 0.015653 0 0 0 0 0 4.44147e-16 0.0896864 99.9103 
454290 1284690 0 0.0161288 0 0 0 0 0 1.03376e-15 0.10648 99.8935 
456290 1284690 0 0.0166127 0 0 0 0 3.27071e-319 2.35546e-15 0.125886 99.8741 
458290 1284690 0 0.0171043 0 0 0 0 3.5595e-313 5.25402e-15 0.1482 99.8518 
460290 1284690 0 0.0176032 0 0 0 0 4.77983e-307 1.14726e-14 0.173732 99.8263 
462290 1284690 0 0.0181092 0 0 0 0 4.36455e-301 2.45238e-14 0.202798 99.7972 
464290 1284690 0 0.0186216 0 0 0 0 2.70919e-295 5.13168e-14 0.235722 99.7643 
466290 1284690 0 0.0191401 0 0 0 0 1.14291e-289 1.05118e-13 0.272823 99.7272 
468290 1284690 0 0.0196639 0 0 0 0 3.27631e-284 2.10784e-13 0.314415 99.6856 
470290 1284690 0 0.0201926 0 0 0 0 6.38112e-279 4.13746e-13 0.360797 99.6392 
472290 1284690 0 0.0207253 0 0 0 0 8.44319e-274 7.94992e-13 0.412244 99.5878 
474290 1284690 0 0.0212614 0 0 0 0 7.58894e-269 1.49527e-12 0.469 99.531 
476290 1284690 0 0.0218 0 0 0 0 4.63337e-264 2.75298e-12 0.531269 99.4687 
478290 1284690 0 0.0223402 0 0 0 0 1.92149e-259 4.9614e-12 0.599204 99.4008 
480290 1284690 0 0.0228811 0 0 0 0 5.41242e-255 8.75231e-12 0.672898 99.3271 
482290 1284690 0 0.0234215 0 0 0 0 1.03551e-250 1.51131e-11 0.752373 99.2476 
484290 1284690 0 0.0239603 0 0 0 0 1.3456e-246 2.55441e-11 0.837575 99.1624 
486290 1284690 0 0.0244964 0 0 0 0 1.18764e-242 4.22604e-11 0.92836 99.0716 
488290 1284690 0 0.0250283 0 0 0 0 7.11965e-239 6.84348e-11 1.02449 98.9755 
490290 1284690 0 0.0255547 0 0 0 0 2.89896e-235 1.08472e-10 1.12563 98.8744 
492290 1284690 0 0.0260742 0 0 0 0 8.01757e-232 1.6829e-10 1.23134 98.7687 
494290 1284690 0 0.026585 0 0 0 6.42088e-317 1.50614e-228 2.55558e-10 1.34108 98.6589 
496290 1284690 0 0.0270856 0 0 0 1.23118e-312 1.92185e-225 3.7985e-10 1.45418 98.5458 
498290 1284690 0 0.0275742 0 0 0 1.3869e-308 1.66578e-222 5.5262e-10 1.56991 98.4301 
500290 1284690 0 0.0280491 0 0 0 9.19438e-305 9.80762e-220 7.8692e-10 1.6874 98.3126 
502290 1284690 0 0.0285083 0 0 0 3.5843e-301 3.92259e-217 1.09679e-09 1.80572 98.1943 
504290 1284690 0 0.0289501 0 0 0 8.21123e-298 1.06575e-214 1.49626e-09 1.92386 98.0761 
506290 1284690 0 0.0293724 0 0 0 1.10485e-294 1.96709e-212 1.99793e-09 2.04074 97.9593 
508290 1284690 0 0.0297733 0 0 0 8.7278e-292 2.46654e-210 2.61122e-09 2.15523 97.8448 
510290 1284690 0 0.0301509 0 0 0 4.04637e-289 2.10117e-208 3.34041e-09 2.26617 97.7338 
512290 1284690 0 0.0305033 0 0 0 1.1007e-286 1.21606e-206 4.18262e-09 2.37239 97.6276 
514290 1284690 0 0.0308286 0 0 0 1.75638e-284 4.78164e-205 5.12616e-09 2.47274 97.5273 
516290 1284690 0 0.0311251 0 0 0 1.64378e-282 1.27744e-203 6.14941e-09 2.56607 97.4339 
518290 1284690 0 0.0313911 0 0 0 9.0217e-281 2.31877e-202 7.22059e-09 2.65131 97.3487 
520290 1284690 0 0.0316252 0 0 0 2.90339e-279 2.85979e-201 8.29874e-09 2.72745 97.2725 
522290 1284690 0 0.0318257 0 0 0 5.4785e-278 2.39651e-200 9.33584e-09 2.79357 97.2064 
524290 1284690 0 0.0319917 0 0 0 6.06082e-277 1.36459e-199 1.02801e-08 2.84884 97.1512 
526290 1284690 0 0.0321219 0 0 0 3.93092e-276 5.27964e-199 1.10802e-08 2.89259 97.1074 
528290 1284690 0 0.0322157 0 0 0 1.49464e-275 1.38802e-198 1.16898e-08 2.92426 97.0757 
530290 1284690 0 0.0322724 0 0 0 3.33156e-275 2.47956e-198 1.20717e-08 2.94345 97.0566 
532290 1284690 0 0.0322916 0 0 0 4.35336e-275 3.00987e-198 1.22022e-08 2.94991 97.0501 
532290 1286690 0 0.0342168 0 0 5.78057e-320 7.74639e-264 4.13871e-190 3.44339e-08 3.64076 96.3592 
534290 1286690 0 0.0341964 0 0 4.34778e-320 5.9336e-264 3.41384e-190 3.40697e-08 3.63297 96.367 
536290 1286690 0 0.0341342 0 0 1.43279e-320 2.66416e-264 1.91354e-190 3.29962e-08 3.60952 96.3905 
538290 1286690 0 0.0340307 0 0 0 7.0118e-265 7.28865e-191 3.12805e-08 3.57073 96.4293 
540290 1286690 0 0.0338865 0 0 0 1.08175e-265 1.88654e-191 2.90265e-08 3.51708 96.4829 
542290 1286690 0 0.0337028 0 0 0 9.78281e-267 3.31811e-192 2.6365e-08 3.44924 96.5508 
544290 1286690 0 0.0334807 0 0 0 5.18617e-268 3.96564e-193 2.34406e-08 3.36804 96.632 
546290 1286690 0 0.0332216 0 0 0 1.61172e-269 3.22051e-194 2.03994e-08 3.27448 96.7255 
548290 1286690 0 0.0329272 0 0 0 2.93639e-271 1.77712e-195 1.73767e-08 3.16969 96.8303 
550290 1286690 0 0.0325994 0 0 0 3.13648e-273 6.66313e-197 1.44884e-08 3.05488 96.9451 
552290 1286690 0 0.03224 0 0 0 1.96431e-275 1.69745e-198 1.18242e-08 2.9314 97.0686 
554290 1286690 0 0.0318512 0 0 0 7.21378e-278 2.93807e-200 9.44542e-09 2.80062 97.1994 
556290 1286690 0 0.0314352 0 0 0 1.55367e-280 3.4551e-202 7.38521e-09 2.66397 97.336 
558290 1286690 0 0.0309941 0 0 0 1.96278e-283 2.76043e-204 5.65191e-09 2.52289 97.4771 
560290 1286690 0 0.0305302 0 0 0 1.4548e-286 1.49831e-206 4.23367e-09 2.3788 97.6212 
562290 1286690 0 0.0300457 0 0 0 6.32819e-290 5.52479e-209 3.10404e-09 2.23308 97.7669 
564290 1286690 0 0.0295428 0 0 0 1.61607e-293 1.38392e-211 2.22753e-09 2.08707 97.9129 
566290 1286690 0 0.0290238 0 0 0 2.42409e-297 2.35489e-214 1.5646e-09 1.94203 98.058 
568290 1286690 0 0.0284907 0 0 0 2.137e-301 2.72197e-217 1.07565e-09 1.79912 98.2009 
570290 1286690 0 0.0279455 0 0 0 1.10802e-305 2.13716e-220 7.23807e-10 1.65939 98.3406 
572290 1286690 0 0.0273902 0 0 0 3.38205e-310 1.13978e-223 4.76718e-10 1.52378 98.4762 
574290 1286690 0 0.0268266 0 0 0 6.08403e-315 4.12877e-227 3.07318e-10 1.39309 98.6069 
576290 1286690 0 0.0262564 0 0 0 1.87745e-320 1.01586e-230 1.93912e-10 1.26802 98.732 
578290 1286690 0 0.0256814 0 0 0 0 1.69764e-234 1.1976e-10 1.14911 98.8509 
580290 1286690 0 0.0251029 0 0 0 0 1.92687e-238 7.2396e-11 1.03679 98.9632 
582290 1286690 0 0.0245225 0 0 0 0 1.48542e-242 4.28367e-11 0.931356 99.0686 
584290 1286690 0 0.0239414 0 0 0 0 7.77736e-247 2.48096e-11 0.832989 99.167 
586290 1286690 0 0.0233609 0 0 0 0 2.76569e-251 1.40647e-11 0.741766 99.2582 
588290 1286690 0 0.022782 0 0 0 0 6.6798e-256 7.80457e-12 0.65766 99.3423 
590290 1286690 0 0.0222057 0 0 0 0 1.09577e-260 4.2392e-12 0.580563 99.4194 
592290 1286690 0 0.0216331 0 0 0 0 1.2209e-265 2.25392e-12 0.510286 99.4897 
594290 1286690 0 0.0210648 0 0 0 0 9.23987e-271 1.17305e-12 0.446581 99.5534 
596290 1286690 0 0.0205018 0 0 0 0 4.75002e-276 5.97619e-13 0.389148 99.6109 
598290 1286690 0 0.0199446 0 0 0 0 1.65883e-281 2.98034e-13 0.337646 99.6624 
600290 1286690 0 0.019394 0 0 0 0 3.93578e-287 1.45494e-13 0.291706 99.7083 
602290 1286690 0 0.0188504 0 0 0 0 6.34505e-293 6.95291e-14 0.250941 99.7491 
604290 1286690 0 0.0183144 0 0 0 0 6.95172e-299 3.25263e-14 0.214954 99.785 
606290 1286690 0 0.0177864 0 0 0 0 5.17728e-305 1.48955e-14 0.183346 99.8167 
608290 1286690 0 0.0172667 0 0 0 0 2.62176e-311 6.67775e-15 0.155724 99.8443 
610290 1286690 0 0.0167559 0 0 0 0 9.17035e-318 2.93064e-15 0.131704 99.8683 
612290 1286690 0 0.0162541 0 0 0 0 0 1.25909e-15 0.11092 99.8891 
614290 1286690 0 0.0157616 0 0 0 0 0 5.29563e-16 0.0930223 99.907 
616290 1286690 0 0.0152786 0 0 0 0 0 2.18044e-16 0.0776853 99.9223 
618290 1286690 0 0.0148054 0 0 0 0 0 8.78905e-17 0.0646051 99.9354 
620290 1286690 0 0.014342 0 0 0 0 0 3.46826e-17 0.0535025 99.9465 
622290 1286690 0 0.0138886 0 0 0 0 0 1.33984e-17 0.0441229 99.9559 
624290 1286690 0 0.0134453 0 0 0 0 0 5.06726e-18 0.0362359 99.9638 
626290 1286690 0 0.0130122 0 0 0 0 0 1.87615e-18 0.0296349 99.9704 
628290 1286690 0 0.0125892 0 0 0 0 0 6.80051e-19 0.0241355 99.9759 
630290 1286690 0 0.0121765 0 0 0 0 0 2.4132e-19 0.019575 99.9804 
432290 1286690 0 0.011762 0 0 0 0 0 8.33402e-20 0.0157759 99.9842 
434290 1286690 0 0.0121644 0 0 0 0 0 2.39926e-19 0.0195332 99.9805 
436290 1286690 0 0.0125769 0 0 0 0 0 6.76204e-19 0.0240851 99.9759 
438290 1286690 0 0.0129996 0 0 0 0 0 1.86577e-18 0.0295743 99.9704 
440290 1286690 0 0.0134325 0 0 0 0 0 5.03982e-18 0.0361635 99.9638 
442290 1286690 0 0.0138756 0 0 0 0 0 1.33275e-17 0.0440367 99.956 
444290 1286690 0 0.0143288 0 0 0 0 0 3.45032e-17 0.0534005 99.9466 
446290 1286690 0 0.0147919 0 0 0 0 0 8.74467e-17 0.0644848 99.9355 
448290 1286690 0 0.015265 0 0 0 0 0 2.1697e-16 0.0775442 99.9225 
450290 1286690 0 0.0157477 0 0 0 0 0 5.27017e-16 0.0928576 99.9071 
452290 1286690 0 0.01624 0 0 0 0 0 1.25319e-15 0.110728 99.8893 
454290 1286690 0 0.0167417 0 0 0 0 8.46977e-318 2.91726e-15 0.131483 99.8685 
456290 1286690 0 0.0172524 0 0 0 0 2.50069e-311 6.64807e-15 0.155469 99.8445 
458290 1286690 0 0.0177719 0 0 0 0 4.94436e-305 1.48311e-14 0.183055 99.8169 
460290 1286690 0 0.0182997 0 0 0 0 6.64727e-299 3.23896e-14 0.214622 99.7854 
462290 1286690 0 0.0188356 0 0 0 0 6.07474e-293 6.92452e-14 0.250565 99.7494 
464290 1286690 0 0.0193791 0 0 0 0 3.77281e-287 1.44917e-13 0.291282 99.7087 
466290 1286690 0 0.0199297 0 0 0 0 1.59214e-281 2.96888e-13 0.33717 99.6628 
468290 1286690 0 0.0204868 0 0 0 0 4.56473e-276 5.95393e-13 0.388617 99.6114 
470290 1286690 0 0.0210498 0 0 0 0 8.89053e-271 1.16882e-12 0.445992 99.554 
472290 1286690 0 0.021618 0 0 0 0 1.17621e-265 2.24607e-12 0.509635 99.4904 
474290 1286690 0 0.0221906 0 0 0 0 1.05698e-260 4.22494e-12 0.579848 99.4202 
476290 1286690 0 0.0227669 0 0 0 0 6.45135e-256 7.77924e-12 0.65688 99.3431 
478290 1286690 0 0.0233459 0 0 0 0 2.67444e-251 1.40207e-11 0.740918 99.2591 
480290 1286690 0 0.0239265 0 0 0 0 7.53015e-247 2.4735e-11 0.832075 99.1679 
482290 1286690 0 0.0245077 0 0 0 0 1.43999e-242 4.2713e-11 0.930375 99.0696 
484290 1286690 0 0.0250883 0 0 0 0 1.87027e-238 7.21955e-11 1.03574 98.9643 
486290 1286690 0 0.0256669 0 0 0 0 1.64983e-234 1.19442e-10 1.148 98.852 
488290 1286690 0 0.0262422 0 0 0 1.87745e-320 9.88481e-231 1.9342e-10 1.26685 98.7331 
490290 1286690 0 0.0268125 0 0 0 5.96278e-315 4.02252e-227 3.06575e-10 1.39187 98.6081 
492290 1286690 0 0.0273764 0 0 0 3.31778e-310 1.11183e-223 4.75622e-10 1.5225 98.4775 
494290 1286690 0 0.0279321 0 0 0 1.08801e-305 2.08735e-220 7.22228e-10 1.65808 98.3419 
496290 1286690 0 0.0284776 0 0 0 2.10041e-301 2.66184e-217 1.07343e-09 1.79777 98.2022 
498290 1286690 0 0.0290112 0 0 0 2.38488e-297 2.30574e-214 1.56156e-09 1.94066 98.0593 
500290 1286690 0 0.0295306 0 0 0 1.59145e-293 1.35672e-211 2.22345e-09 2.08569 97.9143 
502290 1286690 0 0.030034 0 0 0 6.23778e-290 5.42295e-209 3.09872e-09 2.2317 97.7683 
504290 1286690 0 0.030519 0 0 0 1.4354e-286 1.47251e-206 4.22691e-09 2.37742 97.6226 
506290 1286690 0 0.0309835 0 0 0 1.93846e-283 2.71629e-204 5.64353e-09 2.52154 97.4785 
508290 1286690 0 0.0314252 0 0 0 1.53589e-280 3.40407e-202 7.3751e-09 2.66266 97.3373 
510290 1286690 0 0.0318419 0 0 0 7.13809e-278 2.89828e-200 9.43358e-09 2.79936 97.2006 
512290 1286690 0 0.0322314 0 0 0 1.94557e-275 1.67654e-198 1.18108e-08 2.9302 97.0698 
514290 1286690 0 0.0325915 0 0 0 3.10953e-273 6.58921e-197 1.44736e-08 3.05376 96.9462 
516290 1286690 0 0.0329201 0 0 0 2.91395e-271 1.75959e-195 1.73609e-08 3.16865 96.8313 
518290 1286690 0 0.0332153 0 0 0 1.60094e-269 3.1927e-194 2.03831e-08 3.27355 96.7264 
520290 1286690 0 0.0334752 0 0 0 5.15643e-268 3.93626e-193 2.34246e-08 3.36722 96.6328 
522290 1286690 0 0.0336982 0 0 0 9.73604e-267 3.29762e-192 2.635e-08 3.44854 96.5515 
524290 1286690 0 0.0338828 0 0 0 1.07761e-265 1.87721e-191 2.90134e-08 3.51651 96.4835 
526290 1286690 0 0.0340279 0 0 0 6.99167e-265 7.26161e-191 3.12698e-08 3.5703 96.4297 
528290 1286690 0 0.0341323 0 0 1.43279e-320 2.65906e-264 1.90881e-190 3.29887e-08 3.60923 96.3908 
530290 1286690 0 0.0341954 0 0 4.34778e-320 5.92792e-264 3.40961e-190 3.40658e-08 3.63282 96.3672 
532290 1286690 0 0.0342168 0 0 5.78057e-320 7.74639e-264 4.13871e-190 3.44339e-08 3.64076 96.3592 
532290 1288690 0 0.0363244 0 0 2.34597e-306 8.1032e-253 3.85603e-182 9.50321e-08 4.46962 95.5304 
534290 1288690 0 0.0363014 0 0 1.70202e-306 6.20681e-253 3.18077e-182 9.40279e-08 4.46009 95.5399 
536290 1288690 0 0.0362317 0 0 6.49515e-307 2.7867e-253 1.78307e-182 9.1068e-08 4.43147 95.5685 
538290 1288690 0 0.0361157 0 0 1.30394e-307 7.33366e-254 6.79277e-183 8.63371e-08 4.38409 95.6159 
540290 1288690 0 0.0359543 0 0 1.37743e-308 1.13126e-254 1.75858e-183 8.01216e-08 4.31856 95.6814 
542290 1288690 0 0.0357487 0 0 7.65908e-310 1.02285e-255 3.09392e-184 7.27813e-08 4.23567 95.7643 
544290 1288690 0 0.0355004 0 0 2.24269e-311 5.42102e-257 3.69894e-185 6.47152e-08 4.13645 95.8636 
546290 1288690 0 0.035211 0 0 3.46008e-313 1.6841e-258 3.0051e-186 5.63255e-08 4.02208 95.9779 
548290 1288690 0 0.0348826 0 0 2.8147e-315 3.06678e-260 1.65899e-187 4.79858e-08 3.89393 96.1061 
550290 1288690 0 0.0345173 0 0 1.20522e-317 3.27368e-262 6.22325e-189 4.00154e-08 3.75349 96.2465 
552290 1288690 0 0.0341175 0 0 1.43279e-320 2.04855e-264 1.58624e-190 3.2662e-08 3.60237 96.3976 
554290 1288690 0 0.0336857 0 0 0 7.51511e-267 2.74714e-192 2.60949e-08 3.44226 96.5577 
556290 1288690 0 0.0332243 0 0 0 1.61636e-269 3.23251e-194 2.04063e-08 3.27488 96.7251 
558290 1288690 0 0.032736 0 0 0 2.03846e-272 2.58423e-196 1.56194e-08 3.10199 96.898 
560290 1288690 0 0.0322234 0 0 0 1.50759e-275 1.40359e-198 1.17017e-08 2.92534 97.0747 
562290 1288690 0 0.0316892 0 0 0 6.53985e-279 5.17903e-201 8.5807e-09 2.74661 97.2534 
564290 1288690 0 0.0311358 0 0 0 1.6644e-282 1.2982e-203 6.15854e-09 2.56744 97.4326 
566290 1288690 0 0.0305657 0 0 0 2.48598e-286 2.21058e-206 4.32627e-09 2.38938 97.6106 
568290 1288690 0 0.0299815 0 0 0 2.18003e-290 2.55696e-209 2.97461e-09 2.21386 97.7861 
570290 1288690 0 0.0293852 0 0 0 1.12302e-294 2.00902e-212 2.00182e-09 2.04218 97.9578 
572290 1288690 0 0.0287792 0 0 0 3.40065e-299 1.07218e-215 1.31857e-09 1.87549 98.1245 
574290 1288690 0 0.0281655 0 0 0 6.05849e-304 3.8866e-219 8.50078e-10 1.71481 98.2852 
576290 1288690 0 0.027546 0 0 0 6.35707e-309 9.56917e-223 5.36411e-10 1.56098 98.439 
578290 1288690 0 0.0269224 0 0 0 3.93379e-314 1.60019e-226 3.313e-10 1.41468 98.5853 
580290 1288690 0 0.0262965 0 0 0 3.7549e-320 1.81741e-230 2.00278e-10 1.27645 98.7235 
582290 1288690 0 0.0256698 0 0 0 0 1.40189e-234 1.18505e-10 1.14667 98.8533 
584290 1288690 0 0.0250435 0 0 0 0 7.3442e-239 6.86329e-11 1.02557 98.9744 
586290 1288690 0 0.0244191 0 0 0 0 2.61304e-243 3.89071e-11 0.913244 99.0868 
588290 1288690 0 0.0237977 0 0 0 0 6.31415e-248 2.15888e-11 0.809671 99.1903 
590290 1288690 0 0.0231802 0 0 0 0 1.03623e-252 1.17256e-11 0.714719 99.2853 
592290 1288690 0 0.0225676 0 0 0 0 1.15498e-257 6.23387e-12 0.628164 99.3718 
594290 1288690 0 0.0219609 0 0 0 0 8.74338e-263 3.24413e-12 0.549701 99.4503 
596290 1288690 0 0.0213606 0 0 0 0 4.49561e-268 1.65258e-12 0.478963 99.521 
598290 1288690 0 0.0207676 0 0 0 0 1.57009e-273 8.24054e-13 0.415531 99.5845 
600290 1288690 0 0.0201823 0 0 0 0 3.72494e-279 4.02238e-13 0.358954 99.641 
602290 1288690 0 0.0196054 0 0 0 0 6.00366e-285 1.92199e-13 0.308753 99.6912 
604290 1288690 0 0.0190374 0 0 0 0 6.57462e-291 8.99004e-14 0.264441 99.7356 
606290 1288690 0 0.0184785 0 0 0 0 4.89284e-297 4.11644e-14 0.225524 99.7745 
608290 1288690 0 0.0179292 0 0 0 0 2.47506e-303 1.84516e-14 0.19152 99.8085 
610290 1288690 0 0.0173898 0 0 0 0 8.51291e-310 8.09664e-15 0.161954 99.838 
612290 1288690 0 0.0168606 0 0 0 0 1.99318e-316 3.47805e-15 0.136375 99.8636 
614290 1288690 0 0.0163418 0 0 0 0 0 1.46262e-15 0.114352 99.8856 
616290 1288690 0 0.0158336 0 0 0 0 0 6.02135e-16 0.0954829 99.9045 
618290 1288690 0 0.015336 0 0 0 0 0 2.42676e-16 0.0793931 99.9206 
620290 1288690 0 0.0148494 0 0 0 0 0 9.57485e-17 0.0657385 99.9343 
622290 1288690 0 0.0143736 0 0 0 0 0 3.69839e-17 0.054205 99.9458 
624290 1288690 0 0.0139089 0 0 0 0 0 1.39852e-17 0.0445086 99.9555 
626290 1288690 0 0.0134551 0 0 0 0 0 5.17732e-18 0.0363946 99.9636 
628290 1288690 0 0.0130125 0 0 0 0 0 1.87637e-18 0.0296361 99.9704 
630290 1288690 0 0.0125808 0 0 0 0 0 6.65755e-19 0.0240325 99.976 
432290 1288690 0 0.0121478 0 0 0 0 0 2.29891e-19 0.0193653 99.9806 
434290 1288690 0 0.0125682 0 0 0 0 0 6.6191e-19 0.0239812 99.976 
436290 1288690 0 0.0129996 0 0 0 0 0 1.86577e-18 0.0295743 99.9704 
438290 1288690 0 0.0134421 0 0 0 0 0 5.14868e-18 0.0363203 99.9637 
440290 1288690 0 0.0138955 0 0 0 0 0 1.39096e-17 0.0444198 99.9556 
442290 1288690 0 0.01436 0 0 0 0 0 3.67883e-17 0.0540993 99.9459 
444290 1288690 0 0.0148355 0 0 0 0 0 9.52539e-17 0.0656133 99.9344 
446290 1288690 0 0.015322 0 0 0 0 0 2.41452e-16 0.0792455 99.9208 
448290 1288690 0 0.0158193 0 0 0 0 0 5.9917e-16 0.0953097 99.9047 
450290 1288690 0 0.0163273 0 0 0 0 0 1.45559e-15 0.11415 99.8859 
452290 1288690 0 0.016846 0 0 0 0 1.89315e-316 3.46177e-15 0.13614 99.8639 
454290 1288690 0 0.017375 0 0 0 0 8.10971e-310 8.05971e-15 0.161682 99.8383 
456290 1288690 0 0.0179142 0 0 0 0 2.36078e-303 1.83697e-14 0.191207 99.8088 
458290 1288690 0 0.0184633 0 0 0 0 4.67274e-297 4.09866e-14 0.225167 99.7748 
460290 1288690 0 0.019022 0 0 0 0 6.28672e-291 8.9523e-14 0.264033 99.736 
462290 1288690 0 0.0195899 0 0 0 0 5.74793e-285 1.91415e-13 0.308291 99.6917 
464290 1288690 0 0.0201667 0 0 0 0 3.57074e-279 4.00646e-13 0.358433 99.6416 
466290 1288690 0 0.0207518 0 0 0 0 1.50697e-273 8.20891e-13 0.414947 99.5851 
468290 1288690 0 0.0213448 0 0 0 0 4.32028e-268 1.64644e-12 0.47831 99.5217 
470290 1288690 0 0.021945 0 0 0 0 8.41287e-263 3.23246e-12 0.548977 99.451 
472290 1288690 0 0.0225517 0 0 0 0 1.11271e-257 6.21219e-12 0.627365 99.3726 
474290 1288690 0 0.0231642 0 0 0 0 9.99551e-253 1.16862e-11 0.713842 99.2862 
476290 1288690 0 0.0237817 0 0 0 0 6.09826e-248 2.15188e-11 0.808713 99.1913 
478290 1288690 0 0.0244032 0 0 0 0 2.52685e-243 3.87857e-11 0.912204 99.0878 
480290 1288690 0 0.0250277 0 0 0 0 7.11082e-239 6.84269e-11 1.02445 98.9756 
482290 1288690 0 0.025654 0 0 0 0 1.35903e-234 1.18163e-10 1.14547 98.8545 
484290 1288690 0 0.0262809 0 0 0 3.7549e-320 1.76405e-230 1.99724e-10 1.27517 98.7248 
486290 1288690 0 0.026907 0 0 0 3.84796e-314 1.55515e-226 3.30424e-10 1.41332 98.5867 
488290 1288690 0 0.0275307 0 0 0 6.22431e-309 9.3114e-223 5.35055e-10 1.55954 98.4405 
490290 1288690 0 0.0281505 0 0 0 5.93765e-304 3.78662e-219 8.48029e-10 1.71331 98.2867 
492290 1288690 0 0.0287645 0 0 0 3.33602e-299 1.0459e-215 1.31554e-09 1.87394 98.1261 
494290 1288690 0 0.0293708 0 0 0 1.10273e-294 1.96221e-212 1.99747e-09 2.04057 97.9594 
496290 1288690 0 0.0299675 0 0 0 2.14271e-290 2.5005e-209 2.96849e-09 2.21222 97.7878 
498290 1288690 0 0.0305522 0 0 0 2.44577e-286 2.16446e-206 4.31787e-09 2.38771 97.6123 
500290 1288690 0 0.0311227 0 0 0 1.63906e-282 1.2727e-203 6.1473e-09 2.56576 97.4342 
502290 1288690 0 0.0316766 0 0 0 6.44645e-279 5.0836e-201 8.56604e-09 2.74492 97.2551 
504290 1288690 0 0.0322114 0 0 0 1.48749e-275 1.37944e-198 1.16831e-08 2.92366 97.0763 
506290 1288690 0 0.0327246 0 0 0 2.01321e-272 2.54293e-196 1.55963e-08 3.10035 96.8997 
508290 1288690 0 0.0332135 0 0 0 1.59788e-269 3.18479e-194 2.03785e-08 3.27328 96.7267 
510290 1288690 0 0.0336756 0 0 0 7.4363e-267 2.70994e-192 2.60624e-08 3.44072 96.5593 
512290 1288690 0 0.0341082 0 0 1.43279e-320 2.02901e-264 1.5667e-190 3.2625e-08 3.60091 96.3991 
514290 1288690 0 0.0345088 0 0 1.20265e-317 3.24557e-262 6.15425e-189 3.99746e-08 3.75213 96.2479 
516290 1288690 0 0.0348749 0 0 2.79799e-315 3.04336e-260 1.64263e-187 4.79424e-08 3.89267 96.1073 
518290 1288690 0 0.0352041 0 0 3.44216e-313 1.67284e-258 2.97916e-186 5.62809e-08 4.02094 95.9791 
520290 1288690 0 0.0354944 0 0 2.23273e-311 5.38995e-257 3.67156e-185 6.46713e-08 4.13545 95.8646 
522290 1288690 0 0.0357437 0 0 7.63073e-310 1.01797e-255 3.07482e-184 7.27402e-08 4.23482 95.7652 
524290 1288690 0 0.0359503 0 0 1.37335e-308 1.12693e-254 1.74989e-183 8.00854e-08 4.31786 95.6821 
526290 1288690 0 0.0361126 0 0 1.30104e-307 7.31262e-254 6.76758e-183 8.63079e-08 4.38357 95.6164 
528290 1288690 0 0.0362296 0 0 6.48552e-307 2.78137e-253 1.77866e-182 9.10475e-08 4.43111 95.5689 
530290 1288690 0 0.0363004 0 0 1.70076e-306 6.20087e-253 3.17683e-182 9.40173e-08 4.45992 95.5401 
532290 1288690 0 0.0363244 0 0 2.34597e-306 8.1032e-253 3.85603e-182 9.50321e-08 4.46962 95.5304 
532290 1290690 0 0.0386441 0 0 2.28739e-293 4.97039e-242 2.43367e-174 2.56444e-07 5.45679 94.5432 
534290 1290690 0 0.0386182 0 0 1.65846e-293 3.80719e-242 2.00756e-174 2.53738e-07 5.44525 94.5548 
536290 1290690 0 0.0385396 0 0 6.31675e-294 1.70936e-242 1.12552e-174 2.4576e-07 5.41054 94.5895 
538290 1290690 0 0.0384088 0 0 1.26401e-294 4.49858e-243 4.28853e-175 2.33008e-07 5.35309 94.6469 
540290 1290690 0 0.038227 0 0 1.32911e-295 6.93949e-244 1.11054e-175 2.16253e-07 5.2736 94.7264 
542290 1290690 0 0.0379956 0 0 7.34576e-297 6.27463e-245 1.95442e-176 1.96464e-07 5.17304 94.827 
544290 1290690 0 0.0377163 0 0 2.13469e-298 3.32549e-246 2.3375e-177 1.74714e-07 5.05262 94.9474 
546290 1290690 0 0.0373912 0 0 3.26329e-300 1.03306e-247 1.89988e-178 1.52088e-07 4.91376 95.0862 
548290 1290690 0 0.0370227 0 0 2.62573e-302 1.88106e-249 1.04937e-179 1.29591e-07 4.75811 95.2419 
550290 1290690 0 0.0366135 0 0 1.11281e-304 2.00763e-251 3.93861e-181 1.08086e-07 4.58745 95.4125 
552290 1290690 0 0.0361663 0 0 2.48618e-307 1.25596e-253 1.00451e-182 8.82411e-08 4.40372 95.5963 
554290 1290690 0 0.035684 0 0 2.931e-310 4.60559e-256 1.74079e-184 7.05135e-08 4.20895 95.791 
556290 1290690 0 0.0351697 0 0 1.82542e-313 9.89987e-259 2.04976e-186 5.51532e-08 4.00523 95.9948 
558290 1290690 0 0.0346265 0 0 6.00843e-317 1.24747e-261 1.63986e-188 4.22241e-08 3.79468 96.2053 
560290 1290690 0 0.0340575 0 0 0 9.21557e-265 8.91327e-191 3.164e-08 3.57941 96.4206 
562290 1290690 0 0.0334656 0 0 0 3.99165e-268 3.29138e-193 2.32058e-08 3.3615 96.6385 
564290 1290690 0 0.0328539 0 0 0 1.01388e-271 8.25676e-196 1.66584e-08 3.14292 96.8571 
566290 1290690 0 0.0322252 0 0 0 1.51049e-275 1.40707e-198 1.17044e-08 2.92558 97.0744 
568290 1290690 0 0.0315823 0 0 0 1.32026e-279 1.62885e-201 8.04895e-09 2.71121 97.2888 
570290 1290690 0 0.0309277 0 0 0 6.77286e-284 1.28081e-204 5.41754e-09 2.50141 97.4986 
572290 1290690 0 0.0302641 0 0 0 2.04016e-288 6.84093e-208 3.56892e-09 2.29763 97.7024 
574290 1290690 0 0.0295936 0 0 0 3.6108e-293 2.48174e-211 2.30115e-09 2.10109 97.8989 
576290 1290690 0 0.0289183 0 0 0 3.75781e-298 6.11496e-215 1.45221e-09 1.91285 98.0872 
578290 1290690 0 0.0282402 0 0 0 2.30198e-303 1.02333e-218 8.96988e-10 1.73376 98.2662 
580290 1290690 0 0.0275612 0 0 0 8.31108e-309 1.16309e-222 5.4228e-10 1.56449 98.4355 
582290 1290690 0 0.0268827 0 0 0 1.77125e-314 8.97795e-227 3.2088e-10 1.40551 98.5945 
584290 1290690 0 0.0262063 0 0 0 0 4.70651e-231 1.85844e-10 1.25713 98.7429 
586290 1290690 0 0.0255334 0 0 0 0 1.67561e-235 1.05352e-10 1.11946 98.8805 
588290 1290690 0 0.024865 0 0 0 0 4.05133e-240 5.84568e-11 0.992504 99.0075 
590290 1290690 0 0.0242022 0 0 0 0 6.6523e-245 3.17488e-11 0.876094 99.1239 
592290 1290690 0 0.0235461 0 0 0 0 7.41819e-250 1.68781e-11 0.769967 99.23 
594290 1290690 0 0.0228973 0 0 0 0 5.61801e-255 8.78284e-12 0.673754 99.3262 
596290 1290690 0 0.0222567 0 0 0 0 2.88959e-260 4.47366e-12 0.58701 99.413 
598290 1290690 0 0.0216248 0 0 0 0 1.00943e-265 2.23056e-12 0.509225 99.4908 
600290 1290690 0 0.0210023 0 0 0 0 2.3951e-271 1.08867e-12 0.439847 99.5602 
602290 1290690 0 0.0203896 0 0 0 0 3.86023e-277 5.20129e-13 0.378291 99.6217 
604290 1290690 0 0.0197872 0 0 0 0 4.22655e-283 2.43258e-13 0.323959 99.676 
606290 1290690 0 0.0191954 0 0 0 0 3.14415e-289 1.1137e-13 0.276247 99.7238 
608290 1290690 0 0.0186145 0 0 0 0 1.58942e-295 4.9914e-14 0.234562 99.7654 
610290 1290690 0 0.0180448 0 0 0 0 5.46134e-302 2.18993e-14 0.198323 99.8017 
612290 1290690 0 0.0174866 0 0 0 0 1.2759e-308 9.40585e-15 0.166974 99.833 
614290 1290690 0 0.0169399 0 0 0 0 2.02752e-315 3.95484e-15 0.139988 99.86 
616290 1290690 0 0.016405 0 0 0 0 0 1.6279e-15 0.11687 99.8831 
618290 1290690 0 0.0158819 0 0 0 0 0 6.55987e-16 0.0971608 99.9028 
620290 1290690 0 0.0153708 0 0 0 0 0 2.58783e-16 0.0804373 99.9196 
622290 1290690 0 0.0148716 0 0 0 0 0 9.99431e-17 0.0663141 99.9337 
624290 1290690 0 0.0143844 0 0 0 0 0 3.77874e-17 0.0544428 99.9456 
626290 1290690 0 0.0139092 0 0 0 0 0 1.39869e-17 0.0445106 99.9555 
628290 1290690 0 0.0134459 0 0 0 0 0 5.06845e-18 0.0362391 99.9638 
630290 1290690 0 0.0129945 0 0 0 0 0 1.79809e-18 0.0293823 99.9706 
432290 1290690 0 0.0125422 0 0 0 0 0 6.20818e-19 0.0236724 99.9763 
434290 1290690 0 0.0129814 0 0 0 0 0 1.78771e-18 0.0293197 99.9707 
436290 1290690 0 0.0134325 0 0 0 0 0 5.03982e-18 0.0361635 99.9638 
438290 1290690 0 0.0138955 0 0 0 0 0 1.39096e-17 0.0444198 99.9556 
440290 1290690 0 0.0143705 0 0 0 0 0 3.75832e-17 0.0543342 99.9457 
442290 1290690 0 0.0148574 0 0 0 0 0 9.94151e-17 0.066185 99.9338 
444290 1290690 0 0.0153564 0 0 0 0 0 2.57448e-16 0.0802843 99.9197 
446290 1290690 0 0.0158673 0 0 0 0 0 6.52681e-16 0.0969804 99.903 
448290 1290690 0 0.0163901 0 0 0 0 0 1.61989e-15 0.116658 99.8833 
450290 1290690 0 0.0169248 0 0 0 0 1.92675e-315 3.93587e-15 0.139741 99.8603 
452290 1290690 0 0.0174712 0 0 0 0 1.21396e-308 9.36187e-15 0.166687 99.8333 
454290 1290690 0 0.0180292 0 0 0 0 5.2027e-302 2.17996e-14 0.19799 99.802 
456290 1290690 0 0.0185987 0 0 0 0 1.51604e-295 4.96927e-14 0.23418 99.7658 
458290 1290690 0 0.0191794 0 0 0 0 3.00273e-289 1.1089e-13 0.27581 99.7242 
460290 1290690 0 0.019771 0 0 0 0 4.0415e-283 2.42238e-13 0.32346 99.6765 
462290 1290690 0 0.0203733 0 0 0 0 3.69583e-277 5.18011e-13 0.377726 99.6223 
464290 1290690 0 0.0209858 0 0 0 0 2.29597e-271 1.08436e-12 0.43921 99.5608 
466290 1290690 0 0.0216082 0 0 0 0 9.68858e-266 2.22201e-12 0.508511 99.4915 
468290 1290690 0 0.02224 0 0 0 0 2.77692e-260 4.45705e-12 0.586213 99.4138 
470290 1290690 0 0.0228805 0 0 0 0 5.4057e-255 8.75129e-12 0.672869 99.3271 
472290 1290690 0 0.0235292 0 0 0 0 7.14676e-250 1.68196e-11 0.76899 99.231 
474290 1290690 0 0.0241854 0 0 0 0 6.4169e-245 3.16423e-11 0.875022 99.125 
476290 1290690 0 0.0248481 0 0 0 0 3.91285e-240 5.82678e-11 0.991334 99.0087 
478290 1290690 0 0.0255165 0 0 0 0 1.62036e-235 1.05024e-10 1.11819 98.8818 
480290 1290690 0 0.0261895 0 0 0 0 4.55699e-231 1.85287e-10 1.25576 98.7442 
482290 1290690 0 0.026866 0 0 0 1.72931e-314 8.70358e-227 3.19958e-10 1.40404 98.596 
484290 1290690 0 0.0275445 0 0 0 8.12191e-309 1.12895e-222 5.40785e-10 1.56292 98.4371 
486290 1290690 0 0.0282238 0 0 0 2.25174e-303 9.94535e-219 8.94621e-10 1.7321 98.2679 
488290 1290690 0 0.028902 0 0 0 3.67933e-298 5.95029e-215 1.44855e-09 1.9111 98.0889 
490290 1290690 0 0.0295775 0 0 0 3.53878e-293 2.41792e-211 2.29563e-09 2.09926 97.9007 
492290 1290690 0 0.0302483 0 0 0 2.00139e-288 6.67331e-208 3.56077e-09 2.29573 97.7043 
494290 1290690 0 0.0309123 0 0 0 6.65056e-284 1.25099e-204 5.40579e-09 2.49946 97.5005 
496290 1290690 0 0.0315672 0 0 0 1.29766e-279 1.5929e-201 8.03244e-09 2.70921 97.2908 
498290 1290690 0 0.0322105 0 0 0 1.48606e-275 1.37773e-198 1.16818e-08 2.92354 97.0765 
500290 1290690 0 0.0328397 0 0 0 9.9845e-272 8.09463e-196 1.66282e-08 3.14087 96.8591 
502290 1290690 0 0.0334519 0 0 0 3.93467e-268 3.23076e-193 2.31663e-08 3.35945 96.6406 
504290 1290690 0 0.0340444 0 0 0 9.09276e-265 8.75999e-191 3.15898e-08 3.57738 96.4226 
506290 1290690 0 0.0346141 0 0 5.93353e-317 1.23203e-261 1.61366e-188 4.2162e-08 3.79269 96.2073 
508290 1290690 0 0.035158 0 0 1.80924e-313 9.78671e-259 2.01952e-186 5.50784e-08 4.00329 95.9967 
510290 1290690 0 0.035673 0 0 2.90718e-310 4.55732e-256 1.71724e-184 7.0426e-08 4.20709 95.7929 
