#EAST NORTH ELEV Kg/m^2 [-4.5->-3.375) [-3.375->-2.25) [-2.25->-1.125) [-1.125->0) [0->1.125) [1.125->2.25) [2.25->3.375) [3.375->4.5) (percent)
532290 1282690 0 0.0305238 2.22852e-280 2.40986e-212 2.74778e-147 1.43204e-87 6.56388e-36 4.22981e-09 2.37801 97.622 
534290 1282690 0 0.0305072 1.72393e-280 1.97638e-212 2.39216e-147 1.31746e-87 6.33476e-36 4.18501e-09 2.37288 97.6271 
536290 1282690 0 0.0304569 7.97864e-281 1.08989e-212 1.5779e-147 1.02557e-87 5.69305e-36 4.05299e-09 2.35746 97.6425 
538290 1282690 0 0.030373 2.20946e-281 4.04139e-213 7.88591e-148 6.75514e-88 4.76438e-36 3.842e-09 2.33195 97.668 
540290 1282690 0 0.0302562 3.66153e-282 1.0077e-213 2.98608e-148 3.76481e-88 3.71289e-36 3.56484e-09 2.29668 97.7033 
542290 1282690 0 0.030107 3.63201e-283 1.68969e-214 8.5669e-149 1.77537e-88 2.69439e-36 3.23761e-09 2.25209 97.7479 
544290 1282690 0 0.0299265 2.15701e-284 1.90535e-215 1.86215e-149 7.08376e-89 1.82075e-36 2.87813e-09 2.19874 97.8013 
546290 1282690 0 0.0297154 7.67188e-286 1.44503e-216 3.06669e-150 2.39147e-89 1.14572e-36 2.50434e-09 2.1373 97.8627 
548290 1282690 0 0.0294752 1.63468e-287 7.37143e-218 3.8263e-151 6.83103e-90 6.71341e-37 2.13293e-09 2.0685 97.9315 
550290 1282690 0 0.029207 2.0873e-289 2.52964e-219 3.6169e-152 1.6509e-90 3.66303e-37 1.77809e-09 1.99318 98.0068 
552290 1282690 0 0.0289124 1.59769e-291 5.84077e-221 2.59021e-153 3.37565e-91 1.86109e-37 1.45087e-09 1.91221 98.0878 
554290 1282690 0 0.0285927 7.33303e-294 9.0756e-223 1.40528e-154 5.83971e-92 8.80484e-38 1.15878e-09 1.82651 98.1735 
556290 1282690 0 0.0282496 2.01868e-296 9.49263e-225 5.77582e-156 8.54698e-93 3.87881e-38 9.05864e-10 1.73701 98.263 
558290 1282690 0 0.0278848 3.33383e-299 6.68568e-227 1.79836e-157 1.05831e-93 1.59109e-38 6.93139e-10 1.64467 98.3553 
560290 1282690 0 0.0274998 3.30355e-302 3.17194e-229 4.24173e-159 1.10861e-94 6.07725e-39 5.19123e-10 1.55041 98.4496 
562290 1282690 0 0.0270964 1.9644e-305 1.01424e-231 7.57885e-161 9.82441e-96 2.16139e-39 3.80551e-10 1.45515 98.5448 
564290 1282690 0 0.0266763 7.00996e-309 2.18702e-234 1.02577e-162 7.36515e-97 7.15761e-40 2.73054e-10 1.35977 98.6402 
566290 1282690 0 0.0262411 1.50122e-312 3.18257e-237 1.05165e-164 4.67085e-98 2.20703e-40 1.91768e-10 1.26506 98.7349 
568290 1282690 0 0.0257925 1.9299e-316 3.12824e-240 8.16706e-167 2.50575e-99 6.33655e-41 1.31826e-10 1.1718 98.8282 
570290 1282690 0 0.0253321 1.92686e-320 2.07907e-243 4.80421e-169 1.1371e-100 1.69394e-41 8.86989e-11 1.08066 98.9193 
572290 1282690 0 0.0248614 0 9.35425e-247 2.14061e-171 4.36485e-102 4.21638e-42 5.84162e-11 0.992253 99.0077 
574290 1282690 0 0.0243819 0 2.85313e-250 7.22449e-174 1.41722e-103 9.77182e-43 3.76572e-11 0.907094 99.0929 
576290 1282690 0 0.023895 0 5.90838e-254 1.84685e-176 3.89222e-105 2.10865e-43 2.37609e-11 0.825623 99.1744 
578290 1282690 0 0.0234022 0 8.3208e-258 3.5761e-179 9.04142e-107 4.23665e-44 1.46752e-11 0.748193 99.2518 
580290 1282690 0 0.0229047 0 7.98254e-262 5.24504e-182 1.77643e-108 7.92554e-45 8.87173e-12 0.675073 99.3249 
582290 1282690 0 0.0224038 0 5.22526e-266 5.82713e-185 2.95203e-110 1.38045e-45 5.24982e-12 0.606452 99.3935 
584290 1282690 0 0.0219005 0 2.33724e-270 4.9039e-188 4.14904e-112 2.2387e-46 3.04084e-12 0.542442 99.4576 
586290 1282690 0 0.021396 0 7.15234e-275 3.12629e-191 4.93199e-114 3.38027e-47 1.72409e-12 0.483088 99.5169 
588290 1282690 0 0.0208913 0 1.49863e-279 1.50989e-194 4.95831e-116 4.75212e-48 9.56856e-13 0.428369 99.5716 
590290 1282690 0 0.0203873 0 2.15084e-284 5.52489e-198 4.21577e-118 6.22013e-49 5.19826e-13 0.37821 99.6218 
592290 1282690 0 0.0198849 0 2.11423e-289 1.53185e-201 3.0314e-120 7.58031e-50 2.76438e-13 0.332488 99.6675 
594290 1282690 0 0.0193848 0 1.42269e-294 3.21874e-205 1.84343e-122 8.60097e-51 1.43903e-13 0.291039 99.709 
596290 1282690 0 0.018888 0 6.54829e-300 5.12646e-209 9.48027e-125 9.08611e-52 7.33293e-14 0.253666 99.7463 
598290 1282690 0 0.0183949 0 2.05946e-305 6.19045e-213 4.12305e-127 8.93669e-53 3.65785e-14 0.220147 99.7799 
600290 1282690 0 0.0179064 0 4.42063e-311 5.66945e-217 1.51641e-129 8.18352e-54 1.78615e-14 0.190243 99.8098 
602290 1282690 0 0.0174228 0 6.45699e-317 3.93964e-221 4.71634e-132 6.97696e-55 8.53799e-15 0.163702 99.8363 
604290 1282690 0 0.0169448 0 0 2.07828e-225 1.24046e-134 5.53798e-56 3.99526e-15 0.140266 99.8597 
606290 1282690 0 0.0164729 0 0 8.32876e-230 2.75895e-137 4.09254e-57 1.83016e-15 0.119676 99.8803 
608290 1282690 0 0.0160074 0 0 2.53784e-234 5.18902e-140 2.81571e-58 8.20707e-16 0.101676 99.8983 
610290 1282690 0 0.0155487 0 0 5.88604e-239 8.25281e-143 1.80356e-59 3.60287e-16 0.0860199 99.914 
612290 1282690 0 0.0150973 0 0 1.04049e-243 1.10992e-145 1.07552e-60 1.54835e-16 0.0724679 99.9275 
614290 1282690 0 0.0146533 0 0 1.40413e-248 1.26227e-148 5.97102e-62 6.51413e-17 0.0607943 99.9392 
616290 1282690 0 0.0142171 0 0 1.44928e-253 1.21391e-151 3.08614e-63 2.68293e-17 0.0507872 99.9492 
618290 1282690 0 0.0137889 0 0 1.14659e-258 9.87157e-155 1.48496e-64 1.08176e-17 0.0422495 99.9578 
620290 1282690 0 0.0133688 0 0 6.96929e-264 6.78827e-158 6.65184e-66 4.26997e-18 0.0350001 99.965 
622290 1282690 0 0.0129572 0 0 3.2624e-269 3.94735e-161 2.77392e-67 1.65002e-18 0.0288735 99.9711 
624290 1282690 0 0.0125539 0 0 1.17878e-274 1.94102e-164 1.07687e-68 6.24203e-19 0.0237199 99.9763 
626290 1282690 0 0.0121593 0 0 3.29383e-280 8.07127e-168 3.89178e-70 2.31173e-19 0.019405 99.9806 
628290 1282690 0 0.0117734 0 0 7.12708e-286 2.83824e-171 1.30931e-71 8.38151e-20 0.015809 99.9842 
630290 1282690 0 0.0113962 0 0 1.19485e-291 8.44043e-175 4.10053e-73 2.97498e-20 0.0128258 99.9872 
432290 1282690 0 0.0110169 0 0 1.52788e-297 2.09229e-178 1.18265e-74 1.02765e-20 0.0103396 99.9897 
434290 1282690 0 0.011385 0 0 1.17688e-291 8.32158e-175 4.05747e-73 2.95776e-20 0.0127983 99.9872 
436290 1282690 0 0.011762 0 0 7.02203e-286 2.7991e-171 1.29584e-71 8.33402e-20 0.0157759 99.9842 
438290 1282690 0 0.0121478 0 0 3.24624e-280 7.96231e-168 3.85261e-70 2.29891e-19 0.0193653 99.9806 
440290 1282690 0 0.0125422 0 0 1.1621e-274 1.91539e-164 1.06627e-68 6.20818e-19 0.0236724 99.9763 
442290 1282690 0 0.0129452 0 0 3.21719e-269 3.89636e-161 2.74721e-67 1.64127e-18 0.028817 99.9712 
444290 1282690 0 0.0133567 0 0 6.8748e-264 6.70256e-158 6.58926e-66 4.24785e-18 0.0349332 99.9651 
446290 1282690 0 0.0137765 0 0 1.13139e-258 9.7498e-155 1.47131e-64 1.07629e-17 0.0421707 99.9578 
448290 1282690 0 0.0142046 0 0 1.4305e-253 1.19928e-151 3.05844e-63 2.66969e-17 0.0506947 99.9493 
450290 1282690 0 0.0146407 0 0 1.38636e-248 1.24744e-148 5.91874e-62 6.48276e-17 0.0606863 99.9393 
452290 1282690 0 0.0150845 0 0 1.02764e-243 1.0972e-145 1.06634e-60 1.54108e-16 0.0723425 99.9277 
454290 1282690 0 0.0155358 0 0 5.81516e-239 8.1606e-143 1.78855e-59 3.58638e-16 0.0858749 99.9141 
456290 1282690 0 0.0159943 0 0 2.50806e-234 5.13254e-140 2.79289e-58 8.17052e-16 0.10151 99.8985 
458290 1282690 0 0.0164597 0 0 8.2336e-230 2.72973e-137 4.06027e-57 1.82222e-15 0.119485 99.8805 
460290 1282690 0 0.0169315 0 0 2.05518e-225 1.22768e-134 5.49551e-56 3.97843e-15 0.140048 99.86 
462290 1282690 0 0.0174094 0 6.39667e-317 3.89707e-221 4.66911e-132 6.92497e-55 8.50304e-15 0.163456 99.8365 
464290 1282690 0 0.0178929 0 4.3765e-311 5.60994e-217 1.50166e-129 8.12431e-54 1.77905e-14 0.189965 99.81 
466290 1282690 0 0.0183814 0 2.0395e-305 6.1274e-213 4.08415e-127 8.87396e-53 3.64375e-14 0.219836 99.7802 
468290 1282690 0 0.0188744 0 6.48675e-300 5.07584e-209 9.39357e-125 9.0243e-52 7.30555e-14 0.253318 99.7467 
470290 1282690 0 0.0193713 0 1.40973e-294 3.18796e-205 1.82711e-122 8.54432e-51 1.43383e-13 0.290653 99.7093 
472290 1282690 0 0.0198713 0 2.09558e-289 1.51768e-201 3.00543e-120 7.53202e-50 2.75472e-13 0.332062 99.6679 
474290 1282690 0 0.0203738 0 2.1325e-284 5.47549e-198 4.18087e-118 6.18185e-49 5.18071e-13 0.377742 99.6223 
476290 1282690 0 0.0208778 0 1.48629e-279 1.49686e-194 4.9187e-116 4.72389e-48 9.5374e-13 0.427858 99.5721 
478290 1282690 0 0.0213826 0 7.09548e-275 3.10028e-191 4.894e-114 3.36092e-47 1.71868e-12 0.482532 99.5175 
480290 1282690 0 0.0218872 0 2.31934e-270 4.86463e-188 4.11829e-112 2.22636e-46 3.03166e-12 0.541843 99.4582 
482290 1282690 0 0.0223906 0 5.18675e-266 5.78227e-185 2.93099e-110 1.37314e-45 5.2346e-12 0.605808 99.3942 
484290 1282690 0 0.0228917 0 7.92603e-262 5.20629e-182 1.76428e-108 7.88528e-45 8.84706e-12 0.674386 99.3256 
486290 1282690 0 0.0233894 0 8.26431e-258 3.55079e-179 8.9822e-107 4.21604e-44 1.46361e-11 0.747465 99.2525 
488290 1282690 0 0.0238825 0 5.87e-254 1.83435e-176 3.86784e-105 2.09884e-43 2.37004e-11 0.824856 99.1751 
490290 1282690 0 0.0243695 0 2.83542e-250 7.17783e-174 1.40876e-103 9.72846e-43 3.75658e-11 0.90629 99.0937 
492290 1282690 0 0.0248493 0 9.29896e-247 2.12745e-171 4.34002e-102 4.19856e-42 5.82813e-11 0.991417 99.0086 
494290 1282690 0 0.0253203 1.92686e-320 2.06739e-243 4.77616e-169 1.13096e-100 1.68714e-41 8.85044e-11 1.0798 98.9202 
496290 1282690 0 0.0257811 1.92117e-316 3.11159e-240 8.12189e-167 2.49293e-99 6.31249e-41 1.31552e-10 1.17092 98.8291 
498290 1282690 0 0.0262301 1.49466e-312 3.16657e-237 1.04616e-164 4.64828e-98 2.19912e-40 1.91393e-10 1.26416 98.7358 
500290 1282690 0 0.0266657 6.98114e-309 2.17667e-234 1.02073e-162 7.33168e-97 7.13347e-40 2.72551e-10 1.35886 98.6411 
502290 1282690 0 0.0270863 1.95682e-305 1.00974e-231 7.54396e-161 9.78256e-96 2.15456e-39 3.79894e-10 1.45424 98.5458 
504290 1282690 0 0.0274901 3.29166e-302 3.15881e-229 4.22351e-159 1.10421e-94 6.05934e-39 5.18287e-10 1.54951 98.4505 
506290 1282690 0 0.0278756 3.3227e-299 6.65997e-227 1.79119e-157 1.0544e-93 1.58674e-38 6.92104e-10 1.64378 98.3562 
508290 1282690 0 0.028241 2.01246e-296 9.45895e-225 5.75456e-156 8.51788e-93 3.86901e-38 9.04616e-10 1.73614 98.2639 
510290 1282690 0 0.0285847 7.31231e-294 9.04607e-223 1.40054e-154 5.82149e-92 8.78446e-38 1.15731e-09 1.82567 98.1743 
512290 1282690 0 0.028905 1.59359e-291 5.8235e-221 2.58227e-153 3.36608e-91 1.85718e-37 1.44921e-09 1.91142 98.0886 
514290 1282690 0 0.0292003 2.08248e-289 2.52291e-219 3.60693e-152 1.64668e-90 3.6561e-37 1.77626e-09 1.99244 98.0076 
516290 1282690 0 0.0294691 1.63133e-287 7.35399e-218 3.81692e-151 6.81554e-90 6.70212e-37 2.13097e-09 2.06782 97.9322 
518290 1282690 0 0.0297101 7.65809e-286 1.44204e-216 3.06011e-150 2.38673e-89 1.14404e-36 2.50234e-09 2.13668 97.8633 
520290 1282690 0 0.0299218 2.15368e-284 1.90197e-215 1.85873e-149 7.07171e-89 1.81846e-36 2.87615e-09 2.1982 97.8018 
522290 1282690 0 0.0301031 3.62734e-283 1.68719e-214 8.55378e-149 1.77285e-88 2.69156e-36 3.23576e-09 2.25162 97.7484 
524290 1282690 0 0.030253 3.65777e-282 1.00651e-213 2.98242e-148 3.76054e-88 3.70977e-36 3.56321e-09 2.2963 97.7037 
526290 1282690 0 0.0303707 2.20776e-281 4.03781e-213 7.87866e-148 6.74939e-88 4.76138e-36 3.84068e-09 2.33167 97.6683 
528290 1282690 0 0.0304553 7.97454e-281 1.08924e-212 1.57694e-147 1.02499e-87 5.69066e-36 4.05206e-09 2.35727 97.6427 
530290 1282690 0 0.0305064 1.72349e-280 1.9758e-212 2.39143e-147 1.31709e-87 6.33343e-36 4.18453e-09 2.37278 97.6272 
532290 1282690 0 0.0305238 2.22852e-280 2.40986e-212 2.74778e-147 1.43204e-87 6.56388e-36 4.22981e-09 2.37801 97.622 
532290 1284690 0 0.0322916 2.54231e-269 8.24242e-204 2.53579e-141 5.58554e-84 2.23452e-34 1.22022e-08 2.94991 97.0501 
534290 1284690 0 0.0322732 1.96539e-269 6.75932e-204 2.20765e-141 5.13876e-84 2.15654e-34 1.20731e-08 2.94357 97.0564 
536290 1284690 0 0.0322174 9.07854e-270 3.72668e-204 1.45631e-141 4.00049e-84 1.93814e-34 1.16924e-08 2.9245 97.0755 
538290 1284690 0 0.0321245 2.50606e-270 1.38139e-204 7.27911e-142 2.6353e-84 1.62206e-34 1.1084e-08 2.89294 97.1071 
540290 1284690 0 0.0319951 4.13495e-271 3.44264e-205 2.75677e-142 1.46894e-84 1.26416e-34 1.02848e-08 2.84931 97.1507 
542290 1284690 0 0.03183 4.07928e-272 5.76845e-206 7.91074e-143 6.92837e-85 9.17466e-35 9.34117e-09 2.79414 97.2059 
544290 1284690 0 0.0316302 2.40709e-273 6.49881e-207 1.71997e-143 2.76507e-85 6.20048e-35 8.30442e-09 2.72812 97.2719 
546290 1284690 0 0.031397 8.49933e-275 4.92307e-208 2.83338e-144 9.33736e-86 3.90216e-35 7.22635e-09 2.65208 97.3479 
548290 1284690 0 0.0311317 1.79666e-276 2.50779e-209 3.53641e-145 2.66794e-86 2.2868e-35 6.15502e-09 2.56692 97.4331 
550290 1284690 0 0.0308359 2.27488e-278 8.59083e-211 3.34412e-146 6.44994e-87 1.24793e-35 5.13144e-09 2.47365 97.5263 
552290 1284690 0 0.0305112 1.72615e-280 1.9793e-212 2.39583e-147 1.31933e-87 6.34141e-36 4.1874e-09 2.37337 97.6266 
554290 1284690 0 0.0301595 7.85311e-283 3.06748e-214 1.30039e-148 2.28328e-88 3.00063e-36 3.34461e-09 2.2672 97.7328 
556290 1284690 0 0.0297825 2.14313e-285 3.19829e-216 5.34713e-150 3.3432e-89 1.32211e-36 2.61481e-09 2.1563 97.8437 
558290 1284690 0 0.0293822 3.50974e-288 2.24397e-218 1.66568e-151 4.14147e-90 5.42428e-37 2.00091e-09 2.04184 97.9582 
560290 1284690 0 0.0289605 3.45035e-291 1.05973e-220 3.9307e-153 4.34034e-91 2.07222e-37 1.49866e-09 1.92498 98.075 
562290 1284690 0 0.0285192 2.03668e-294 3.36983e-223 7.02666e-155 3.84822e-92 7.37132e-38 1.09868e-09 1.80685 98.1932 
564290 1284690 0 0.0280605 7.21981e-298 7.21848e-226 9.51514e-157 2.88636e-93 2.44154e-38 7.88368e-10 1.68852 98.3115 
566290 1284690 0 0.027586 1.5371e-301 1.04218e-228 9.76021e-159 1.83141e-94 7.52989e-39 5.53702e-10 1.57102 98.429 
568290 1284690 0 0.0270978 1.96541e-305 1.01484e-231 7.58352e-161 9.83e-96 2.1623e-39 3.80638e-10 1.45528 98.5447 
570290 1284690 0 0.0265975 1.50918e-309 6.67064e-235 4.46315e-163 4.46317e-97 5.78153e-40 2.56118e-10 1.34214 98.6579 
572290 1284690 0 0.026087 6.95847e-314 2.96273e-238 1.98959e-165 1.71413e-98 1.43935e-40 1.68678e-10 1.23238 98.7676 
574290 1284690 0 0.0255679 1.87449e-318 8.9021e-242 6.71783e-168 5.56861e-100 3.33644e-41 1.08736e-10 1.12663 98.8734 
576290 1284690 0 0.0250417 0 1.81211e-245 1.71805e-170 1.53017e-101 7.20095e-42 6.86091e-11 1.02544 98.9746 
578290 1284690 0 0.02451 0 2.50305e-249 3.32798e-173 3.55641e-103 1.44705e-42 4.2373e-11 0.929261 99.0707 
580290 1284690 0 0.0239741 0 2.35032e-253 4.88273e-176 6.99126e-105 2.70748e-43 2.56152e-11 0.838424 99.1616 
582290 1284690 0 0.0234354 0 1.5031e-257 5.42607e-179 1.16241e-106 4.71662e-44 1.51569e-11 0.75317 99.2468 
584290 1284690 0 0.0228951 0 6.55984e-262 4.56727e-182 1.63463e-108 7.65027e-45 8.77876e-12 0.67364 99.3264 
586290 1284690 0 0.0223544 0 1.95722e-266 2.91198e-185 1.94411e-110 1.15532e-45 4.97699e-12 0.599892 99.4001 
588290 1284690 0 0.0218142 0 3.99861e-271 1.40637e-188 1.9555e-112 1.62445e-46 2.76195e-12 0.531903 99.4681 
590290 1284690 0 0.0212757 0 5.60035e-276 5.1453e-192 1.6635e-114 2.1266e-47 1.50033e-12 0.46958 99.5304 
592290 1284690 0 0.0207396 0 5.3808e-281 1.42614e-195 1.19677e-116 2.59202e-48 7.97775e-13 0.412772 99.5872 
594290 1284690 0 0.0202069 0 3.54692e-286 2.99501e-199 7.28132e-119 2.94147e-49 4.15244e-13 0.361275 99.6387 
596290 1284690 0 0.0196782 0 1.60339e-291 4.76631e-203 3.74642e-121 3.10785e-50 2.11573e-13 0.314846 99.6852 
598290 1284690 0 0.0191543 0 4.96632e-297 5.74906e-207 1.63014e-123 3.05719e-51 1.05524e-13 0.273209 99.7268 
600290 1284690 0 0.0186358 0 1.05273e-302 5.25714e-211 5.99826e-126 2.79995e-52 5.15213e-14 0.236066 99.7639 
602290 1284690 0 0.0181232 0 1.52509e-308 3.64569e-215 1.86645e-128 2.38749e-53 2.46244e-14 0.203103 99.7969 
604290 1284690 0 0.0176172 0 1.50787e-314 1.91809e-219 4.91123e-131 1.89536e-54 1.15211e-14 0.174001 99.826 
606290 1284690 0 0.0171181 0 0 7.66038e-224 1.09281e-133 1.40087e-55 5.27687e-15 0.148437 99.8516 
608290 1284690 0 0.0166264 0 0 2.32394e-228 2.05623e-136 9.63963e-57 2.36599e-15 0.126092 99.8739 
610290 1284690 0 0.0161424 0 0 5.36009e-233 3.27167e-139 6.17549e-58 1.03851e-15 0.10666 99.8933 
612290 1284690 0 0.0156664 0 0 9.40959e-238 4.40185e-142 3.68324e-59 4.4624e-16 0.0898417 99.9102 
614290 1284690 0 0.0151989 0 0 1.25897e-242 5.00802e-145 2.04517e-60 1.87712e-16 0.0753574 99.9246 
616290 1284690 0 0.0147399 0 0 1.28595e-247 4.81792e-148 1.05723e-61 7.73006e-17 0.0629429 99.9371 
618290 1284690 0 0.0142897 0 0 1.00474e-252 3.91937e-151 5.08795e-63 3.11633e-17 0.0523534 99.9476 
620290 1284690 0 0.0138486 0 0 6.01848e-258 2.69609e-154 2.27954e-64 1.22991e-17 0.0433634 99.9566 
622290 1284690 0 0.0134165 0 0 2.7707e-263 1.56826e-157 9.5077e-66 4.75203e-18 0.0357671 99.9642 
624290 1284690 0 0.0129937 0 0 9.82798e-269 7.71381e-161 3.69169e-67 1.79745e-18 0.0293784 99.9706 
626290 1284690 0 0.0125803 0 0 2.6925e-274 3.20842e-164 1.33441e-68 6.65598e-19 0.0240304 99.976 
628290 1284690 0 0.0121762 0 0 5.70874e-280 1.12848e-167 4.49022e-70 2.41292e-19 0.0195742 99.9804 
630290 1284690 0 0.0117816 0 0 9.38038e-286 3.35653e-171 1.40653e-71 8.56347e-20 0.015878 99.9841 
432290 1284690 0 0.011385 0 0 1.17688e-291 8.32158e-175 4.05747e-73 2.95776e-20 0.0127983 99.9872 
434290 1284690 0 0.01177 0 0 9.23926e-286 3.30928e-171 1.39177e-71 8.51394e-20 0.0158441 99.9842 
436290 1284690 0 0.0121644 0 0 5.62453e-280 1.11293e-167 4.44407e-70 2.39926e-19 0.0195332 99.9805 
438290 1284690 0 0.0125682 0 0 2.65357e-274 3.16513e-164 1.32099e-68 6.6191e-19 0.0239812 99.976 
440290 1284690 0 0.0129814 0 0 9.6888e-269 7.61197e-161 3.65536e-67 1.78771e-18 0.0293197 99.9707 
442290 1284690 0 0.013404 0 0 2.73228e-263 1.54801e-157 9.41622e-66 4.72686e-18 0.0356971 99.9643 
444290 1284690 0 0.0138359 0 0 5.93683e-258 2.66207e-154 2.2581e-64 1.22355e-17 0.0432806 99.9567 
446290 1284690 0 0.0142768 0 0 9.91417e-253 3.87105e-151 5.04122e-63 3.10058e-17 0.0522559 99.9477 
448290 1284690 0 0.0147268 0 0 1.26928e-247 4.75992e-148 1.04775e-61 7.69193e-17 0.0628285 99.9372 
450290 1284690 0 0.0151856 0 0 1.24303e-242 4.94918e-145 2.02728e-60 1.86809e-16 0.0752237 99.9248 
452290 1284690 0 0.015653 0 0 9.2934e-238 4.35141e-142 3.65181e-59 4.44147e-16 0.0896864 99.9103 
454290 1284690 0 0.0161288 0 0 5.29555e-233 3.23513e-139 6.12415e-58 1.03376e-15 0.10648 99.8935 
456290 1284690 0 0.0166127 0 0 2.29668e-228 2.03386e-136 9.56158e-57 2.35546e-15 0.125886 99.8741 
458290 1284690 0 0.0171043 0 0 7.57289e-224 1.08124e-133 1.38984e-55 5.25402e-15 0.1482 99.8518 
460290 1284690 0 0.0176032 0 1.49195e-314 1.89677e-219 4.86066e-131 1.88084e-54 1.14726e-14 0.173732 99.8263 
462290 1284690 0 0.0181092 0 1.50942e-308 3.60631e-215 1.84777e-128 2.36971e-53 2.45238e-14 0.202798 99.7972 
464290 1284690 0 0.0186216 0 1.04222e-302 5.20199e-211 5.93998e-126 2.77971e-52 5.13168e-14 0.235722 99.7643 
466290 1284690 0 0.0191401 0 4.91818e-297 5.69054e-207 1.61477e-123 3.03575e-51 1.05118e-13 0.272823 99.7272 
468290 1284690 0 0.0196639 0 1.58832e-291 4.71928e-203 3.71219e-121 3.08672e-50 2.10784e-13 0.314415 99.6856 
470290 1284690 0 0.0201926 0 3.5146e-286 2.96639e-199 7.21689e-119 2.92211e-49 4.13746e-13 0.360797 99.6392 
472290 1284690 0 0.0207253 0 5.33333e-281 1.41295e-195 1.18652e-116 2.57553e-48 7.94992e-13 0.412244 99.5878 
474290 1284690 0 0.0212614 0 5.55255e-276 5.09933e-192 1.64975e-114 2.11352e-47 1.49527e-12 0.469 99.531 
476290 1284690 0 0.0218 0 3.96564e-271 1.39424e-188 1.93989e-112 1.61481e-46 2.75298e-12 0.531269 99.4687 
478290 1284690 0 0.0223402 0 1.94164e-266 2.88778e-185 1.92915e-110 1.14871e-45 4.9614e-12 0.599204 99.4008 
480290 1284690 0 0.0228811 0 6.50954e-262 4.53073e-182 1.62252e-108 7.60817e-45 8.75231e-12 0.672898 99.3271 
482290 1284690 0 0.0234215 0 1.49201e-257 5.38434e-179 1.15414e-106 4.69168e-44 1.51131e-11 0.752373 99.2476 
484290 1284690 0 0.0239603 0 2.33366e-253 4.84669e-176 6.94351e-105 2.69375e-43 2.55441e-11 0.837575 99.1624 
486290 1284690 0 0.0244964 0 2.48604e-249 3.30445e-173 3.53314e-103 1.44002e-42 4.22604e-11 0.92836 99.0716 
488290 1284690 0 0.0250283 0 1.80033e-245 1.70644e-170 1.5206e-101 7.16751e-42 6.84348e-11 1.02449 98.9755 
490290 1284690 0 0.0255547 1.8562e-318 8.84685e-242 6.6745e-168 5.53538e-100 3.32165e-41 1.08472e-10 1.12563 98.8744 
492290 1284690 0 0.0260742 6.92271e-314 2.94521e-238 1.97737e-165 1.7044e-98 1.43328e-40 1.6829e-10 1.23134 98.7687 
494290 1284690 0 0.026585 1.50182e-309 6.63318e-235 4.43712e-163 4.43909e-97 5.75839e-40 2.55558e-10 1.34108 98.6589 
496290 1284690 0 0.0270856 1.95632e-305 1.00944e-231 7.54164e-161 9.77978e-96 2.1541e-39 3.7985e-10 1.45418 98.5458 
498290 1284690 0 0.0275742 1.53039e-301 1.03695e-228 9.70932e-159 1.82258e-94 7.50294e-39 5.5262e-10 1.56991 98.4301 
500290 1284690 0 0.0280491 7.19015e-298 7.18434e-226 9.46847e-157 2.87326e-93 2.43332e-38 7.8692e-10 1.6874 98.3126 
502290 1284690 0 0.0285083 2.02884e-294 3.3549e-223 6.99436e-155 3.83185e-92 7.34807e-38 1.09679e-09 1.80572 98.1943 
504290 1284690 0 0.0289501 3.43795e-291 1.05535e-220 3.91384e-153 4.32312e-91 2.06613e-37 1.49626e-09 1.92386 98.0761 
506290 1284690 0 0.0293724 3.49803e-288 2.23535e-218 1.65904e-151 4.12622e-90 5.40947e-37 1.99793e-09 2.04074 97.9593 
508290 1284690 0 0.0297733 2.13653e-285 3.18696e-216 5.32748e-150 3.33184e-89 1.31878e-36 2.61122e-09 2.15523 97.8448 
510290 1284690 0 0.0301509 7.83094e-283 3.05752e-214 1.29601e-148 2.27617e-88 2.99371e-36 3.34041e-09 2.26617 97.7338 
512290 1284690 0 0.0305033 1.72172e-280 1.97346e-212 2.38849e-147 1.31559e-87 6.32811e-36 4.18262e-09 2.37239 97.6276 
514290 1284690 0 0.0308286 2.26962e-278 8.568e-211 3.33491e-146 6.43352e-87 1.24557e-35 5.12616e-09 2.47274 97.5273 
516290 1284690 0 0.0311251 1.79297e-276 2.50187e-209 3.52775e-145 2.66191e-86 2.28297e-35 6.14941e-09 2.56607 97.4339 
518290 1284690 0 0.0313911 8.48405e-275 4.91289e-208 2.82732e-144 9.31888e-86 3.89644e-35 7.22059e-09 2.65131 97.3487 
520290 1284690 0 0.0316252 2.40338e-273 6.4873e-207 1.71681e-143 2.76038e-85 6.19268e-35 8.29874e-09 2.72745 97.2725 
522290 1284690 0 0.0318257 4.07404e-272 5.75994e-206 7.89864e-143 6.91857e-85 9.16505e-35 9.33584e-09 2.79357 97.2064 
524290 1284690 0 0.0319917 4.1307e-271 3.43858e-205 2.7534e-142 1.46728e-84 1.26311e-34 1.02801e-08 2.84884 97.1512 
526290 1284690 0 0.0321219 2.50413e-270 1.38017e-204 7.27243e-142 2.63306e-84 1.62105e-34 1.10802e-08 2.89259 97.1074 
528290 1284690 0 0.0322157 9.07388e-270 3.72448e-204 1.45542e-141 3.99823e-84 1.93733e-34 1.16898e-08 2.92426 97.0757 
530290 1284690 0 0.0322724 1.96488e-269 6.75733e-204 2.20698e-141 5.1373e-84 2.15609e-34 1.20717e-08 2.94345 97.0566 
532290 1284690 0 0.0322916 2.54231e-269 8.24242e-204 2.53579e-141 5.58554e-84 2.23452e-34 1.22022e-08 2.94991 97.0501 
532290 1286690 0 0.0342168 1.86291e-258 1.90464e-195 1.76856e-135 1.83932e-80 7.07601e-33 3.44339e-08 3.64076 96.3592 
534290 1286690 0 0.0341964 1.43899e-258 1.56188e-195 1.53975e-135 1.69224e-80 6.82916e-33 3.40697e-08 3.63297 96.367 
536290 1286690 0 0.0341342 6.63087e-259 8.6104e-196 1.0158e-135 1.31749e-80 6.13778e-33 3.29962e-08 3.60952 96.3905 
538290 1286690 0 0.0340307 1.82305e-259 3.19111e-196 5.07802e-136 8.67995e-81 5.13712e-33 3.12805e-08 3.57073 96.4293 
540290 1286690 0 0.0338865 2.99127e-260 7.95072e-197 1.92354e-136 4.83909e-81 4.00398e-33 2.90265e-08 3.51708 96.4829 
542290 1286690 0 0.0337028 2.93025e-261 1.33174e-197 5.52109e-137 2.28288e-81 2.90619e-33 2.6365e-08 3.44924 96.5508 
544290 1286690 0 0.0334807 1.71454e-262 1.49966e-198 1.20076e-137 9.11321e-82 1.96432e-33 2.34406e-08 3.36804 96.632 
546290 1286690 0 0.0332216 5.99548e-264 1.13535e-199 1.97875e-138 3.07835e-82 1.23639e-33 2.03994e-08 3.27448 96.7255 
548290 1286690 0 0.0329272 1.25375e-265 5.77898e-201 2.47068e-139 8.79869e-83 7.24685e-34 1.73767e-08 3.16969 96.8303 
550290 1286690 0 0.0325994 1.56896e-267 1.97774e-202 2.33735e-140 2.12794e-83 3.95538e-34 1.44884e-08 3.05488 96.9451 
552290 1286690 0 0.03224 1.17583e-269 4.55108e-204 1.67533e-141 4.35447e-84 2.01033e-34 1.18242e-08 2.9314 97.0686 
554290 1286690 0 0.0318512 5.2812e-272 7.04236e-206 9.09773e-143 7.53932e-85 9.51442e-35 9.44542e-09 2.80062 97.1994 
556290 1286690 0 0.0314352 1.42265e-274 7.3287e-208 3.74292e-144 1.10443e-85 4.19303e-35 7.38521e-09 2.66397 97.336 
558290 1286690 0 0.0309941 2.30004e-277 5.12981e-210 1.16659e-145 1.36882e-86 1.72068e-35 5.65191e-09 2.52289 97.4771 
560290 1286690 0 0.0305302 2.23311e-280 2.41557e-212 2.75453e-147 1.43529e-87 6.57492e-36 4.23367e-09 2.3788 97.6212 
562290 1286690 0 0.0300457 1.30269e-283 7.65388e-215 4.92696e-149 1.27323e-88 2.33936e-36 3.10404e-09 2.23308 97.7669 
564290 1286690 0 0.0295428 4.56763e-287 1.63237e-217 6.67579e-151 9.55509e-90 7.75025e-37 2.22753e-09 2.08707 97.9129 
566290 1286690 0 0.0290238 9.62859e-291 2.34423e-220 6.85182e-153 6.06616e-91 2.39078e-37 1.5646e-09 1.94203 98.058 
568290 1286690 0 0.0284907 1.2204e-294 2.26796e-223 5.32692e-155 3.25784e-92 6.86698e-38 1.07565e-09 1.79912 98.2009 
570290 1286690 0 0.0279455 9.30021e-299 1.47909e-226 3.13691e-157 1.48003e-93 1.8365e-38 7.23807e-10 1.65939 98.3406 
572290 1286690 0 0.0273902 4.26068e-303 6.50747e-230 1.39918e-159 5.68755e-95 4.57307e-39 4.76718e-10 1.52378 98.4762 
574290 1286690 0 0.0268266 1.17317e-307 1.93333e-233 4.72698e-162 1.84876e-96 1.06027e-39 3.07318e-10 1.39309 98.6069 
576290 1286690 0 0.0262564 1.94098e-312 3.88314e-237 1.20954e-164 5.08309e-98 2.28884e-40 1.93912e-10 1.26802 98.732 
578290 1286690 0 0.0256814 1.93728e-317 5.2803e-241 2.34414e-167 1.1821e-99 4.60043e-41 1.1976e-10 1.14911 98.8509 
580290 1286690 0 0.0251029 0 4.86917e-245 3.44086e-170 2.32515e-101 8.60923e-42 7.2396e-11 1.03679 98.9632 
582290 1286690 0 0.0245225 0 3.05068e-249 3.82533e-173 3.86817e-103 1.50007e-42 4.28367e-11 0.931356 99.0686 
584290 1286690 0 0.0239414 0 1.30135e-253 3.22102e-176 5.44266e-105 2.43353e-43 2.48096e-11 0.832989 99.167 
586290 1286690 0 0.0233609 0 3.78797e-258 2.05422e-179 6.47676e-107 3.6757e-44 1.40647e-11 0.741766 99.2582 
588290 1286690 0 0.022782 0 7.54011e-263 9.92289e-183 6.51834e-109 5.16913e-45 7.80457e-12 0.65766 99.3423 
590290 1286690 0 0.0222057 0 1.02841e-267 3.63066e-186 5.54805e-111 6.76814e-46 4.2392e-12 0.580563 99.4194 
592290 1286690 0 0.0216331 0 9.62618e-273 1.00627e-189 3.99356e-113 8.25075e-47 2.25392e-12 0.510286 99.4897 
594290 1286690 0 0.0210648 0 6.18994e-278 2.11279e-193 2.43103e-115 9.36456e-48 1.17305e-12 0.446581 99.5534 
596290 1286690 0 0.0205018 0 2.73538e-283 3.36093e-197 1.25148e-117 9.89579e-49 5.97619e-13 0.389148 99.6109 
598290 1286690 0 0.0199446 0 8.30448e-289 4.0512e-201 5.44817e-120 9.73599e-50 2.98034e-13 0.337646 99.6624 
600290 1286690 0 0.019394 0 1.73054e-294 3.70092e-205 2.00571e-122 8.91814e-51 1.45494e-13 0.291706 99.7083 
602290 1286690 0 0.0188504 0 2.47201e-300 2.56297e-209 6.24411e-125 7.60555e-52 6.95291e-14 0.250941 99.7491 
604290 1286690 0 0.0183144 0 2.41677e-306 1.34594e-213 1.64381e-127 6.03875e-53 3.25263e-14 0.214954 99.785 
606290 1286690 0 0.0177864 0 1.61446e-312 5.36215e-218 3.65937e-130 4.46396e-54 1.48955e-14 0.183346 99.8167 
608290 1286690 0 0.0172667 0 6.86751e-319 1.6215e-222 6.88859e-133 3.07219e-55 6.67775e-15 0.155724 99.8443 
610290 1286690 0 0.0167559 0 0 3.72443e-227 1.09653e-135 1.96846e-56 2.93064e-15 0.131704 99.8683 
612290 1286690 0 0.0162541 0 0 6.50369e-232 1.47595e-138 1.17423e-57 1.25909e-15 0.11092 99.8891 
614290 1286690 0 0.0157616 0 0 8.64379e-237 1.67989e-141 6.52116e-59 5.29563e-16 0.0930223 99.907 
616290 1286690 0 0.0152786 0 0 8.756e-242 1.61676e-144 3.37159e-60 2.18044e-16 0.0776853 99.9223 
618290 1286690 0 0.0148054 0 0 6.77192e-247 1.31573e-147 1.62286e-61 8.78905e-17 0.0646051 99.9354 
620290 1286690 0 0.014342 0 0 4.00697e-252 9.05406e-151 7.2721e-63 3.46826e-17 0.0535025 99.9465 
622290 1286690 0 0.0138886 0 0 1.81821e-257 5.26835e-154 3.03365e-64 1.33984e-17 0.0441229 99.9559 
624290 1286690 0 0.0134453 0 0 6.34341e-263 2.59217e-157 1.17813e-65 5.06726e-18 0.0362359 99.9638 
626290 1286690 0 0.0130122 0 0 1.70615e-268 1.07848e-160 4.25929e-67 1.87615e-18 0.0296349 99.9704 
628290 1286690 0 0.0125892 0 0 3.54673e-274 3.79428e-164 1.43349e-68 6.80051e-19 0.0241355 99.9759 
630290 1286690 0 0.0121765 0 0 5.71051e-280 1.12881e-167 4.49118e-70 2.4132e-19 0.019575 99.9804 
432290 1286690 0 0.011762 0 0 7.02203e-286 2.7991e-171 1.29584e-71 8.33402e-20 0.0157759 99.9842 
434290 1286690 0 0.0121644 0 0 5.62453e-280 1.11293e-167 4.44407e-70 2.39926e-19 0.0195332 99.9805 
436290 1286690 0 0.0125769 0 0 3.49437e-274 3.742e-164 1.41877e-68 6.76204e-19 0.0240851 99.9759 
438290 1286690 0 0.0129996 0 0 1.68146e-268 1.06394e-160 4.21648e-67 1.86577e-18 0.0295743 99.9704 
440290 1286690 0 0.0134325 0 0 6.25351e-263 2.55796e-157 1.16654e-65 5.03982e-18 0.0361635 99.9638 
442290 1286690 0 0.0138756 0 0 1.79298e-257 5.20036e-154 3.00448e-64 1.33275e-17 0.0440367 99.956 
444290 1286690 0 0.0143288 0 0 3.95259e-252 8.93986e-151 7.20376e-63 3.45032e-17 0.0534005 99.9466 
446290 1286690 0 0.0147919 0 0 6.68208e-247 1.29952e-147 1.60797e-61 8.74467e-17 0.0644848 99.9355 
448290 1286690 0 0.015265 0 0 8.6425e-242 1.59731e-144 3.34138e-60 2.1697e-16 0.0775442 99.9225 
450290 1286690 0 0.0157477 0 0 8.5344e-237 1.66016e-141 6.46414e-59 5.27017e-16 0.0928576 99.9071 
452290 1286690 0 0.01624 0 0 6.42339e-232 1.45905e-138 1.16422e-57 1.25319e-15 0.110728 99.8893 
454290 1286690 0 0.0167417 0 0 3.6796e-227 1.08429e-135 1.95211e-56 2.91726e-15 0.131483 99.8685 
456290 1286690 0 0.0172524 0 6.87245e-319 1.60248e-222 6.81371e-133 3.04734e-55 6.64807e-15 0.155469 99.8445 
458290 1286690 0 0.0177719 0 1.59693e-312 5.30093e-218 3.62066e-130 4.42882e-54 1.48311e-14 0.183055 99.8169 
460290 1286690 0 0.0182997 0 2.39123e-306 1.33099e-213 1.6269e-127 5.99252e-53 3.23896e-14 0.214622 99.7854 
462290 1286690 0 0.0188356 0 2.4466e-300 2.5353e-209 6.18168e-125 7.54898e-52 6.92452e-14 0.250565 99.7494 
464290 1286690 0 0.0193791 0 1.71326e-294 3.66212e-205 1.98624e-122 8.85373e-51 1.44917e-13 0.291282 99.7087 
466290 1286690 0 0.0199297 0 8.22396e-289 4.00999e-201 5.39685e-120 9.66778e-50 2.96888e-13 0.33717 99.6628 
468290 1286690 0 0.0204868 0 2.70965e-283 3.32779e-197 1.24005e-117 9.82861e-49 5.95393e-13 0.388617 99.6114 
470290 1286690 0 0.0210498 0 6.1335e-278 2.09262e-193 2.40954e-115 9.30302e-48 1.16882e-12 0.445992 99.554 
472290 1286690 0 0.021618 0 9.54117e-273 9.96974e-190 3.95941e-113 8.1983e-47 2.24607e-12 0.509635 99.4904 
474290 1286690 0 0.0221906 0 1.01962e-267 3.59825e-186 5.50221e-111 6.72658e-46 4.22494e-12 0.579848 99.4202 
476290 1286690 0 0.0227669 0 7.47788e-263 9.8374e-183 6.46636e-109 5.1385e-45 7.77924e-12 0.65688 99.3431 
478290 1286690 0 0.0233459 0 3.7578e-258 2.03716e-179 6.42698e-107 3.65471e-44 1.40207e-11 0.740918 99.2591 
480290 1286690 0 0.0239265 0 1.29136e-253 3.19528e-176 5.4024e-105 2.42016e-43 2.4735e-11 0.832075 99.1679 
482290 1286690 0 0.0245077 0 3.02816e-249 3.79594e-173 3.84067e-103 1.49215e-42 4.2713e-11 0.930375 99.0696 
484290 1286690 0 0.0250883 0 4.83465e-245 3.41549e-170 2.30929e-101 8.56562e-42 7.21955e-11 1.03574 98.9643 
486290 1286690 0 0.0256669 1.92686e-317 5.24442e-241 2.32759e-167 1.17438e-99 4.57811e-41 1.19442e-10 1.148 98.852 
488290 1286690 0 0.0262422 1.93e-312 3.85789e-237 1.20138e-164 5.05134e-98 2.27823e-40 1.9342e-10 1.26685 98.7331 
490290 1286690 0 0.0268125 1.16685e-307 1.92133e-233 4.69653e-162 1.83775e-96 1.05558e-39 3.06575e-10 1.39187 98.6081 
492290 1286690 0 0.0273764 4.2388e-303 6.46901e-230 1.3906e-159 5.65528e-95 4.55382e-39 4.75622e-10 1.5225 98.4775 
494290 1286690 0 0.0279321 9.25485e-299 1.47079e-226 3.11865e-157 1.47206e-93 1.82916e-38 7.22228e-10 1.65808 98.3419 
496290 1286690 0 0.0284776 1.21476e-294 2.2559e-223 5.29754e-155 3.24122e-92 6.841e-38 1.07343e-09 1.79777 98.2022 
498290 1286690 0 0.0290112 9.58659e-291 2.33246e-220 6.81615e-153 6.03695e-91 2.38224e-37 1.56156e-09 1.94066 98.0593 
500290 1286690 0 0.0295306 4.54888e-287 1.62466e-217 6.6431e-151 9.51181e-90 7.72421e-37 2.22345e-09 2.08569 97.9143 
502290 1286690 0 0.030034 1.29768e-283 7.61999e-215 4.90434e-149 1.26782e-88 2.332e-36 3.09872e-09 2.2317 97.7683 
504290 1286690 0 0.030519 2.22509e-280 2.40559e-212 2.74273e-147 1.4296e-87 6.55562e-36 4.22691e-09 2.37742 97.6226 
506290 1286690 0 0.0309835 2.29237e-277 5.11013e-210 1.16196e-145 1.36379e-86 1.71599e-35 5.64353e-09 2.52154 97.4785 
508290 1286690 0 0.0314252 1.41827e-274 7.30276e-208 3.72919e-144 1.10069e-85 4.18249e-35 7.3751e-09 2.66266 97.3373 
510290 1286690 0 0.0318419 5.2663e-272 7.01951e-206 9.06715e-143 7.51588e-85 9.49251e-35 9.43358e-09 2.79936 97.2006 
512290 1286690 0 0.0322314 1.17281e-269 4.53766e-204 1.67021e-141 4.34217e-84 2.00612e-34 1.18108e-08 2.9302 97.0698 
514290 1286690 0 0.0325915 1.56534e-267 1.9725e-202 2.33093e-140 2.12254e-83 3.94793e-34 1.44736e-08 3.05376 96.9462 
516290 1286690 0 0.0329201 1.25118e-265 5.76535e-201 2.46465e-139 8.77882e-83 7.23473e-34 1.73609e-08 3.16865 96.8313 
518290 1286690 0 0.0332153 5.98471e-264 1.13301e-199 1.97453e-138 3.07227e-82 1.23458e-33 2.03831e-08 3.27355 96.7264 
520290 1286690 0 0.0334752 1.71189e-262 1.49701e-198 1.19857e-137 9.09778e-82 1.96186e-33 2.34246e-08 3.36722 96.6328 
522290 1286690 0 0.0336982 2.92648e-261 1.32978e-197 5.51267e-137 2.27966e-81 2.90315e-33 2.635e-08 3.44854 96.5515 
524290 1286690 0 0.0338828 2.9882e-260 7.94135e-197 1.92119e-136 4.83363e-81 4.00063e-33 2.90134e-08 3.51651 96.4835 
526290 1286690 0 0.0340279 1.82164e-259 3.18829e-196 5.07337e-136 8.6726e-81 5.1339e-33 3.12698e-08 3.5703 96.4297 
528290 1286690 0 0.0341323 6.62747e-259 8.60533e-196 1.01518e-135 1.31675e-80 6.13521e-33 3.29887e-08 3.60923 96.3908 
530290 1286690 0 0.0341954 1.43862e-258 1.56142e-195 1.53928e-135 1.69176e-80 6.82773e-33 3.40658e-08 3.63282 96.3672 
532290 1286690 0 0.0342168 1.86291e-258 1.90464e-195 1.76856e-135 1.83932e-80 7.07601e-33 3.44339e-08 3.64076 96.3592 
532290 1288690 0 0.0363244 8.83444e-248 2.9642e-187 9.31944e-130 5.11275e-77 2.08401e-31 9.50321e-08 4.46962 95.5304 
534290 1288690 0 0.0363014 6.81824e-248 2.43074e-187 8.11399e-130 4.70403e-77 2.01134e-31 9.40279e-08 4.46009 95.5399 
536290 1288690 0 0.0362317 3.13374e-248 1.34e-187 5.35348e-130 3.66262e-77 1.80779e-31 9.1068e-08 4.43147 95.5685 
538290 1288690 0 0.0361157 8.5787e-249 4.96598e-188 2.67664e-130 2.41335e-77 1.51317e-31 8.63371e-08 4.38409 95.6159 
540290 1288690 0 0.0359543 1.39915e-249 1.2372e-188 1.01413e-130 1.3457e-77 1.17951e-31 8.01216e-08 4.31856 95.6814 
542290 1288690 0 0.0357487 1.36005e-250 2.0721e-189 2.91166e-131 6.34998e-78 8.56228e-32 7.27813e-08 4.23567 95.7643 
544290 1288690 0 0.0355004 7.88333e-252 2.333e-190 6.33462e-132 2.53563e-78 5.78822e-32 6.47152e-08 4.13645 95.8636 
546290 1288690 0 0.035211 2.72639e-253 1.76586e-191 1.0443e-132 8.56799e-79 3.64388e-32 5.63255e-08 4.02208 95.9779 
548290 1288690 0 0.0348826 5.62993e-255 8.98549e-193 1.3045e-133 2.44987e-79 2.1362e-32 4.79858e-08 3.89393 96.1061 
550290 1288690 0 0.0345173 6.94718e-257 3.0738e-194 1.2347e-134 5.92745e-80 1.1662e-32 4.00154e-08 3.75349 96.2465 
552290 1288690 0 0.0341175 5.12743e-259 7.06919e-196 8.85462e-136 1.21351e-80 5.9286e-33 3.2662e-08 3.60237 96.3976 
554290 1288690 0 0.0336857 2.2657e-261 1.09305e-197 4.81117e-137 2.10209e-81 2.80655e-33 2.60949e-08 3.44226 96.5577 
556290 1288690 0 0.0332243 6.00011e-264 1.13636e-199 1.98057e-138 3.08096e-82 1.23717e-33 2.04063e-08 3.27488 96.7251 
558290 1288690 0 0.032736 9.53269e-267 7.94376e-202 6.17693e-140 3.8206e-83 5.07825e-34 1.56194e-08 3.10199 96.898 
560290 1288690 0 0.0322234 9.09489e-270 3.73439e-204 1.45943e-141 4.00842e-84 1.94099e-34 1.17017e-08 2.92534 97.0747 
562290 1288690 0 0.0316892 5.21545e-273 1.18076e-206 2.6122e-143 3.55794e-85 6.90792e-35 8.5807e-09 2.74661 97.2534 
564290 1288690 0 0.0311358 1.79897e-276 2.5115e-209 3.54183e-145 2.67172e-86 2.2892e-35 6.15854e-09 2.56744 97.4326 
566290 1288690 0 0.0305657 3.73463e-280 3.59458e-212 3.63772e-147 1.69723e-87 7.0636e-36 4.32627e-09 2.38938 97.6106 
568290 1288690 0 0.0299815 4.66791e-284 3.46298e-215 2.83009e-149 9.12074e-89 2.02941e-36 2.97461e-09 2.21386 97.7861 
570290 1288690 0 0.0293852 3.51335e-288 2.24662e-218 1.66772e-151 4.14617e-90 5.42885e-37 2.00182e-09 2.04218 97.9578 
572290 1288690 0 0.0287792 1.59231e-292 9.82042e-222 7.44371e-154 1.59434e-91 1.35219e-37 1.31857e-09 1.87549 98.1245 
574290 1288690 0 0.0281655 4.34461e-297 2.8944e-225 2.51644e-156 5.18578e-93 3.13586e-38 8.50078e-10 1.71481 98.2852 
576290 1288690 0 0.027546 7.13412e-302 5.75718e-229 6.44321e-159 1.42672e-94 6.77111e-39 5.36411e-10 1.56098 98.439 
578290 1288690 0 0.0269224 7.04705e-307 7.73697e-233 1.24948e-161 3.32003e-96 1.36127e-39 3.313e-10 1.41468 98.5853 
580290 1288690 0 0.0262965 4.18542e-312 7.0347e-237 1.83512e-164 6.53448e-98 2.54806e-40 2.00278e-10 1.27645 98.7235 
582290 1288690 0 0.0256698 1.49356e-317 4.33471e-241 2.04127e-167 1.08777e-99 4.44068e-41 1.18505e-10 1.14667 98.8533 
584290 1288690 0 0.0250435 0 1.81372e-245 1.71964e-170 1.53148e-101 7.20552e-42 6.86329e-11 1.02557 98.9744 
586290 1288690 0 0.0244191 0 5.16473e-250 1.09717e-173 1.82356e-103 1.08857e-42 3.89071e-11 0.913244 99.0868 
588290 1288690 0 0.0237977 0 1.00334e-254 5.30178e-177 1.83637e-105 1.53114e-43 2.15888e-11 0.809671 99.1903 
590290 1288690 0 0.0231802 0 1.33308e-259 1.94038e-180 1.56393e-107 2.00515e-44 1.17256e-11 0.714719 99.2853 
592290 1288690 0 0.0225676 0 1.21422e-264 5.3788e-184 1.12639e-109 2.44482e-45 6.23387e-12 0.628164 99.3718 
594290 1288690 0 0.0219609 0 7.59689e-270 1.12939e-187 6.86058e-112 2.77534e-46 3.24413e-12 0.549701 99.4503 
596290 1288690 0 0.0213606 0 3.26955e-275 1.79635e-191 3.53372e-114 2.93326e-47 1.65258e-12 0.478963 99.521 
598290 1288690 0 0.0207676 0 9.68584e-281 2.1646e-195 1.5392e-116 2.88636e-48 8.24054e-13 0.415531 99.5845 
600290 1288690 0 0.0201823 0 1.97479e-286 1.97634e-199 5.66945e-119 2.64431e-49 4.02238e-13 0.358954 99.641 
602290 1288690 0 0.0196054 0 2.76858e-292 1.36748e-203 1.7659e-121 2.25547e-50 1.92199e-13 0.308753 99.6912 
604290 1288690 0 0.0190374 0 2.66513e-298 7.17246e-208 4.65119e-124 1.7911e-51 8.99004e-14 0.264441 99.7356 
606290 1288690 0 0.0184785 0 1.75846e-304 2.85259e-212 1.03593e-126 1.32422e-52 4.11644e-14 0.225524 99.7745 
608290 1288690 0 0.0179292 0 7.93736e-311 8.60632e-217 1.95102e-129 9.11499e-54 1.84516e-14 0.19152 99.8085 
610290 1288690 0 0.0173898 0 2.44622e-317 1.9708e-221 3.10707e-132 5.84121e-55 8.09664e-15 0.161954 99.838 
612290 1288690 0 0.0168606 0 0 3.42786e-226 4.18404e-135 3.48496e-56 3.47805e-15 0.136375 99.8636 
614290 1288690 0 0.0163418 0 0 4.5327e-231 4.76424e-138 1.9357e-57 1.46262e-15 0.114352 99.8856 
616290 1288690 0 0.0158336 0 0 4.56193e-236 4.58713e-141 1.00096e-58 6.02135e-16 0.0954829 99.9045 
618290 1288690 0 0.015336 0 0 3.49972e-241 3.73454e-144 4.81877e-60 2.42676e-16 0.0793931 99.9206 
620290 1288690 0 0.0148494 0 0 2.05018e-246 2.57087e-147 2.15967e-61 9.57485e-17 0.0657385 99.9343 
622290 1288690 0 0.0143736 0 0 9.19086e-252 1.49647e-150 9.01087e-63 3.69839e-17 0.054205 99.9458 
624290 1288690 0 0.0139089 0 0 3.16087e-257 7.36558e-154 3.50002e-64 1.39852e-17 0.0445086 99.9555 
626290 1288690 0 0.0134551 0 0 8.36238e-263 3.06545e-157 1.26559e-65 5.17732e-18 0.0363946 99.9636 
628290 1288690 0 0.0130125 0 0 1.70668e-268 1.07879e-160 4.26021e-67 1.87637e-18 0.0296361 99.9704 
630290 1288690 0 0.0125808 0 0 2.69417e-274 3.21028e-164 1.33499e-68 6.65755e-19 0.0240325 99.976 
432290 1288690 0 0.0121478 0 0 3.24624e-280 7.96231e-168 3.85261e-70 2.29891e-19 0.0193653 99.9806 
434290 1288690 0 0.0125682 0 0 2.65357e-274 3.16513e-164 1.32099e-68 6.6191e-19 0.0239812 99.976 
436290 1288690 0 0.0129996 0 0 1.68146e-268 1.06394e-160 4.21648e-67 1.86577e-18 0.0295743 99.9704 
438290 1288690 0 0.0134421 0 0 8.24132e-263 3.02413e-157 1.25288e-65 5.14868e-18 0.0363203 99.9637 
440290 1288690 0 0.0138955 0 0 3.11605e-257 7.26843e-154 3.46562e-64 1.39096e-17 0.0444198 99.9556 
442290 1288690 0 0.01436 0 0 9.06332e-252 1.47717e-150 8.92428e-63 3.67883e-17 0.0540993 99.9459 
444290 1288690 0 0.0148355 0 0 2.02235e-246 2.53846e-147 2.13939e-61 9.52539e-17 0.0656133 99.9344 
446290 1288690 0 0.015322 0 0 3.45329e-241 3.68854e-144 4.77457e-60 2.41452e-16 0.0792455 99.9208 
