#EAST NORTH ELEV Kg/m^2 [-4.5->-3.375) [-3.375->-2.25) [-2.25->-1.125) [-1.125->0) [0->1.125) [1.125->2.25) [2.25->3.375) [3.375->4.5) (percent)
532290 1282690 0 0.0305238 0 0 0 0 0 4.22981e-09 2.37801 97.622 
534290 1282690 0 0.0305072 0 0 0 0 0 4.18501e-09 2.37288 97.6271 
536290 1282690 0 0.0304569 0 0 0 0 0 4.05299e-09 2.35746 97.6425 
538290 1282690 0 0.030373 0 0 0 0 0 3.842e-09 2.33195 97.668 
540290 1282690 0 0.0302562 0 0 0 0 0 3.56484e-09 2.29668 97.7033 
542290 1282690 0 0.030107 0 0 0 0 0 3.23761e-09 2.25209 97.7479 
544290 1282690 0 0.0299265 0 0 0 0 0 2.87813e-09 2.19874 97.8013 
546290 1282690 0 0.0297154 0 0 0 0 0 2.50434e-09 2.1373 97.8627 
548290 1282690 0 0.0294752 0 0 0 0 0 2.13293e-09 2.0685 97.9315 
550290 1282690 0 0.029207 0 0 0 0 0 1.77809e-09 1.99318 98.0068 
552290 1282690 0 0.0289124 0 0 0 0 0 1.45087e-09 1.91221 98.0878 
554290 1282690 0 0.0285927 0 0 0 0 0 1.15878e-09 1.82651 98.1735 
556290 1282690 0 0.0282496 0 0 0 0 0 9.05864e-10 1.73701 98.263 
558290 1282690 0 0.0278848 0 0 0 0 0 6.93139e-10 1.64467 98.3553 
560290 1282690 0 0.0274998 0 0 0 0 0 5.19123e-10 1.55041 98.4496 
562290 1282690 0 0.0270964 0 0 0 0 0 3.80551e-10 1.45515 98.5448 
564290 1282690 0 0.0266763 0 0 0 0 0 2.73054e-10 1.35977 98.6402 
566290 1282690 0 0.0262411 0 0 0 0 0 1.91768e-10 1.26506 98.7349 
568290 1282690 0 0.0257925 0 0 0 0 0 1.31826e-10 1.1718 98.8282 
570290 1282690 0 0.0253321 0 0 0 0 0 8.86989e-11 1.08066 98.9193 
572290 1282690 0 0.0248614 0 0 0 0 0 5.84162e-11 0.992253 99.0077 
574290 1282690 0 0.0243819 0 0 0 0 0 3.76572e-11 0.907094 99.0929 
576290 1282690 0 0.023895 0 0 0 0 0 2.37609e-11 0.825623 99.1744 
578290 1282690 0 0.0234022 0 0 0 0 0 1.46752e-11 0.748193 99.2518 
580290 1282690 0 0.0229047 0 0 0 0 0 8.87173e-12 0.675073 99.3249 
582290 1282690 0 0.0224038 0 0 0 0 0 5.24982e-12 0.606452 99.3935 
584290 1282690 0 0.0219005 0 0 0 0 0 3.04084e-12 0.542442 99.4576 
586290 1282690 0 0.021396 0 0 0 0 0 1.72409e-12 0.483088 99.5169 
588290 1282690 0 0.0208913 0 0 0 0 0 9.56856e-13 0.428369 99.5716 
590290 1282690 0 0.0203873 0 0 0 0 0 5.19826e-13 0.37821 99.6218 
592290 1282690 0 0.0198849 0 0 0 0 0 2.76438e-13 0.332488 99.6675 
594290 1282690 0 0.0193848 0 0 0 0 0 1.43903e-13 0.291039 99.709 
596290 1282690 0 0.018888 0 0 0 0 0 7.33293e-14 0.253666 99.7463 
598290 1282690 0 0.0183949 0 0 0 0 0 3.65785e-14 0.220147 99.7799 
600290 1282690 0 0.0179064 0 0 0 0 0 1.78615e-14 0.190243 99.8098 
602290 1282690 0 0.0174228 0 0 0 0 0 8.53799e-15 0.163702 99.8363 
604290 1282690 0 0.0169448 0 0 0 0 0 3.99526e-15 0.140266 99.8597 
606290 1282690 0 0.0164729 0 0 0 0 0 1.83016e-15 0.119676 99.8803 
608290 1282690 0 0.0160074 0 0 0 0 0 8.20707e-16 0.101676 99.8983 
610290 1282690 0 0.0155487 0 0 0 0 0 3.60287e-16 0.0860199 99.914 
612290 1282690 0 0.0150973 0 0 0 0 0 1.54835e-16 0.0724679 99.9275 
614290 1282690 0 0.0146533 0 0 0 0 0 6.51413e-17 0.0607943 99.9392 
616290 1282690 0 0.0142171 0 0 0 0 0 2.68293e-17 0.0507872 99.9492 
618290 1282690 0 0.0137889 0 0 0 0 0 1.08176e-17 0.0422495 99.9578 
620290 1282690 0 0.0133688 0 0 0 0 0 4.26997e-18 0.0350001 99.965 
622290 1282690 0 0.0129572 0 0 0 0 0 1.65002e-18 0.0288735 99.9711 
624290 1282690 0 0.0125539 0 0 0 0 0 6.24203e-19 0.0237199 99.9763 
626290 1282690 0 0.0121593 0 0 0 0 0 2.31173e-19 0.019405 99.9806 
628290 1282690 0 0.0117734 0 0 0 0 0 8.38151e-20 0.015809 99.9842 
630290 1282690 0 0.0113962 0 0 0 0 0 2.97498e-20 0.0128258 99.9872 
432290 1282690 0 0.0110169 0 0 0 0 0 1.02765e-20 0.0103396 99.9897 
434290 1282690 0 0.011385 0 0 0 0 0 2.95776e-20 0.0127983 99.9872 
436290 1282690 0 0.011762 0 0 0 0 0 8.33402e-20 0.0157759 99.9842 
438290 1282690 0 0.0121478 0 0 0 0 0 2.29891e-19 0.0193653 99.9806 
440290 1282690 0 0.0125422 0 0 0 0 0 6.20818e-19 0.0236724 99.9763 
442290 1282690 0 0.0129452 0 0 0 0 0 1.64127e-18 0.028817 99.9712 
444290 1282690 0 0.0133567 0 0 0 0 0 4.24785e-18 0.0349332 99.9651 
446290 1282690 0 0.0137765 0 0 0 0 0 1.07629e-17 0.0421707 99.9578 
448290 1282690 0 0.0142046 0 0 0 0 0 2.66969e-17 0.0506947 99.9493 
450290 1282690 0 0.0146407 0 0 0 0 0 6.48276e-17 0.0606863 99.9393 
452290 1282690 0 0.0150845 0 0 0 0 0 1.54108e-16 0.0723425 99.9277 
454290 1282690 0 0.0155358 0 0 0 0 0 3.58638e-16 0.0858749 99.9141 
456290 1282690 0 0.0159943 0 0 0 0 0 8.17052e-16 0.10151 99.8985 
458290 1282690 0 0.0164597 0 0 0 0 0 1.82222e-15 0.119485 99.8805 
460290 1282690 0 0.0169315 0 0 0 0 0 3.97843e-15 0.140048 99.86 
462290 1282690 0 0.0174094 0 0 0 0 0 8.50304e-15 0.163456 99.8365 
464290 1282690 0 0.0178929 0 0 0 0 0 1.77905e-14 0.189965 99.81 
466290 1282690 0 0.0183814 0 0 0 0 0 3.64375e-14 0.219836 99.7802 
468290 1282690 0 0.0188744 0 0 0 0 0 7.30555e-14 0.253318 99.7467 
470290 1282690 0 0.0193713 0 0 0 0 0 1.43383e-13 0.290653 99.7093 
472290 1282690 0 0.0198713 0 0 0 0 0 2.75472e-13 0.332062 99.6679 
474290 1282690 0 0.0203738 0 0 0 0 0 5.18071e-13 0.377742 99.6223 
476290 1282690 0 0.0208778 0 0 0 0 0 9.5374e-13 0.427858 99.5721 
478290 1282690 0 0.0213826 0 0 0 0 0 1.71868e-12 0.482532 99.5175 
480290 1282690 0 0.0218872 0 0 0 0 0 3.03166e-12 0.541843 99.4582 
482290 1282690 0 0.0223906 0 0 0 0 0 5.2346e-12 0.605808 99.3942 
484290 1282690 0 0.0228917 0 0 0 0 0 8.84706e-12 0.674386 99.3256 
486290 1282690 0 0.0233894 0 0 0 0 0 1.46361e-11 0.747465 99.2525 
488290 1282690 0 0.0238825 0 0 0 0 0 2.37004e-11 0.824856 99.1751 
490290 1282690 0 0.0243695 0 0 0 0 0 3.75658e-11 0.90629 99.0937 
492290 1282690 0 0.0248493 0 0 0 0 0 5.82813e-11 0.991417 99.0086 
494290 1282690 0 0.0253203 0 0 0 0 0 8.85044e-11 1.0798 98.9202 
496290 1282690 0 0.0257811 0 0 0 0 0 1.31552e-10 1.17092 98.8291 
498290 1282690 0 0.0262301 0 0 0 0 0 1.91393e-10 1.26416 98.7358 
500290 1282690 0 0.0266657 0 0 0 0 0 2.72551e-10 1.35886 98.6411 
502290 1282690 0 0.0270863 0 0 0 0 0 3.79894e-10 1.45424 98.5458 
504290 1282690 0 0.0274901 0 0 0 0 0 5.18287e-10 1.54951 98.4505 
506290 1282690 0 0.0278756 0 0 0 0 0 6.92104e-10 1.64378 98.3562 
508290 1282690 0 0.028241 0 0 0 0 0 9.04616e-10 1.73614 98.2639 
510290 1282690 0 0.0285847 0 0 0 0 0 1.15731e-09 1.82567 98.1743 
512290 1282690 0 0.028905 0 0 0 0 0 1.44921e-09 1.91142 98.0886 
514290 1282690 0 0.0292003 0 0 0 0 0 1.77626e-09 1.99244 98.0076 
516290 1282690 0 0.0294691 0 0 0 0 0 2.13097e-09 2.06782 97.9322 
518290 1282690 0 0.0297101 0 0 0 0 0 2.50234e-09 2.13668 97.8633 
520290 1282690 0 0.0299218 0 0 0 0 0 2.87615e-09 2.1982 97.8018 
522290 1282690 0 0.0301031 0 0 0 0 0 3.23576e-09 2.25162 97.7484 
524290 1282690 0 0.030253 0 0 0 0 0 3.56321e-09 2.2963 97.7037 
526290 1282690 0 0.0303707 0 0 0 0 0 3.84068e-09 2.33167 97.6683 
528290 1282690 0 0.0304553 0 0 0 0 0 4.05206e-09 2.35727 97.6427 
530290 1282690 0 0.0305064 0 0 0 0 0 4.18453e-09 2.37278 97.6272 
532290 1282690 0 0.0305238 0 0 0 0 0 4.22981e-09 2.37801 97.622 
532290 1284690 0 0.0322916 0 0 0 0 0 1.22022e-08 2.94991 97.0501 
534290 1284690 0 0.0322732 0 0 0 0 0 1.20731e-08 2.94357 97.0564 
536290 1284690 0 0.0322174 0 0 0 0 0 1.16924e-08 2.9245 97.0755 
538290 1284690 0 0.0321245 0 0 0 0 0 1.1084e-08 2.89294 97.1071 
540290 1284690 0 0.0319951 0 0 0 0 0 1.02848e-08 2.84931 97.1507 
542290 1284690 0 0.03183 0 0 0 0 0 9.34117e-09 2.79414 97.2059 
544290 1284690 0 0.0316302 0 0 0 0 0 8.30442e-09 2.72812 97.2719 
546290 1284690 0 0.031397 0 0 0 0 0 7.22635e-09 2.65208 97.3479 
548290 1284690 0 0.0311317 0 0 0 0 0 6.15502e-09 2.56692 97.4331 
550290 1284690 0 0.0308359 0 0 0 0 0 5.13144e-09 2.47365 97.5263 
552290 1284690 0 0.0305112 0 0 0 0 0 4.1874e-09 2.37337 97.6266 
554290 1284690 0 0.0301595 0 0 0 0 0 3.34461e-09 2.2672 97.7328 
556290 1284690 0 0.0297825 0 0 0 0 0 2.61481e-09 2.1563 97.8437 
558290 1284690 0 0.0293822 0 0 0 0 0 2.00091e-09 2.04184 97.9582 
560290 1284690 0 0.0289605 0 0 0 0 0 1.49866e-09 1.92498 98.075 
562290 1284690 0 0.0285192 0 0 0 0 0 1.09868e-09 1.80685 98.1932 
564290 1284690 0 0.0280605 0 0 0 0 0 7.88368e-10 1.68852 98.3115 
566290 1284690 0 0.027586 0 0 0 0 0 5.53702e-10 1.57102 98.429 
568290 1284690 0 0.0270978 0 0 0 0 0 3.80638e-10 1.45528 98.5447 
570290 1284690 0 0.0265975 0 0 0 0 0 2.56118e-10 1.34214 98.6579 
572290 1284690 0 0.026087 0 0 0 0 0 1.68678e-10 1.23238 98.7676 
574290 1284690 0 0.0255679 0 0 0 0 0 1.08736e-10 1.12663 98.8734 
576290 1284690 0 0.0250417 0 0 0 0 0 6.86091e-11 1.02544 98.9746 
578290 1284690 0 0.02451 0 0 0 0 0 4.2373e-11 0.929261 99.0707 
580290 1284690 0 0.0239741 0 0 0 0 0 2.56152e-11 0.838424 99.1616 
582290 1284690 0 0.0234354 0 0 0 0 0 1.51569e-11 0.75317 99.2468 
584290 1284690 0 0.0228951 0 0 0 0 0 8.77876e-12 0.67364 99.3264 
586290 1284690 0 0.0223544 0 0 0 0 0 4.97699e-12 0.599892 99.4001 
588290 1284690 0 0.0218142 0 0 0 0 0 2.76195e-12 0.531903 99.4681 
590290 1284690 0 0.0212757 0 0 0 0 0 1.50033e-12 0.46958 99.5304 
592290 1284690 0 0.0207396 0 0 0 0 0 7.97775e-13 0.412772 99.5872 
594290 1284690 0 0.0202069 0 0 0 0 0 4.15244e-13 0.361275 99.6387 
596290 1284690 0 0.0196782 0 0 0 0 0 2.11573e-13 0.314846 99.6852 
598290 1284690 0 0.0191543 0 0 0 0 0 1.05524e-13 0.273209 99.7268 
600290 1284690 0 0.0186358 0 0 0 0 0 5.15213e-14 0.236066 99.7639 
602290 1284690 0 0.0181232 0 0 0 0 0 2.46244e-14 0.203103 99.7969 
604290 1284690 0 0.0176172 0 0 0 0 0 1.15211e-14 0.174001 99.826 
606290 1284690 0 0.0171181 0 0 0 0 0 5.27687e-15 0.148437 99.8516 
608290 1284690 0 0.0166264 0 0 0 0 0 2.36599e-15 0.126092 99.8739 
610290 1284690 0 0.0161424 0 0 0 0 0 1.03851e-15 0.10666 99.8933 
612290 1284690 0 0.0156664 0 0 0 0 0 4.4624e-16 0.0898417 99.9102 
614290 1284690 0 0.0151989 0 0 0 0 0 1.87712e-16 0.0753574 99.9246 
616290 1284690 0 0.0147399 0 0 0 0 0 7.73006e-17 0.0629429 99.9371 
618290 1284690 0 0.0142897 0 0 0 0 0 3.11633e-17 0.0523534 99.9476 
620290 1284690 0 0.0138486 0 0 0 0 0 1.22991e-17 0.0433634 99.9566 
622290 1284690 0 0.0134165 0 0 0 0 0 4.75203e-18 0.0357671 99.9642 
624290 1284690 0 0.0129937 0 0 0 0 0 1.79745e-18 0.0293784 99.9706 
626290 1284690 0 0.0125803 0 0 0 0 0 6.65598e-19 0.0240304 99.976 
628290 1284690 0 0.0121762 0 0 0 0 0 2.41292e-19 0.0195742 99.9804 
630290 1284690 0 0.0117816 0 0 0 0 0 8.56347e-20 0.015878 99.9841 
432290 1284690 0 0.011385 0 0 0 0 0 2.95776e-20 0.0127983 99.9872 
434290 1284690 0 0.01177 0 0 0 0 0 8.51394e-20 0.0158441 99.9842 
436290 1284690 0 0.0121644 0 0 0 0 0 2.39926e-19 0.0195332 99.9805 
438290 1284690 0 0.0125682 0 0 0 0 0 6.6191e-19 0.0239812 99.976 
440290 1284690 0 0.0129814 0 0 0 0 0 1.78771e-18 0.0293197 99.9707 
442290 1284690 0 0.013404 0 0 0 0 0 4.72686e-18 0.0356971 99.9643 
444290 1284690 0 0.0138359 0 0 0 0 0 1.22355e-17 0.0432806 99.9567 
446290 1284690 0 0.0142768 0 0 0 0 0 3.10058e-17 0.0522559 99.9477 
448290 1284690 0 0.0147268 0 0 0 0 0 7.69193e-17 0.0628285 99.9372 
450290 1284690 0 0.0151856 0 0 0 0 0 1.86809e-16 0.0752237 99.9248 
452290 1284690 0 0.015653 0 0 0 0 0 4.44147e-16 0.0896864 99.9103 
454290 1284690 0 0.0161288 0 0 0 0 0 1.03376e-15 0.10648 99.8935 
456290 1284690 0 0.0166127 0 0 0 0 0 2.35546e-15 0.125886 99.8741 
458290 1284690 0 0.0171043 0 0 0 0 0 5.25402e-15 0.1482 99.8518 
460290 1284690 0 0.0176032 0 0 0 0 0 1.14726e-14 0.173732 99.8263 
462290 1284690 0 0.0181092 0 0 0 0 0 2.45238e-14 0.202798 99.7972 
464290 1284690 0 0.0186216 0 0 0 0 0 5.13168e-14 0.235722 99.7643 
466290 1284690 0 0.0191401 0 0 0 0 0 1.05118e-13 0.272823 99.7272 
468290 1284690 0 0.0196639 0 0 0 0 0 2.10784e-13 0.314415 99.6856 
470290 1284690 0 0.0201926 0 0 0 0 0 4.13746e-13 0.360797 99.6392 
472290 1284690 0 0.0207253 0 0 0 0 0 7.94992e-13 0.412244 99.5878 
474290 1284690 0 0.0212614 0 0 0 0 0 1.49527e-12 0.469 99.531 
476290 1284690 0 0.0218 0 0 0 0 0 2.75298e-12 0.531269 99.4687 
478290 1284690 0 0.0223402 0 0 0 0 0 4.9614e-12 0.599204 99.4008 
480290 1284690 0 0.0228811 0 0 0 0 0 8.75231e-12 0.672898 99.3271 
482290 1284690 0 0.0234215 0 0 0 0 0 1.51131e-11 0.752373 99.2476 
484290 1284690 0 0.0239603 0 0 0 0 0 2.55441e-11 0.837575 99.1624 
486290 1284690 0 0.0244964 0 0 0 0 0 4.22604e-11 0.92836 99.0716 
488290 1284690 0 0.0250283 0 0 0 0 0 6.84348e-11 1.02449 98.9755 
490290 1284690 0 0.0255547 0 0 0 0 0 1.08472e-10 1.12563 98.8744 
492290 1284690 0 0.0260742 0 0 0 0 0 1.6829e-10 1.23134 98.7687 
494290 1284690 0 0.026585 0 0 0 0 0 2.55558e-10 1.34108 98.6589 
496290 1284690 0 0.0270856 0 0 0 0 0 3.7985e-10 1.45418 98.5458 
498290 1284690 0 0.0275742 0 0 0 0 0 5.5262e-10 1.56991 98.4301 
500290 1284690 0 0.0280491 0 0 0 0 0 7.8692e-10 1.6874 98.3126 
502290 1284690 0 0.0285083 0 0 0 0 0 1.09679e-09 1.80572 98.1943 
504290 1284690 0 0.0289501 0 0 0 0 0 1.49626e-09 1.92386 98.0761 
506290 1284690 0 0.0293724 0 0 0 0 0 1.99793e-09 2.04074 97.9593 
508290 1284690 0 0.0297733 0 0 0 0 0 2.61122e-09 2.15523 97.8448 
510290 1284690 0 0.0301509 0 0 0 0 0 3.34041e-09 2.26617 97.7338 
512290 1284690 0 0.0305033 0 0 0 0 0 4.18262e-09 2.37239 97.6276 
514290 1284690 0 0.0308286 0 0 0 0 0 5.12616e-09 2.47274 97.5273 
516290 1284690 0 0.0311251 0 0 0 0 0 6.14941e-09 2.56607 97.4339 
518290 1284690 0 0.0313911 0 0 0 0 0 7.22059e-09 2.65131 97.3487 
520290 1284690 0 0.0316252 0 0 0 0 0 8.29874e-09 2.72745 97.2725 
522290 1284690 0 0.0318257 0 0 0 0 0 9.33584e-09 2.79357 97.2064 
524290 1284690 0 0.0319917 0 0 0 0 0 1.02801e-08 2.84884 97.1512 
526290 1284690 0 0.0321219 0 0 0 0 0 1.10802e-08 2.89259 97.1074 
528290 1284690 0 0.0322157 0 0 0 0 0 1.16898e-08 2.92426 97.0757 
530290 1284690 0 0.0322724 0 0 0 0 0 1.20717e-08 2.94345 97.0566 
532290 1284690 0 0.0322916 0 0 0 0 0 1.22022e-08 2.94991 97.0501 
532290 1286690 0 0.0342168 0 0 0 0 0 3.44339e-08 3.64076 96.3592 
534290 1286690 0 0.0341964 0 0 0 0 0 3.40697e-08 3.63297 96.367 
536290 1286690 0 0.0341342 0 0 0 0 0 3.29962e-08 3.60952 96.3905 
538290 1286690 0 0.0340307 0 0 0 0 0 3.12805e-08 3.57073 96.4293 
540290 1286690 0 0.0338865 0 0 0 0 0 2.90265e-08 3.51708 96.4829 
542290 1286690 0 0.0337028 0 0 0 0 0 2.6365e-08 3.44924 96.5508 
544290 1286690 0 0.0334807 0 0 0 0 0 2.34406e-08 3.36804 96.632 
546290 1286690 0 0.0332216 0 0 0 0 0 2.03994e-08 3.27448 96.7255 
548290 1286690 0 0.0329272 0 0 0 0 0 1.73767e-08 3.16969 96.8303 
550290 1286690 0 0.0325994 0 0 0 0 0 1.44884e-08 3.05488 96.9451 
552290 1286690 0 0.03224 0 0 0 0 0 1.18242e-08 2.9314 97.0686 
554290 1286690 0 0.0318512 0 0 0 0 0 9.44542e-09 2.80062 97.1994 
556290 1286690 0 0.0314352 0 0 0 0 0 7.38521e-09 2.66397 97.336 
558290 1286690 0 0.0309941 0 0 0 0 0 5.65191e-09 2.52289 97.4771 
560290 1286690 0 0.0305302 0 0 0 0 0 4.23367e-09 2.3788 97.6212 
562290 1286690 0 0.0300457 0 0 0 0 0 3.10404e-09 2.23308 97.7669 
564290 1286690 0 0.0295428 0 0 0 0 0 2.22753e-09 2.08707 97.9129 
566290 1286690 0 0.0290238 0 0 0 0 0 1.5646e-09 1.94203 98.058 
568290 1286690 0 0.0284907 0 0 0 0 0 1.07565e-09 1.79912 98.2009 
570290 1286690 0 0.0279455 0 0 0 0 0 7.23807e-10 1.65939 98.3406 
572290 1286690 0 0.0273902 0 0 0 0 0 4.76718e-10 1.52378 98.4762 
574290 1286690 0 0.0268266 0 0 0 0 0 3.07318e-10 1.39309 98.6069 
576290 1286690 0 0.0262564 0 0 0 0 0 1.93912e-10 1.26802 98.732 
578290 1286690 0 0.0256814 0 0 0 0 0 1.1976e-10 1.14911 98.8509 
580290 1286690 0 0.0251029 0 0 0 0 0 7.2396e-11 1.03679 98.9632 
582290 1286690 0 0.0245225 0 0 0 0 0 4.28367e-11 0.931356 99.0686 
584290 1286690 0 0.0239414 0 0 0 0 0 2.48096e-11 0.832989 99.167 
586290 1286690 0 0.0233609 0 0 0 0 0 1.40647e-11 0.741766 99.2582 
588290 1286690 0 0.022782 0 0 0 0 0 7.80457e-12 0.65766 99.3423 
590290 1286690 0 0.0222057 0 0 0 0 0 4.2392e-12 0.580563 99.4194 
592290 1286690 0 0.0216331 0 0 0 0 0 2.25392e-12 0.510286 99.4897 
594290 1286690 0 0.0210648 0 0 0 0 0 1.17305e-12 0.446581 99.5534 
596290 1286690 0 0.0205018 0 0 0 0 0 5.97619e-13 0.389148 99.6109 
598290 1286690 0 0.0199446 0 0 0 0 0 2.98034e-13 0.337646 99.6624 
600290 1286690 0 0.019394 0 0 0 0 0 1.45494e-13 0.291706 99.7083 
602290 1286690 0 0.0188504 0 0 0 0 0 6.95291e-14 0.250941 99.7491 
604290 1286690 0 0.0183144 0 0 0 0 0 3.25263e-14 0.214954 99.785 
606290 1286690 0 0.0177864 0 0 0 0 0 1.48955e-14 0.183346 99.8167 
608290 1286690 0 0.0172667 0 0 0 0 0 6.67775e-15 0.155724 99.8443 
610290 1286690 0 0.0167559 0 0 0 0 0 2.93064e-15 0.131704 99.8683 
612290 1286690 0 0.0162541 0 0 0 0 0 1.25909e-15 0.11092 99.8891 
614290 1286690 0 0.0157616 0 0 0 0 0 5.29563e-16 0.0930223 99.907 
616290 1286690 0 0.0152786 0 0 0 0 0 2.18044e-16 0.0776853 99.9223 
618290 1286690 0 0.0148054 0 0 0 0 0 8.78905e-17 0.0646051 99.9354 
620290 1286690 0 0.014342 0 0 0 0 0 3.46826e-17 0.0535025 99.9465 
622290 1286690 0 0.0138886 0 0 0 0 0 1.33984e-17 0.0441229 99.9559 
624290 1286690 0 0.0134453 0 0 0 0 0 5.06726e-18 0.0362359 99.9638 
626290 1286690 0 0.0130122 0 0 0 0 0 1.87615e-18 0.0296349 99.9704 
628290 1286690 0 0.0125892 0 0 0 0 0 6.80051e-19 0.0241355 99.9759 
630290 1286690 0 0.0121765 0 0 0 0 0 2.4132e-19 0.019575 99.9804 
432290 1286690 0 0.011762 0 0 0 0 0 8.33402e-20 0.0157759 99.9842 
434290 1286690 0 0.0121644 0 0 0 0 0 2.39926e-19 0.0195332 99.9805 
436290 1286690 0 0.0125769 0 0 0 0 0 6.76204e-19 0.0240851 99.9759 
438290 1286690 0 0.0129996 0 0 0 0 0 1.86577e-18 0.0295743 99.9704 
440290 1286690 0 0.0134325 0 0 0 0 0 5.03982e-18 0.0361635 99.9638 
442290 1286690 0 0.0138756 0 0 0 0 0 1.33275e-17 0.0440367 99.956 
444290 1286690 0 0.0143288 0 0 0 0 0 3.45032e-17 0.0534005 99.9466 
446290 1286690 0 0.0147919 0 0 0 0 0 8.74467e-17 0.0644848 99.9355 
448290 1286690 0 0.015265 0 0 0 0 0 2.1697e-16 0.0775442 99.9225 
450290 1286690 0 0.0157477 0 0 0 0 0 5.27017e-16 0.0928576 99.9071 
452290 1286690 0 0.01624 0 0 0 0 0 1.25319e-15 0.110728 99.8893 
454290 1286690 0 0.0167417 0 0 0 0 0 2.91726e-15 0.131483 99.8685 
456290 1286690 0 0.0172524 0 0 0 0 0 6.64807e-15 0.155469 99.8445 
458290 1286690 0 0.0177719 0 0 0 0 0 1.48311e-14 0.183055 99.8169 
460290 1286690 0 0.0182997 0 0 0 0 0 3.23896e-14 0.214622 99.7854 
462290 1286690 0 0.0188356 0 0 0 0 0 6.92452e-14 0.250565 99.7494 
464290 1286690 0 0.0193791 0 0 0 0 0 1.44917e-13 0.291282 99.7087 
466290 1286690 0 0.0199297 0 0 0 0 0 2.96888e-13 0.33717 99.6628 
468290 1286690 0 0.0204868 0 0 0 0 0 5.95393e-13 0.388617 99.6114 
470290 1286690 0 0.0210498 0 0 0 0 0 1.16882e-12 0.445992 99.554 
472290 1286690 0 0.021618 0 0 0 0 0 2.24607e-12 0.509635 99.4904 
474290 1286690 0 0.0221906 0 0 0 0 0 4.22494e-12 0.579848 99.4202 
476290 1286690 0 0.0227669 0 0 0 0 0 7.77924e-12 0.65688 99.3431 
478290 1286690 0 0.0233459 0 0 0 0 0 1.40207e-11 0.740918 99.2591 
480290 1286690 0 0.0239265 0 0 0 0 0 2.4735e-11 0.832075 99.1679 
482290 1286690 0 0.0245077 0 0 0 0 0 4.2713e-11 0.930375 99.0696 
484290 1286690 0 0.0250883 0 0 0 0 0 7.21955e-11 1.03574 98.9643 
486290 1286690 0 0.0256669 0 0 0 0 0 1.19442e-10 1.148 98.852 
488290 1286690 0 0.0262422 0 0 0 0 0 1.9342e-10 1.26685 98.7331 
490290 1286690 0 0.0268125 0 0 0 0 0 3.06575e-10 1.39187 98.6081 
492290 1286690 0 0.0273764 0 0 0 0 0 4.75622e-10 1.5225 98.4775 
494290 1286690 0 0.0279321 0 0 0 0 0 7.22228e-10 1.65808 98.3419 
496290 1286690 0 0.0284776 0 0 0 0 0 1.07343e-09 1.79777 98.2022 
498290 1286690 0 0.0290112 0 0 0 0 0 1.56156e-09 1.94066 98.0593 
500290 1286690 0 0.0295306 0 0 0 0 0 2.22345e-09 2.08569 97.9143 
502290 1286690 0 0.030034 0 0 0 0 0 3.09872e-09 2.2317 97.7683 
504290 1286690 0 0.030519 0 0 0 0 0 4.22691e-09 2.37742 97.6226 
506290 1286690 0 0.0309835 0 0 0 0 0 5.64353e-09 2.52154 97.4785 
508290 1286690 0 0.0314252 0 0 0 0 0 7.3751e-09 2.66266 97.3373 
510290 1286690 0 0.0318419 0 0 0 0 0 9.43358e-09 2.79936 97.2006 
512290 1286690 0 0.0322314 0 0 0 0 0 1.18108e-08 2.9302 97.0698 
514290 1286690 0 0.0325915 0 0 0 0 0 1.44736e-08 3.05376 96.9462 
516290 1286690 0 0.0329201 0 0 0 0 0 1.73609e-08 3.16865 96.8313 
518290 1286690 0 0.0332153 0 0 0 0 0 2.03831e-08 3.27355 96.7264 
520290 1286690 0 0.0334752 0 0 0 0 0 2.34246e-08 3.36722 96.6328 
522290 1286690 0 0.0336982 0 0 0 0 0 2.635e-08 3.44854 96.5515 
524290 1286690 0 0.0338828 0 0 0 0 0 2.90134e-08 3.51651 96.4835 
526290 1286690 0 0.0340279 0 0 0 0 0 3.12698e-08 3.5703 96.4297 
528290 1286690 0 0.0341323 0 0 0 0 0 3.29887e-08 3.60923 96.3908 
530290 1286690 0 0.0341954 0 0 0 0 0 3.40658e-08 3.63282 96.3672 
532290 1286690 0 0.0342168 0 0 0 0 0 3.44339e-08 3.64076 96.3592 
532290 1288690 0 0.0363244 0 0 0 0 0 9.50321e-08 4.46962 95.5304 
534290 1288690 0 0.0363014 0 0 0 0 0 9.40279e-08 4.46009 95.5399 
536290 1288690 0 0.0362317 0 0 0 0 0 9.1068e-08 4.43147 95.5685 
538290 1288690 0 0.0361157 0 0 0 0 0 8.63371e-08 4.38409 95.6159 
540290 1288690 0 0.0359543 0 0 0 0 0 8.01216e-08 4.31856 95.6814 
542290 1288690 0 0.0357487 0 0 0 0 0 7.27813e-08 4.23567 95.7643 
544290 1288690 0 0.0355004 0 0 0 0 0 6.47152e-08 4.13645 95.8636 
546290 1288690 0 0.035211 0 0 0 0 0 5.63255e-08 4.02208 95.9779 
548290 1288690 0 0.0348826 0 0 0 0 0 4.79858e-08 3.89393 96.1061 
550290 1288690 0 0.0345173 0 0 0 0 0 4.00154e-08 3.75349 96.2465 
552290 1288690 0 0.0341175 0 0 0 0 0 3.2662e-08 3.60237 96.3976 
554290 1288690 0 0.0336857 0 0 0 0 0 2.60949e-08 3.44226 96.5577 
556290 1288690 0 0.0332243 0 0 0 0 0 2.04063e-08 3.27488 96.7251 
558290 1288690 0 0.032736 0 0 0 0 0 1.56194e-08 3.10199 96.898 
560290 1288690 0 0.0322234 0 0 0 0 0 1.17017e-08 2.92534 97.0747 
562290 1288690 0 0.0316892 0 0 0 0 0 8.5807e-09 2.74661 97.2534 
564290 1288690 0 0.0311358 0 0 0 0 0 6.15854e-09 2.56744 97.4326 
566290 1288690 0 0.0305657 0 0 0 0 0 4.32627e-09 2.38938 97.6106 
568290 1288690 0 0.0299815 0 0 0 0 0 2.97461e-09 2.21386 97.7861 
570290 1288690 0 0.0293852 0 0 0 0 0 2.00182e-09 2.04218 97.9578 
572290 1288690 0 0.0287792 0 0 0 0 0 1.31857e-09 1.87549 98.1245 
574290 1288690 0 0.0281655 0 0 0 0 0 8.50078e-10 1.71481 98.2852 
576290 1288690 0 0.027546 0 0 0 0 0 5.36411e-10 1.56098 98.439 
578290 1288690 0 0.0269224 0 0 0 0 0 3.313e-10 1.41468 98.5853 
580290 1288690 0 0.0262965 0 0 0 0 0 2.00278e-10 1.27645 98.7235 
582290 1288690 0 0.0256698 0 0 0 0 0 1.18505e-10 1.14667 98.8533 
584290 1288690 0 0.0250435 0 0 0 0 0 6.86329e-11 1.02557 98.9744 
586290 1288690 0 0.0244191 0 0 0 0 0 3.89071e-11 0.913244 99.0868 
588290 1288690 0 0.0237977 0 0 0 0 0 2.15888e-11 0.809671 99.1903 
590290 1288690 0 0.0231802 0 0 0 0 0 1.17256e-11 0.714719 99.2853 
592290 1288690 0 0.0225676 0 0 0 0 0 6.23387e-12 0.628164 99.3718 
594290 1288690 0 0.0219609 0 0 0 0 0 3.24413e-12 0.549701 99.4503 
596290 1288690 0 0.0213606 0 0 0 0 0 1.65258e-12 0.478963 99.521 
598290 1288690 0 0.0207676 0 0 0 0 0 8.24054e-13 0.415531 99.5845 
600290 1288690 0 0.0201823 0 0 0 0 0 4.02238e-13 0.358954 99.641 
602290 1288690 0 0.0196054 0 0 0 0 0 1.92199e-13 0.308753 99.6912 
604290 1288690 0 0.0190374 0 0 0 0 0 8.99004e-14 0.264441 99.7356 
606290 1288690 0 0.0184785 0 0 0 0 0 4.11644e-14 0.225524 99.7745 
608290 1288690 0 0.0179292 0 0 0 0 0 1.84516e-14 0.19152 99.8085 
610290 1288690 0 0.0173898 0 0 0 0 0 8.09664e-15 0.161954 99.838 
612290 1288690 0 0.0168606 0 0 0 0 0 3.47805e-15 0.136375 99.8636 
614290 1288690 0 0.0163418 0 0 0 0 0 1.46262e-15 0.114352 99.8856 
616290 1288690 0 0.0158336 0 0 0 0 0 6.02135e-16 0.0954829 99.9045 
618290 1288690 0 0.015336 0 0 0 0 0 2.42676e-16 0.0793931 99.9206 
620290 1288690 0 0.0148494 0 0 0 0 0 9.57485e-17 0.0657385 99.9343 
622290 1288690 0 0.0143736 0 0 0 0 0 3.69839e-17 0.054205 99.9458 
624290 1288690 0 0.0139089 0 0 0 0 0 1.39852e-17 0.0445086 99.9555 
626290 1288690 0 0.0134551 0 0 0 0 0 5.17732e-18 0.0363946 99.9636 
628290 1288690 0 0.0130125 0 0 0 0 0 1.87637e-18 0.0296361 99.9704 
630290 1288690 0 0.0125808 0 0 0 0 0 6.65755e-19 0.0240325 99.976 
432290 1288690 0 0.0121478 0 0 0 0 0 2.29891e-19 0.0193653 99.9806 
434290 1288690 0 0.0125682 0 0 0 0 0 6.6191e-19 0.0239812 99.976 
436290 1288690 0 0.0129996 0 0 0 0 0 1.86577e-18 0.0295743 99.9704 
438290 1288690 0 0.0134421 0 0 0 0 0 5.14868e-18 0.0363203 99.9637 
440290 1288690 0 0.0138955 0 0 0 0 0 1.39096e-17 0.0444198 99.9556 
442290 1288690 0 0.01436 0 0 0 0 0 3.67883e-17 0.0540993 99.9459 
444290 1288690 0 0.0148355 0 0 0 0 0 9.52539e-17 0.0656133 99.9344 
446290 1288690 0 0.015322 0 0 0 0 0 2.41452e-16 0.0792455 99.9208 
448290 1288690 0 0.0158193 0 0 0 0 0 5.9917e-16 0.0953097 99.9047 
450290 1288690 0 0.0163273 0 0 0 0 0 1.45559e-15 0.11415 99.8859 
452290 1288690 0 0.016846 0 0 0 0 0 3.46177e-15 0.13614 99.8639 
454290 1288690 0 0.017375 0 0 0 0 0 8.05971e-15 0.161682 99.8383 
456290 1288690 0 0.0179142 0 0 0 0 0 1.83697e-14 0.191207 99.8088 
458290 1288690 0 0.0184633 0 0 0 0 0 4.09866e-14 0.225167 99.7748 
460290 1288690 0 0.019022 0 0 0 0 0 8.9523e-14 0.264033 99.736 
462290 1288690 0 0.0195899 0 0 0 0 0 1.91415e-13 0.308291 99.6917 
464290 1288690 0 0.0201667 0 0 0 0 0 4.00646e-13 0.358433 99.6416 
466290 1288690 0 0.0207518 0 0 0 0 0 8.20891e-13 0.414947 99.5851 
468290 1288690 0 0.0213448 0 0 0 0 0 1.64644e-12 0.47831 99.5217 
470290 1288690 0 0.021945 0 0 0 0 0 3.23246e-12 0.548977 99.451 
472290 1288690 0 0.0225517 0 0 0 0 0 6.21219e-12 0.627365 99.3726 
474290 1288690 0 0.0231642 0 0 0 0 0 1.16862e-11 0.713842 99.2862 
476290 1288690 0 0.0237817 0 0 0 0 0 2.15188e-11 0.808713 99.1913 
478290 1288690 0 0.0244032 0 0 0 0 0 3.87857e-11 0.912204 99.0878 
480290 1288690 0 0.0250277 0 0 0 0 0 6.84269e-11 1.02445 98.9756 
482290 1288690 0 0.025654 0 0 0 0 0 1.18163e-10 1.14547 98.8545 
484290 1288690 0 0.0262809 0 0 0 0 0 1.99724e-10 1.27517 98.7248 
486290 1288690 0 0.026907 0 0 0 0 0 3.30424e-10 1.41332 98.5867 
488290 1288690 0 0.0275307 0 0 0 0 0 5.35055e-10 1.55954 98.4405 
490290 1288690 0 0.0281505 0 0 0 0 0 8.48029e-10 1.71331 98.2867 
492290 1288690 0 0.0287645 0 0 0 0 0 1.31554e-09 1.87394 98.1261 
494290 1288690 0 0.0293708 0 0 0 0 0 1.99747e-09 2.04057 97.9594 
496290 1288690 0 0.0299675 0 0 0 0 0 2.96849e-09 2.21222 97.7878 
498290 1288690 0 0.0305522 0 0 0 0 0 4.31787e-09 2.38771 97.6123 
500290 1288690 0 0.0311227 0 0 0 0 0 6.1473e-09 2.56576 97.4342 
502290 1288690 0 0.0316766 0 0 0 0 0 8.56604e-09 2.74492 97.2551 
504290 1288690 0 0.0322114 0 0 0 0 0 1.16831e-08 2.92366 97.0763 
506290 1288690 0 0.0327246 0 0 0 0 0 1.55963e-08 3.10035 96.8997 
508290 1288690 0 0.0332135 0 0 0 0 0 2.03785e-08 3.27328 96.7267 
510290 1288690 0 0.0336756 0 0 0 0 0 2.60624e-08 3.44072 96.5593 
512290 1288690 0 0.0341082 0 0 0 0 0 3.2625e-08 3.60091 96.3991 
514290 1288690 0 0.0345088 0 0 0 0 0 3.99746e-08 3.75213 96.2479 
516290 1288690 0 0.0348749 0 0 0 0 0 4.79424e-08 3.89267 96.1073 
518290 1288690 0 0.0352041 0 0 0 0 0 5.62809e-08 4.02094 95.9791 
520290 1288690 0 0.0354944 0 0 0 0 0 6.46713e-08 4.13545 95.8646 
522290 1288690 0 0.0357437 0 0 0 0 0 7.27402e-08 4.23482 95.7652 
524290 1288690 0 0.0359503 0 0 0 0 0 8.00854e-08 4.31786 95.6821 
526290 1288690 0 0.0361126 0 0 0 0 0 8.63079e-08 4.38357 95.6164 
528290 1288690 0 0.0362296 0 0 0 0 0 9.10475e-08 4.43111 95.5689 
530290 1288690 0 0.0363004 0 0 0 0 0 9.40173e-08 4.45992 95.5401 
532290 1288690 0 0.0363244 0 0 0 0 0 9.50321e-08 4.46962 95.5304 
532290 1290690 0 0.0386441 0 0 0 0 0 2.56444e-07 5.45679 94.5432 
534290 1290690 0 0.0386182 0 0 0 0 0 2.53738e-07 5.44525 94.5548 
536290 1290690 0 0.0385396 0 0 0 0 0 2.4576e-07 5.41054 94.5895 
538290 1290690 0 0.0384088 0 0 0 0 0 2.33008e-07 5.35309 94.6469 
540290 1290690 0 0.038227 0 0 0 0 0 2.16253e-07 5.2736 94.7264 
542290 1290690 0 0.0379956 0 0 0 0 0 1.96464e-07 5.17304 94.827 
544290 1290690 0 0.0377163 0 0 0 0 0 1.74714e-07 5.05262 94.9474 
546290 1290690 0 0.0373912 0 0 0 0 0 1.52088e-07 4.91376 95.0862 
548290 1290690 0 0.0370227 0 0 0 0 0 1.29591e-07 4.75811 95.2419 
550290 1290690 0 0.0366135 0 0 0 0 0 1.08086e-07 4.58745 95.4125 
552290 1290690 0 0.0361663 0 0 0 0 0 8.82411e-08 4.40372 95.5963 
554290 1290690 0 0.035684 0 0 0 0 0 7.05135e-08 4.20895 95.791 
556290 1290690 0 0.0351697 0 0 0 0 0 5.51532e-08 4.00523 95.9948 
558290 1290690 0 0.0346265 0 0 0 0 0 4.22241e-08 3.79468 96.2053 
560290 1290690 0 0.0340575 0 0 0 0 0 3.164e-08 3.57941 96.4206 
562290 1290690 0 0.0334656 0 0 0 0 0 2.32058e-08 3.3615 96.6385 
564290 1290690 0 0.0328539 0 0 0 0 0 1.66584e-08 3.14292 96.8571 
566290 1290690 0 0.0322252 0 0 0 0 0 1.17044e-08 2.92558 97.0744 
568290 1290690 0 0.0315823 0 0 0 0 0 8.04895e-09 2.71121 97.2888 
570290 1290690 0 0.0309277 0 0 0 0 0 5.41754e-09 2.50141 97.4986 
572290 1290690 0 0.0302641 0 0 0 0 0 3.56892e-09 2.29763 97.7024 
574290 1290690 0 0.0295936 0 0 0 0 0 2.30115e-09 2.10109 97.8989 
576290 1290690 0 0.0289183 0 0 0 0 0 1.45221e-09 1.91285 98.0872 
578290 1290690 0 0.0282402 0 0 0 0 0 8.96988e-10 1.73376 98.2662 
580290 1290690 0 0.0275612 0 0 0 0 0 5.4228e-10 1.56449 98.4355 
582290 1290690 0 0.0268827 0 0 0 0 0 3.2088e-10 1.40551 98.5945 
584290 1290690 0 0.0262063 0 0 0 0 0 1.85844e-10 1.25713 98.7429 
586290 1290690 0 0.0255334 0 0 0 0 0 1.05352e-10 1.11946 98.8805 
588290 1290690 0 0.024865 0 0 0 0 0 5.84568e-11 0.992504 99.0075 
590290 1290690 0 0.0242022 0 0 0 0 0 3.17488e-11 0.876094 99.1239 
592290 1290690 0 0.0235461 0 0 0 0 0 1.68781e-11 0.769967 99.23 
594290 1290690 0 0.0228973 0 0 0 0 0 8.78284e-12 0.673754 99.3262 
596290 1290690 0 0.0222567 0 0 0 0 0 4.47366e-12 0.58701 99.413 
598290 1290690 0 0.0216248 0 0 0 0 0 2.23056e-12 0.509225 99.4908 
600290 1290690 0 0.0210023 0 0 0 0 0 1.08867e-12 0.439847 99.5602 
602290 1290690 0 0.0203896 0 0 0 0 0 5.20129e-13 0.378291 99.6217 
604290 1290690 0 0.0197872 0 0 0 0 0 2.43258e-13 0.323959 99.676 
606290 1290690 0 0.0191954 0 0 0 0 0 1.1137e-13 0.276247 99.7238 
608290 1290690 0 0.0186145 0 0 0 0 0 4.9914e-14 0.234562 99.7654 
610290 1290690 0 0.0180448 0 0 0 0 0 2.18993e-14 0.198323 99.8017 
612290 1290690 0 0.0174866 0 0 0 0 0 9.40585e-15 0.166974 99.833 
614290 1290690 0 0.0169399 0 0 0 0 0 3.95484e-15 0.139988 99.86 
616290 1290690 0 0.016405 0 0 0 0 0 1.6279e-15 0.11687 99.8831 
618290 1290690 0 0.0158819 0 0 0 0 0 6.55987e-16 0.0971608 99.9028 
620290 1290690 0 0.0153708 0 0 0 0 0 2.58783e-16 0.0804373 99.9196 
622290 1290690 0 0.0148716 0 0 0 0 0 9.99431e-17 0.0663141 99.9337 
624290 1290690 0 0.0143844 0 0 0 0 0 3.77874e-17 0.0544428 99.9456 
626290 1290690 0 0.0139092 0 0 0 0 0 1.39869e-17 0.0445106 99.9555 
628290 1290690 0 0.0134459 0 0 0 0 0 5.06845e-18 0.0362391 99.9638 
630290 1290690 0 0.0129945 0 0 0 0 0 1.79809e-18 0.0293823 99.9706 
432290 1290690 0 0.0125422 0 0 0 0 0 6.20818e-19 0.0236724 99.9763 
434290 1290690 0 0.0129814 0 0 0 0 0 1.78771e-18 0.0293197 99.9707 
436290 1290690 0 0.0134325 0 0 0 0 0 5.03982e-18 0.0361635 99.9638 
438290 1290690 0 0.0138955 0 0 0 0 0 1.39096e-17 0.0444198 99.9556 
440290 1290690 0 0.0143705 0 0 0 0 0 3.75832e-17 0.0543342 99.9457 
442290 1290690 0 0.0148574 0 0 0 0 0 9.94151e-17 0.066185 99.9338 
444290 1290690 0 0.0153564 0 0 0 0 0 2.57448e-16 0.0802843 99.9197 
446290 1290690 0 0.0158673 0 0 0 0 0 6.52681e-16 0.0969804 99.903 
448290 1290690 0 0.0163901 0 0 0 0 0 1.61989e-15 0.116658 99.8833 
450290 1290690 0 0.0169248 0 0 0 0 0 3.93587e-15 0.139741 99.8603 
452290 1290690 0 0.0174712 0 0 0 0 0 9.36187e-15 0.166687 99.8333 
454290 1290690 0 0.0180292 0 0 0 0 0 2.17996e-14 0.19799 99.802 
456290 1290690 0 0.0185987 0 0 0 0 0 4.96927e-14 0.23418 99.7658 
458290 1290690 0 0.0191794 0 0 0 0 0 1.1089e-13 0.27581 99.7242 
460290 1290690 0 0.019771 0 0 0 0 0 2.42238e-13 0.32346 99.6765 
462290 1290690 0 0.0203733 0 0 0 0 0 5.18011e-13 0.377726 99.6223 
464290 1290690 0 0.0209858 0 0 0 0 0 1.08436e-12 0.43921 99.5608 
466290 1290690 0 0.0216082 0 0 0 0 0 2.22201e-12 0.508511 99.4915 
468290 1290690 0 0.02224 0 0 0 0 0 4.45705e-12 0.586213 99.4138 
470290 1290690 0 0.0228805 0 0 0 0 0 8.75129e-12 0.672869 99.3271 
472290 1290690 0 0.0235292 0 0 0 0 0 1.68196e-11 0.76899 99.231 
474290 1290690 0 0.0241854 0 0 0 0 0 3.16423e-11 0.875022 99.125 
476290 1290690 0 0.0248481 0 0 0 0 0 5.82678e-11 0.991334 99.0087 
478290 1290690 0 0.0255165 0 0 0 0 0 1.05024e-10 1.11819 98.8818 
480290 1290690 0 0.0261895 0 0 0 0 0 1.85287e-10 1.25576 98.7442 
482290 1290690 0 0.026866 0 0 0 0 0 3.19958e-10 1.40404 98.596 
484290 1290690 0 0.0275445 0 0 0 0 0 5.40785e-10 1.56292 98.4371 
486290 1290690 0 0.0282238 0 0 0 0 0 8.94621e-10 1.7321 98.2679 
488290 1290690 0 0.028902 0 0 0 0 0 1.44855e-09 1.9111 98.0889 
490290 1290690 0 0.0295775 0 0 0 0 0 2.29563e-09 2.09926 97.9007 
492290 1290690 0 0.0302483 0 0 0 0 0 3.56077e-09 2.29573 97.7043 
494290 1290690 0 0.0309123 0 0 0 0 0 5.40579e-09 2.49946 97.5005 
496290 1290690 0 0.0315672 0 0 0 0 0 8.03244e-09 2.70921 97.2908 
498290 1290690 0 0.0322105 0 0 0 0 0 1.16818e-08 2.92354 97.0765 
500290 1290690 0 0.0328397 0 0 0 0 0 1.66282e-08 3.14087 96.8591 
502290 1290690 0 0.0334519 0 0 0 0 0 2.31663e-08 3.35945 96.6406 
504290 1290690 0 0.0340444 0 0 0 0 0 3.15898e-08 3.57738 96.4226 
506290 1290690 0 0.0346141 0 0 0 0 0 4.2162e-08 3.79269 96.2073 
508290 1290690 0 0.035158 0 0 0 0 0 5.50784e-08 4.00329 95.9967 
510290 1290690 0 0.035673 0 0 0 0 0 7.0426e-08 4.20709 95.7929 
512290 1290690 0 0.0361561 0 0 0 0 0 8.81416e-08 4.40196 95.598 
514290 1290690 0 0.0366042 0 0 0 0 0 1.07977e-07 4.5858 95.4142 
516290 1290690 0 0.0370143 0 0 0 0 0 1.29475e-07 4.75659 95.2434 
518290 1290690 0 0.0373837 0 0 0 0 0 1.51968e-07 4.91239 95.0876 
520290 1290690 0 0.0377098 0 0 0 0 0 1.74596e-07 5.05141 94.9486 
522290 1290690 0 0.0379901 0 0 0 0 0 1.96354e-07 5.17201 94.828 
524290 1290690 0 0.0382226 0 0 0 0 0 2.16156e-07 5.27276 94.7272 
526290 1290690 0 0.0384055 0 0 0 0 0 2.3293e-07 5.35245 94.6475 
528290 1290690 0 0.0385373 0 0 0 0 0 2.45705e-07 5.41011 94.5899 
530290 1290690 0 0.0386171 0 0 0 0 0 2.53709e-07 5.44503 94.555 
532290 1290690 0 0.0386441 0 0 0 0 0 2.56444e-07 5.45679 94.5432 
532290 1292690 0 0.0412125 0 0 0 0 0 6.7646e-07 6.62336 93.3766 
534290 1292690 0 0.0411831 0 0 0 0 0 6.69332e-07 6.60947 93.3905 
536290 1292690 0 0.0410938 0 0 0 0 0 6.48321e-07 6.5677 93.4323 
538290 1292690 0 0.0409455 0 0 0 0 0 6.14732e-07 6.49856 93.5014 
540290 1292690 0 0.0407394 0 0 0 0 0 5.70595e-07 6.40287 93.5971 
542290 1292690 0 0.0404772 0 0 0 0 0 5.18454e-07 6.28178 93.7182 
544290 1292690 0 0.0401611 0 0 0 0 0 4.61138e-07 6.13671 93.8633 
546290 1292690 0 0.0397936 0 0 0 0 0 4.01497e-07 5.96936 94.0306 
548290 1292690 0 0.0393777 0 0 0 0 0 3.42184e-07 5.78166 94.2183 
550290 1292690 0 0.0389165 0 0 0 0 0 2.85467e-07 5.57576 94.4242 
552290 1292690 0 0.0384133 0 0 0 0 0 2.33113e-07 5.35394 94.6461 
554290 1292690 0 0.0378717 0 0 0 0 0 1.8633e-07 5.11863 94.8814 
556290 1292690 0 0.0372953 0 0 0 0 0 1.4578e-07 4.87234 95.1277 
558290 1292690 0 0.0366878 0 0 0 0 0 1.11636e-07 4.61761 95.3824 
560290 1292690 0 0.0360527 0 0 0 0 0 8.36757e-08 4.35699 95.643 
562290 1292690 0 0.0353938 0 0 0 0 0 6.13868e-08 4.09296 95.907 
564290 1292690 0 0.0347144 0 0 0 0 0 4.40784e-08 3.82795 96.172 
566290 1292690 0 0.0340178 0 0 0 0 0 3.09777e-08 3.56424 96.4358 
568290 1292690 0 0.0333074 0 0 0 0 0 2.13079e-08 3.30396 96.696 
570290 1292690 0 0.0325859 0 0 0 0 0 1.43449e-08 3.04907 96.9509 
572290 1292690 0 0.0318563 0 0 0 0 0 9.45188e-09 2.80131 97.1987 
574290 1292690 0 0.0311211 0 0 0 0 0 6.09542e-09 2.56223 97.4378 
576290 1292690 0 0.0303826 0 0 0 0 0 3.84727e-09 2.33311 97.6669 
578290 1292690 0 0.0296429 0 0 0 0 0 2.37667e-09 2.11502 97.885 
580290 1292690 0 0.028904 0 0 0 0 0 1.43699e-09 1.90879 98.0912 
582290 1292690 0 0.0281676 0 0 0 0 0 8.50371e-10 1.71502 98.285 
584290 1292690 0 0.0274353 0 0 0 0 0 4.92538e-10 1.53409 98.4659 
586290 1292690 0 0.0267084 0 0 0 0 0 2.79223e-10 1.36619 98.6338 
588290 1292690 0 0.0259881 0 0 0 0 0 1.54935e-10 1.21129 98.7887 
590290 1292690 0 0.0252755 0 0 0 0 0 8.41467e-11 1.06924 98.9308 
592290 1292690 0 0.0245714 0 0 0 0 0 4.47325e-11 0.939706 99.0603 
594290 1292690 0 0.0238768 0 0 0 0 0 2.32762e-11 0.82226 99.1777 
596290 1292690 0 0.0231922 0 0 0 0 0 1.18553e-11 0.716361 99.2836 
598290 1292690 0 0.0225182 0 0 0 0 0 5.91058e-12 0.621395 99.3786 
600290 1292690 0 0.0218554 0 0 0 0 0 2.8845e-12 0.53669 99.4633 
602290 1292690 0 0.0212042 0 0 0 0 0 1.37797e-12 0.461537 99.5385 
604290 1292690 0 0.0205649 0 0 0 0 0 6.44386e-13 0.395205 99.6048 
606290 1292690 0 0.0199378 0 0 0 0 0 2.94981e-13 0.33696 99.663 
608290 1292690 0 0.0193233 0 0 0 0 0 1.32187e-13 0.286075 99.7139 
610290 1292690 0 0.0187214 0 0 0 0 0 5.79878e-14 0.241844 99.7582 
612290 1292690 0 0.0181323 0 0 0 0 0 2.49024e-14 0.203586 99.7964 
614290 1292690 0 0.0175562 0 0 0 0 0 1.04691e-14 0.170657 99.8293 
616290 1292690 0 0.0169932 0 0 0 0 0 4.30866e-15 0.142452 99.8575 
618290 1292690 0 0.0164432 0 0 0 0 0 1.73598e-15 0.11841 99.8816 
620290 1292690 0 0.0159063 0 0 0 0 0 6.84734e-16 0.098013 99.902 
622290 1292690 0 0.0153826 0 0 0 0 0 2.64407e-16 0.0807907 99.9192 
624290 1292690 0 0.0148719 0 0 0 0 0 9.99549e-17 0.066317 99.9337 
626290 1292690 0 0.0143742 0 0 0 0 0 3.69926e-17 0.0542097 99.9458 
628290 1292690 0 0.0138895 0 0 0 0 0 1.34032e-17 0.0441287 99.9559 
630290 1292690 0 0.0134176 0 0 0 0 0 4.75427e-18 0.0357733 99.9642 
432290 1292690 0 0.0129452 0 0 0 0 0 1.64127e-18 0.028817 99.9712 
434290 1292690 0 0.013404 0 0 0 0 0 4.72686e-18 0.0356971 99.9643 
436290 1292690 0 0.0138756 0 0 0 0 0 1.33275e-17 0.0440367 99.956 
438290 1292690 0 0.01436 0 0 0 0 0 3.67883e-17 0.0540993 99.9459 
440290 1292690 0 0.0148574 0 0 0 0 0 9.94151e-17 0.066185 99.9338 
442290 1292690 0 0.0153678 0 0 0 0 0 2.63012e-16 0.0806336 99.9194 
444290 1292690 0 0.0158913 0 0 0 0 0 6.81203e-16 0.0978268 99.9022 
446290 1292690 0 0.0164279 0 0 0 0 0 1.72724e-15 0.11819 99.8818 
448290 1292690 0 0.0169776 0 0 0 0 0 4.28749e-15 0.142195 99.8578 
450290 1292690 0 0.0175404 0 0 0 0 0 1.04189e-14 0.170356 99.8296 
452290 1292690 0 0.0181163 0 0 0 0 0 2.47861e-14 0.203236 99.7968 
454290 1292690 0 0.0187051 0 0 0 0 0 5.77239e-14 0.241439 99.7586 
456290 1292690 0 0.0193067 0 0 0 0 0 1.31602e-13 0.28561 99.7144 
458290 1292690 0 0.0199211 0 0 0 0 0 2.9371e-13 0.336427 99.6636 
460290 1292690 0 0.0205479 0 0 0 0 0 6.41688e-13 0.394598 99.6054 
462290 1292690 0 0.021187 0 0 0 0 0 1.37237e-12 0.460849 99.5392 
464290 1292690 0 0.0218381 0 0 0 0 0 2.87312e-12 0.535915 99.4641 
466290 1292690 0 0.0225007 0 0 0 0 0 5.88797e-12 0.620526 99.3795 
468290 1292690 0 0.0231746 0 0 0 0 0 1.18114e-11 0.715391 99.2846 
470290 1292690 0 0.0238591 0 0 0 0 0 2.31928e-11 0.821183 99.1788 
472290 1292690 0 0.0245536 0 0 0 0 0 4.45775e-11 0.938518 99.0615 
474290 1292690 0 0.0252576 0 0 0 0 0 8.38652e-11 1.06793 98.9321 
476290 1292690 0 0.0259702 0 0 0 0 0 1.54435e-10 1.20987 98.7901 
478290 1292690 0 0.0266905 0 0 0 0 0 2.78356e-10 1.36464 98.6354 
480290 1292690 0 0.0274174 0 0 0 0 0 4.91067e-10 1.53243 98.4676 
482290 1292690 0 0.0281498 0 0 0 0 0 8.47932e-10 1.71324 98.2868 
484290 1292690 0 0.0288863 0 0 0 0 0 1.43304e-09 1.90689 98.0931 
486290 1292690 0 0.0296253 0 0 0 0 0 2.37042e-09 2.11301 97.887 
488290 1292690 0 0.0303651 0 0 0 0 0 3.83761e-09 2.33099 97.669 
490290 1292690 0 0.0311039 0 0 0 0 0 6.08082e-09 2.56002 97.44 
492290 1292690 0 0.0318394 0 0 0 0 0 9.43036e-09 2.79902 97.201 
494290 1292690 0 0.0325693 0 0 0 0 0 1.43139e-08 3.0467 96.9533 
496290 1292690 0 0.0332911 0 0 0 0 0 2.12643e-08 3.30154 96.6985 
498290 1292690 0 0.034002 0 0 0 0 0 3.0918e-08 3.56178 96.4382 
500290 1292690 0 0.034699 0 0 0 0 0 4.39986e-08 3.82548 96.1745 
502290 1292690 0 0.035379 0 0 0 0 0 6.12828e-08 4.09049 95.9095 
504290 1292690 0 0.0360385 0 0 0 0 0 8.35436e-08 4.35454 95.6455 
506290 1292690 0 0.0366742 0 0 0 0 0 1.11473e-07 4.61521 95.3848 
508290 1292690 0 0.0372825 0 0 0 0 0 1.45583e-07 4.87001 95.13 
510290 1292690 0 0.0378597 0 0 0 0 0 1.861e-07 5.11639 94.8836 
512290 1292690 0 0.0384022 0 0 0 0 0 2.32852e-07 5.35182 94.6482 
514290 1292690 0 0.0389063 0 0 0 0 0 2.8518e-07 5.57377 94.4262 
516290 1292690 0 0.0393685 0 0 0 0 0 3.41878e-07 5.77984 94.2202 
518290 1292690 0 0.0397854 0 0 0 0 0 4.01183e-07 5.96772 94.0323 
520290 1292690 0 0.0401539 0 0 0 0 0 4.60829e-07 6.13526 93.8647 
522290 1292690 0 0.0404711 0 0 0 0 0 5.18165e-07 6.28055 93.7195 
