#EAST NORTH ELEV Kg/m^2 [-6->-4) [-4->-2) [-2->0) [0->2) [2->4) [4->6) (percent)
433487 1479887 0 0.178356 0 0 4.18378e-193 4.90073e-52 0.0244153 99.9756 
435487 1479887 0 0.181067 0 0 4.19462e-189 6.53421e-51 0.0309335 99.9691 
437487 1479887 0 0.183814 0 0 3.48237e-185 8.26239e-50 0.0390068 99.961 
439487 1479887 0 0.186599 0 0 2.39396e-181 9.90831e-49 0.0489546 99.951 
441487 1479887 0 0.18942 0 0 1.36276e-177 1.12688e-47 0.0611487 99.9389 
443487 1479887 0 0.192278 0 2.79916e-315 6.42371e-174 1.21544e-46 0.0760182 99.924 
445487 1479887 0 0.195173 0 7.79072e-309 2.50736e-170 1.2433e-45 0.0940547 99.9059 
447487 1479887 0 0.198105 0 1.54597e-302 8.10422e-167 1.20614e-44 0.115817 99.8842 
449487 1479887 0 0.201073 0 2.18724e-296 2.16906e-163 1.1097e-43 0.141935 99.8581 
451487 1479887 0 0.204077 0 2.20631e-290 4.80728e-160 9.68252e-43 0.173111 99.8269 
453487 1479887 0 0.207119 0 1.58676e-284 8.82257e-157 8.01218e-42 0.210124 99.7899 
455487 1479887 0 0.210198 0 8.1364e-279 1.34078e-153 6.28766e-41 0.253826 99.7462 
457487 1479887 0 0.213314 0 2.97459e-273 1.6873e-150 4.67951e-40 0.30514 99.6949 
459487 1479887 0 0.216468 0 7.75349e-268 1.7583e-147 3.3028e-39 0.365055 99.6349 
461487 1479887 0 0.219659 0 1.44093e-262 1.51727e-144 2.2107e-38 0.434618 99.5654 
463487 1479887 0 0.222889 0 1.90924e-257 1.08419e-141 1.40327e-37 0.51492 99.4851 
465487 1479887 0 0.226157 0 1.80367e-252 6.41528e-139 8.44711e-37 0.607081 99.3929 
467487 1479887 0 0.229464 0 1.21486e-247 3.14338e-136 4.82203e-36 0.712233 99.2878 
469487 1479887 0 0.232811 0 5.83405e-243 1.27541e-133 2.61036e-35 0.83149 99.1685 
471487 1479887 0 0.236196 0 1.99752e-238 4.28524e-131 1.34003e-34 0.965929 99.0341 
473487 1479887 0 0.239619 0 4.87627e-234 1.19227e-128 6.52331e-34 1.11655 98.8834 
475487 1479887 0 0.243081 0 8.4872e-230 2.74693e-126 3.01131e-33 1.28425 98.7157 
477487 1479887 0 0.246579 0 1.05323e-225 5.24082e-124 1.31818e-32 1.46978 98.5302 
479487 1479887 0 0.250112 1.42701e-317 9.31888e-222 8.28003e-122 5.47168e-32 1.67372 98.3263 
481487 1479887 0 0.253678 3.60497e-312 5.87887e-218 1.0833e-119 2.15373e-31 1.89641 98.1036 
483487 1479887 0 0.257273 5.63101e-307 2.64435e-214 1.17371e-117 8.03867e-31 2.13796 97.862 
485487 1479887 0 0.260893 5.43877e-302 8.48097e-211 1.05309e-115 2.84511e-30 2.39817 97.6018 
487487 1479887 0 0.264532 3.24828e-297 1.93946e-207 7.8249e-114 9.54851e-30 2.67653 97.3235 
489487 1479887 0 0.268184 1.19965e-292 3.16255e-204 4.81511e-112 3.03876e-29 2.9722 97.0278 
491487 1479887 0 0.27184 2.73979e-288 3.67726e-201 2.45392e-110 9.1703e-29 3.28396 96.716 
493487 1479887 0 0.275491 3.86949e-284 3.04899e-198 1.03574e-108 2.62424e-28 3.61022 96.3898 
495487 1479887 0 0.279125 3.37971e-280 1.8028e-195 3.62075e-107 7.12133e-28 3.94905 96.051 
497487 1479887 0 0.28273 1.82562e-276 7.60178e-193 1.04837e-105 1.83259e-27 4.29813 95.7019 
499487 1479887 0 0.286291 6.09908e-273 2.28601e-190 2.51428e-104 4.47225e-27 4.65483 95.3452 
501487 1479887 0 0.289793 1.26027e-269 4.90293e-188 4.99481e-103 1.03503e-26 5.0162 94.9838 
503487 1479887 0 0.293217 1.61074e-266 7.50013e-186 8.21956e-102 2.27175e-26 5.37904 94.621 
505487 1479887 0 0.296545 1.27343e-263 8.18351e-184 1.12053e-100 4.72893e-26 5.73991 94.2601 
507487 1479887 0 0.299756 6.22782e-261 6.3693e-182 1.26551e-99 9.33623e-26 6.09525 93.9048 
509487 1479887 0 0.302831 1.88421e-258 3.53629e-180 1.18413e-98 1.74825e-25 6.44135 93.5586 
511487 1479887 0 0.305747 3.52679e-256 1.40065e-178 9.17998e-98 3.10511e-25 6.77451 93.2255 
513487 1479887 0 0.308483 4.08423e-254 3.9579e-177 5.89682e-97 5.23125e-25 7.09102 92.909 
515487 1479887 0 0.311017 2.92647e-252 7.97945e-176 3.13869e-96 8.35999e-25 7.38729 92.6127 
517487 1479887 0 0.313328 1.29748e-250 1.14783e-174 1.38437e-95 1.26734e-24 7.65989 92.3401 
519487 1479887 0 0.315397 3.55962e-249 1.17813e-173 5.06001e-95 1.82256e-24 7.9056 92.0944 
521487 1479887 0 0.317203 6.04324e-248 8.62872e-173 1.53272e-94 2.48648e-24 8.12147 91.8785 
523487 1479887 0 0.318732 6.34915e-247 4.50972e-172 3.84768e-94 3.21823e-24 8.30491 91.6951 
525487 1479887 0 0.319967 4.12816e-246 1.68197e-171 8.00528e-94 3.95173e-24 8.45368 91.5463 
527487 1479887 0 0.320898 1.66113e-245 4.47675e-171 1.3804e-93 4.60367e-24 8.56594 91.4341 
529487 1479887 0 0.321513 4.13681e-245 8.50341e-171 1.97285e-93 5.08831e-24 8.64032 91.3597 
531487 1479887 0 0.321808 6.37601e-245 1.1527e-170 2.33694e-93 5.33583e-24 8.67589 91.3241 
533487 1479887 0 0.32178 6.08213e-245 1.11514e-170 2.29441e-93 5.30872e-24 8.67222 91.3278 
535487 1479887 0 0.321428 3.59076e-245 7.69912e-171 1.86707e-93 5.01115e-24 8.62934 91.3707 
537487 1479887 0 0.320756 1.31201e-245 3.79352e-171 1.25926e-93 4.48789e-24 8.54779 91.4522 
539487 1479887 0 0.319772 2.96689e-246 1.33391e-171 7.03927e-94 3.81328e-24 8.42858 91.5714 
541487 1479887 0 0.318484 4.15212e-247 3.34724e-172 3.26129e-94 3.07398e-24 8.27318 91.7268 
543487 1479887 0 0.316906 3.59609e-248 5.99388e-173 1.25225e-94 2.35093e-24 8.08349 91.9165 
545487 1479887 0 0.315052 1.92739e-249 7.65911e-174 3.98487e-95 1.70571e-24 7.86182 92.1382 
547487 1479887 0 0.31294 6.39244e-251 6.98359e-175 1.05087e-95 1.17404e-24 7.61086 92.3891 
549487 1479887 0 0.310589 1.31192e-252 4.54351e-176 2.29652e-96 7.66581e-25 7.33358 92.6664 
551487 1479887 0 0.308018 1.66597e-254 2.10909e-177 4.15878e-97 4.74809e-25 7.03326 92.9667 
553487 1479887 0 0.30525 1.30896e-256 6.98503e-179 6.24037e-98 2.78964e-25 6.71336 93.2866 
555487 1479887 0 0.302306 6.36296e-259 1.65039e-180 7.75861e-99 1.55464e-25 6.37751 93.6225 
557487 1479887 0 0.299207 1.91358e-261 2.78183e-182 7.99218e-100 8.21769e-26 6.0294 93.9706 
559487 1479887 0 0.295974 3.5601e-264 3.34482e-184 6.82073e-101 4.11993e-26 5.67276 94.3272 
561487 1479887 0 0.292629 4.09716e-267 2.86874e-186 4.82236e-102 1.959e-26 5.31125 94.6888 
563487 1479887 0 0.289192 2.91667e-270 1.75495e-188 2.82443e-103 8.83428e-27 4.94843 95.0516 
565487 1479887 0 0.28568 1.28426e-273 7.65718e-191 1.37032e-104 3.7782e-27 4.5877 95.4123 
567487 1479887 0 0.282112 3.4975e-277 2.38278e-193 5.507e-106 1.53237e-27 4.23222 95.7678 
569487 1479887 0 0.278502 5.89093e-281 5.288e-196 1.83312e-107 5.89383e-28 3.88487 96.1151 
571487 1479887 0 0.274866 6.13637e-285 8.36895e-199 5.05396e-109 2.14969e-28 3.54823 96.4518 
573487 1479887 0 0.271215 3.95299e-289 9.44513e-202 1.15405e-110 7.43518e-29 3.22455 96.7755 
575487 1479887 0 0.267561 1.57475e-293 7.60129e-205 2.18249e-112 2.43858e-29 2.91569 97.0843 
577487 1479887 0 0.263913 3.87931e-298 4.3621e-208 3.41826e-114 7.58422e-30 2.62318 97.3768 
579487 1479887 0 0.260278 5.90942e-303 1.78493e-211 4.43374e-116 2.2367e-30 2.34816 97.6518 
581487 1479887 0 0.256664 5.56637e-308 5.20781e-215 4.76255e-118 6.25498e-31 2.09141 97.9086 
583487 1479887 0 0.253076 3.24212e-313 1.0834e-218 4.23649e-120 1.65869e-31 1.85339 98.1466 
585487 1479887 0 0.249517 1.16649e-318 1.607e-222 3.12077e-122 4.1709e-32 1.63422 98.3658 
587487 1479887 0 0.245991 0 1.69954e-226 1.90372e-124 9.9453e-33 1.43376 98.5662 
589487 1479887 0 0.242501 0 1.28153e-230 9.61665e-127 2.24871e-33 1.25161 98.7484 
591487 1479887 0 0.239047 0 6.88985e-235 4.02274e-129 4.82149e-34 1.08716 98.9128 
593487 1479887 0 0.235632 0 2.641e-239 1.39346e-131 9.80314e-35 0.939633 99.0604 
595487 1479887 0 0.232255 0 7.21777e-244 3.99708e-134 1.89012e-35 0.808109 99.1919 
597487 1479887 0 0.228916 0 1.40642e-248 9.49427e-137 3.45587e-36 0.69157 99.3084 
599487 1479887 0 0.225617 0 1.95389e-253 1.86746e-139 5.99205e-37 0.588931 99.4111 
601487 1479887 0 0.222357 0 1.93535e-258 3.04167e-142 9.85253e-38 0.49907 99.5009 
603487 1479887 0 0.219134 0 1.36677e-263 4.10244e-145 1.53631e-38 0.420858 99.5791 
605487 1479887 0 0.215951 0 6.88188e-269 4.58187e-148 2.27182e-39 0.353178 99.6468 
607487 1479887 0 0.212804 0 2.47054e-274 4.23753e-151 3.18593e-40 0.294946 99.7051 
609487 1479887 0 0.209696 0 6.32344e-280 3.24528e-154 4.2371e-41 0.245126 99.7549 
611487 1479887 0 0.206624 0 1.15396e-285 2.05807e-157 5.3441e-42 0.202741 99.7973 
613487 1479887 0 0.20359 0 1.50141e-291 1.08078e-160 6.39231e-43 0.166879 99.8331 
615487 1479887 0 0.200592 0 1.39279e-297 4.6998e-164 7.25135e-44 0.136703 99.8633 
617487 1479887 0 0.197631 0 9.21179e-304 1.69235e-167 7.80118e-45 0.111449 99.8886 
619487 1479887 0 0.194706 0 4.34387e-310 5.04622e-171 7.95945e-46 0.0904276 99.9096 
621487 1479887 0 0.191818 0 1.46039e-316 1.24597e-174 7.70173e-47 0.073022 99.927 
623487 1479887 0 0.188967 0 0 2.54748e-178 7.06767e-48 0.0586868 99.9413 
625487 1479887 0 0.186152 0 0 4.31299e-182 6.15101e-49 0.0469423 99.9531 
627487 1479887 0 0.183375 0 0 6.04654e-186 5.0769e-50 0.0373705 99.9626 
629487 1479887 0 0.180634 0 0 7.01933e-190 3.97404e-51 0.0296099 99.9704 
433487 1477887 0 0.181019 0 0 3.60482e-189 6.26098e-51 0.0308119 99.9692 
435487 1477887 0 0.183824 0 0 3.61312e-185 8.34754e-50 0.039042 99.961 
437487 1477887 0 0.186669 0 0 2.99872e-181 1.05549e-48 0.0492368 99.9508 
439487 1477887 0 0.189555 0 0 2.06085e-177 1.26571e-47 0.0618001 99.9382 
441487 1477887 0 0.192483 0 8.24589e-315 1.17277e-173 1.43944e-46 0.0772017 99.9228 
443487 1477887 0 0.195453 0 3.21788e-308 5.52632e-170 1.55251e-45 0.095984 99.904 
445487 1477887 0 0.198464 0 8.953e-302 2.15635e-166 1.58802e-44 0.118768 99.8812 
447487 1477887 0 0.201518 0 1.77596e-295 6.96723e-163 1.54049e-43 0.146261 99.8537 
449487 1477887 0 0.204615 0 2.51169e-289 1.86406e-159 1.41723e-42 0.179258 99.8207 
451487 1477887 0 0.207755 0 2.53258e-283 4.12972e-156 1.23651e-41 0.218646 99.7814 
453487 1477887 0 0.21094 0 1.82065e-277 7.57601e-153 1.02313e-40 0.265408 99.7346 
455487 1477887 0 0.21417 0 9.3316e-272 1.15085e-149 8.02845e-40 0.320618 99.6794 
457487 1477887 0 0.217446 0 3.40996e-266 1.44763e-146 5.97448e-39 0.385441 99.6146 
459487 1477887 0 0.220769 0 8.88392e-261 1.50783e-143 4.21629e-38 0.461121 99.5389 
461487 1477887 0 0.224141 0 1.65015e-255 1.30049e-140 2.82175e-37 0.548974 99.451 
463487 1477887 0 0.227563 0 2.18525e-250 9.2879e-138 1.79085e-36 0.650368 99.3496 
465487 1477887 0 0.231036 0 2.06319e-245 5.49268e-135 1.07782e-35 0.766705 99.2333 
467487 1477887 0 0.234562 0 1.38879e-240 2.68972e-132 6.1514e-35 0.899396 99.1006 
469487 1477887 0 0.238141 0 6.66487e-236 1.09065e-129 3.32917e-34 1.04983 98.9502 
471487 1477887 0 0.241776 0 2.28036e-231 3.66198e-127 1.70854e-33 1.21933 98.7807 
473487 1477887 0 0.245465 0 5.56255e-227 1.01813e-124 8.31454e-33 1.40912 98.5909 
475487 1477887 0 0.249211 5.7114e-319 9.67392e-223 2.34395e-122 3.83678e-32 1.62031 98.3797 
477487 1477887 0 0.253012 3.76333e-313 1.19947e-218 4.4684e-120 1.67883e-31 1.85377 98.1462 
479487 1477887 0 0.256868 1.53612e-307 1.06033e-214 7.05369e-118 6.96555e-31 2.11017 97.8898 
481487 1477887 0 0.260777 3.87681e-302 6.68286e-211 9.22033e-116 2.74036e-30 2.3899 97.6101 
483487 1477887 0 0.264737 6.04958e-297 3.003e-207 9.9804e-114 1.02226e-29 2.69299 97.307 
485487 1477887 0 0.268742 5.83696e-292 9.62119e-204 8.94598e-112 3.61588e-29 3.01913 96.9809 
487487 1477887 0 0.272787 3.48231e-287 2.19782e-200 6.64042e-110 1.21275e-28 3.3676 96.6324 
489487 1477887 0 0.276865 1.28463e-282 3.57979e-197 4.08189e-108 3.85683e-28 3.73722 96.2628 
491487 1477887 0 0.280967 2.93045e-278 4.15756e-194 2.07796e-106 1.16305e-27 4.1264 95.8736 
493487 1477887 0 0.285083 4.13379e-274 3.4431e-191 8.76073e-105 3.3257e-27 4.53308 95.4669 
495487 1477887 0 0.289198 3.60613e-270 2.03334e-188 3.05904e-103 9.01761e-27 4.95474 95.0453 
497487 1477887 0 0.293298 1.9455e-266 8.56323e-186 8.84691e-102 2.31864e-26 5.38845 94.6115 
499487 1477887 0 0.297365 6.49143e-263 2.57191e-183 2.11924e-100 5.65357e-26 5.83086 94.1691 
501487 1477887 0 0.301381 1.33966e-259 5.5092e-181 4.20506e-99 1.30729e-25 6.27829 93.7217 
503487 1477887 0 0.305323 1.71007e-256 8.41705e-179 6.91183e-98 2.86682e-25 6.72674 93.2733 
505487 1477887 0 0.309169 1.3503e-253 9.1727e-177 9.41167e-97 5.9624e-25 7.17197 92.828 
507487 1477887 0 0.312893 6.5958e-251 7.13063e-175 1.06174e-95 1.17613e-24 7.60959 92.3904 
509487 1477887 0 0.31647 1.99322e-248 3.9544e-173 9.92378e-95 2.20051e-24 8.03511 91.9649 
511487 1477887 0 0.319873 3.72669e-246 1.56452e-171 7.68541e-94 3.9052e-24 8.44402 91.556 
513487 1477887 0 0.323074 4.3112e-244 4.41633e-170 4.93191e-93 6.5741e-24 8.83187 91.1681 
515487 1477887 0 0.326047 3.08607e-242 8.89498e-169 2.62269e-92 1.04984e-23 9.19437 90.8056 
517487 1477887 0 0.328764 1.36702e-240 1.27838e-167 1.15581e-91 1.59045e-23 9.52744 90.4726 
519487 1477887 0 0.331201 3.74738e-239 1.31108e-166 4.22141e-91 2.28585e-23 9.82726 90.1727 
521487 1477887 0 0.333333 6.35752e-238 9.59571e-166 1.27785e-90 3.11689e-23 10.0904 89.9096 
523487 1477887 0 0.335139 6.67536e-237 5.01212e-165 3.20608e-90 4.03235e-23 10.3137 89.6863 
525487 1477887 0 0.336601 4.33816e-236 1.86845e-164 6.66738e-90 4.94959e-23 10.4947 89.5053 
527487 1477887 0 0.337703 1.745e-235 4.97127e-164 1.14931e-89 5.76456e-23 10.6312 89.3688 
529487 1477887 0 0.338432 4.34462e-235 9.44047e-164 1.6422e-89 6.37026e-23 10.7216 89.2784 
531487 1477887 0 0.338782 6.69553e-235 1.27957e-163 1.94506e-89 6.67955e-23 10.7648 89.2352 
533487 1477887 0 0.338748 6.387e-235 1.2379e-163 1.90968e-89 6.64567e-23 10.7604 89.2396 
535487 1477887 0 0.338331 3.77127e-235 8.54785e-164 1.5542e-89 6.27382e-23 10.7083 89.2917 
537487 1477887 0 0.337534 1.37833e-235 4.21281e-164 1.0485e-89 5.61983e-23 10.6092 89.3908 
539487 1477887 0 0.336368 3.11807e-236 1.48192e-164 5.86326e-90 4.77647e-23 10.4642 89.5358 
541487 1477887 0 0.334845 4.3659e-237 3.72051e-165 2.71773e-90 3.8519e-23 10.2751 89.7249 
543487 1477887 0 0.33298 3.78358e-238 6.66641e-166 1.04414e-90 2.94724e-23 10.0441 89.9559 
545487 1477887 0 0.330792 2.02934e-239 8.52463e-167 3.3249e-91 2.13952e-23 9.77386 90.2261 
547487 1477887 0 0.328305 6.73612e-241 7.77915e-168 8.77498e-92 1.47353e-23 9.46755 90.5325 
549487 1477887 0 0.325541 1.38371e-242 5.06571e-169 1.91929e-92 9.62787e-24 9.12868 90.8713 
551487 1477887 0 0.322527 1.75888e-244 2.35382e-170 3.47888e-93 5.96773e-24 8.76112 91.2389 
553487 1477887 0 0.319289 1.38343e-246 7.80381e-172 5.22537e-94 3.50895e-24 8.369 91.631 
555487 1477887 0 0.315854 6.73252e-249 1.84592e-173 6.50352e-95 1.95711e-24 7.95665 92.0433 
557487 1477887 0 0.312251 2.02709e-251 3.11503e-175 6.70667e-96 1.03538e-24 7.52853 92.4715 
559487 1477887 0 0.308504 3.77584e-254 3.74998e-177 5.73014e-97 5.19538e-25 7.08915 92.9108 
561487 1477887 0 0.304641 4.35082e-257 3.2202e-179 4.056e-98 2.47253e-25 6.643 93.357 
563487 1477887 0 0.300686 3.10112e-260 1.97242e-181 2.37837e-99 1.11599e-25 6.19443 93.8056 
565487 1477887 0 0.296662 1.36719e-263 8.61684e-184 1.15527e-100 4.77694e-26 5.74765 94.2523 
567487 1477887 0 0.292589 3.72804e-267 2.68477e-186 4.64824e-102 1.93909e-26 5.3066 94.6934 
569487 1477887 0 0.288487 6.28702e-271 5.96558e-189 1.54907e-103 7.46435e-27 4.87491 95.1251 
571487 1477887 0 0.284373 6.55698e-275 9.45284e-192 4.27574e-105 2.72469e-27 4.45585 95.5442 
573487 1477887 0 0.280261 4.22899e-279 1.06811e-194 9.77441e-107 9.43116e-28 4.05227 95.9477 
575487 1477887 0 0.276164 1.68665e-283 8.60597e-198 1.85052e-108 3.09547e-28 3.66661 96.3334 
577487 1477887 0 0.272093 4.15965e-288 4.94419e-201 2.90138e-110 9.63378e-29 3.30083 96.6992 
579487 1477887 0 0.268056 6.34331e-293 2.0253e-204 3.76714e-112 2.84296e-29 2.95647 97.0435 
581487 1477887 0 0.264061 5.98126e-298 5.91524e-208 4.05046e-114 7.95509e-30 2.6346 97.3654 
583487 1477887 0 0.260112 3.48721e-303 1.23178e-211 3.60641e-116 2.11068e-30 2.33587 97.6641 
585487 1477887 0 0.256214 1.25708e-308 1.82881e-215 2.65898e-118 5.31006e-31 2.06052 97.9395 
587487 1477887 0 0.252369 2.80186e-314 1.93584e-219 1.62338e-120 1.26673e-31 1.80844 98.1916 
589487 1477887 0 0.248579 3.95253e-320 1.46094e-223 8.20704e-123 2.86532e-32 1.5792 98.4208 
591487 1477887 0 0.244845 0 7.86063e-228 3.43566e-125 6.14578e-33 1.37209 98.6279 
593487 1477887 0 0.241166 0 3.01536e-232 1.19094e-127 1.24997e-33 1.18617 98.8138 
595487 1477887 0 0.237543 0 8.24667e-237 3.41844e-130 2.4107e-34 1.02034 98.9797 
597487 1477887 0 0.233974 0 1.60796e-241 8.12491e-133 4.40877e-35 0.873322 99.1267 
599487 1477887 0 0.230459 0 2.23528e-246 1.59906e-135 7.64587e-36 0.743792 99.2562 
601487 1477887 0 0.226996 0 2.21536e-251 2.60596e-138 1.25741e-36 0.630353 99.3696 
603487 1477887 0 0.223584 0 1.56538e-256 3.51662e-141 1.961e-37 0.531594 99.4684 
605487 1477887 0 0.220222 0 7.88595e-262 3.92953e-144 2.90022e-38 0.446117 99.5539 
607487 1477887 0 0.216908 0 2.83238e-267 3.63592e-147 4.06763e-39 0.372562 99.6274 
609487 1477887 0 0.213641 0 7.25291e-273 2.78578e-150 5.41023e-40 0.309626 99.6904 
611487 1477887 0 0.21042 0 1.32415e-278 1.76741e-153 6.82429e-41 0.256078 99.7439 
613487 1477887 0 0.207244 0 1.72357e-284 9.28512e-157 8.16339e-42 0.210771 99.7892 
615487 1477887 0 0.204111 0 1.5995e-290 4.03922e-160 9.261e-43 0.172648 99.8274 
617487 1477887 0 0.201023 0 1.05829e-296 1.45501e-163 9.96373e-44 0.140743 99.8593 
619487 1477887 0 0.197977 0 4.99224e-303 4.34005e-167 1.01664e-44 0.114186 99.8858 
621487 1477887 0 0.194973 0 1.679e-309 1.07197e-170 9.83759e-46 0.0921988 99.9078 
623487 1477887 0 0.192012 0 4.02611e-316 2.19244e-174 9.02804e-47 0.0740918 99.9259 
625487 1477887 0 0.189091 0 0 3.71306e-178 7.85743e-48 0.0592584 99.9407 
627487 1477887 0 0.186212 0 0 5.20705e-182 6.48558e-49 0.0471703 99.9528 
629487 1477887 0 0.183375 0 0 6.04654e-186 5.0769e-50 0.0373705 99.9626 
433487 1475887 0 0.183716 0 0 2.57193e-185 7.58587e-50 0.0387006 99.9613 
435487 1475887 0 0.186618 0 0 2.5771e-181 1.01136e-48 0.0490431 99.951 
437487 1475887 0 0.189565 0 0 2.13822e-177 1.27875e-47 0.0618559 99.9381 
439487 1475887 0 0.192559 0 1.23553e-314 1.46901e-173 1.53337e-46 0.077647 99.9224 
441487 1475887 0 0.195598 0 6.76045e-308 8.35697e-170 1.74377e-45 0.0970073 99.903 
443487 1475887 0 0.198685 0 2.63728e-301 3.93663e-166 1.88067e-44 0.120619 99.8794 
445487 1475887 0 0.20182 0 7.33495e-295 1.53551e-162 1.9236e-43 0.149264 99.8507 
447487 1475887 0 0.205004 0 1.45444e-288 4.95942e-159 1.86592e-42 0.183829 99.8162 
449487 1475887 0 0.208239 0 2.05614e-282 1.32636e-155 1.71651e-41 0.225315 99.7747 
451487 1475887 0 0.211525 0 2.07236e-276 2.93726e-152 1.49752e-40 0.274836 99.7252 
453487 1475887 0 0.214864 0 1.48913e-270 5.3861e-149 1.23898e-39 0.333625 99.6664 
455487 1475887 0 0.218258 0 7.62878e-265 8.17812e-146 9.72123e-39 0.403031 99.597 
457487 1475887 0 0.221709 0 2.7863e-259 1.0282e-142 7.2333e-38 0.48451 99.5155 
459487 1475887 0 0.225219 0 7.25519e-254 1.07041e-139 5.10392e-37 0.57962 99.4204 
461487 1475887 0 0.228791 0 1.34684e-248 9.22711e-137 3.41521e-36 0.690002 99.31 
463487 1475887 0 0.232427 0 1.78249e-243 6.58599e-134 2.16705e-35 0.81736 99.1826 
465487 1475887 0 0.23613 0 1.68182e-238 3.89238e-131 1.30393e-34 0.963435 99.0366 
467487 1475887 0 0.239903 0 1.13128e-233 1.90479e-128 7.43983e-34 1.12997 98.87 
469487 1475887 0 0.243747 0 5.42499e-229 7.71817e-126 4.0252e-33 1.31867 98.6813 
471487 1475887 0 0.247667 1.97626e-321 1.85465e-224 2.58949e-123 2.06501e-32 1.53115 98.4688 
473487 1475887 0 0.251663 3.55925e-315 4.52019e-220 7.19365e-121 1.00451e-31 1.76891 98.2311 
475487 1475887 0 0.255738 3.79691e-309 7.85392e-216 1.65469e-118 4.63325e-31 2.03323 97.9668 
477487 1475887 0 0.259893 2.50418e-303 9.72861e-212 3.15151e-116 2.02629e-30 2.32516 97.6748 
479487 1475887 0 0.264128 1.0211e-297 8.59117e-208 4.97003e-114 8.40237e-30 2.64544 97.3546 
481487 1475887 0 0.268442 2.57418e-292 5.40873e-204 6.48993e-112 3.30355e-29 2.99444 97.0056 
483487 1475887 0 0.272833 4.01225e-287 2.42765e-200 7.01727e-110 1.2315e-28 3.37209 96.6279 
485487 1475887 0 0.277298 3.86653e-282 7.7684e-197 6.28277e-108 4.35277e-28 3.77788 96.2221 
487487 1475887 0 0.28183 2.30383e-277 1.77233e-193 4.658e-106 1.45872e-27 4.21077 95.7892 
489487 1475887 0 0.286421 8.48764e-273 2.88295e-190 2.85973e-104 4.63513e-27 4.66919 95.3308 
491487 1475887 0 0.291063 1.93352e-268 3.34368e-187 1.45393e-102 1.39649e-26 5.151 94.849 
493487 1475887 0 0.295742 2.72366e-264 2.76519e-184 6.12171e-101 3.98941e-26 5.65352 94.3465 
495487 1475887 0 0.300443 2.37258e-260 1.63065e-181 2.13467e-99 1.08065e-25 6.17354 93.8265 
497487 1475887 0 0.305147 1.27814e-256 6.85736e-179 6.16512e-98 2.77577e-25 6.70732 93.2927 
499487 1475887 0 0.309835 4.2584e-253 2.05654e-176 1.47479e-96 6.76111e-25 7.25067 92.7493 
501487 1475887 0 0.314483 8.77522e-250 4.39876e-174 2.92227e-95 1.56173e-24 7.79901 92.201 
503487 1475887 0 0.319063 1.11852e-246 6.71068e-172 4.79671e-94 3.42114e-24 8.3474 91.6526 
505487 1475887 0 0.323549 8.81924e-244 7.30262e-170 6.52273e-93 7.10774e-24 8.8907 91.1093 
507487 1475887 0 0.327908 4.30187e-241 5.6689e-168 7.34865e-92 1.40059e-23 9.42356 90.5764 
509487 1475887 0 0.332108 1.29824e-238 3.13951e-166 6.8598e-91 2.61781e-23 9.94059 90.0594 
511487 1475887 0 0.336116 2.42414e-236 1.24051e-164 5.30605e-90 4.64123e-23 10.4364 89.5636 
513487 1475887 0 0.339897 2.80091e-234 3.49742e-163 3.4011e-89 7.80588e-23 10.9058 89.0942 
515487 1475887 0 0.343416 2.00268e-232 7.03618e-162 1.8067e-88 1.24546e-22 11.3438 88.6562 
517487 1475887 0 0.346641 8.86188e-231 1.01018e-160 7.95428e-88 1.8853e-22 11.7454 88.2546 
519487 1475887 0 0.349538 2.42701e-229 1.03505e-159 2.90262e-87 2.70766e-22 12.1064 87.8936 
521487 1475887 0 0.352077 4.1141e-228 7.56927e-159 8.77969e-87 3.68972e-22 12.4228 87.5772 
523487 1475887 0 0.354231 4.31678e-227 3.95091e-158 2.20135e-86 4.77086e-22 12.6911 87.3089 
525487 1475887 0 0.355976 2.8038e-226 1.47202e-157 4.57554e-86 5.85355e-22 12.9083 87.0917 
527487 1475887 0 0.357293 1.12733e-225 3.91486e-157 7.88407e-86 6.81512e-22 13.0719 86.9281 
529487 1475887 0 0.358165 2.80599e-225 7.43227e-157 1.12623e-85 7.52956e-22 13.1802 86.8198 
531487 1475887 0 0.358583 4.32376e-225 1.00725e-156 1.33377e-85 7.89431e-22 13.232 86.768 
533487 1475887 0 0.358542 4.12458e-225 9.74456e-157 1.30952e-85 7.85436e-22 13.2266 86.7734 
535487 1475887 0 0.358043 2.43579e-225 6.7298e-157 1.06592e-85 7.4158e-22 13.1642 86.8358 
537487 1475887 0 0.35709 8.90512e-226 3.3178e-157 7.19301e-86 6.64436e-22 13.0454 86.9546 
539487 1475887 0 0.355697 2.01543e-226 1.16761e-157 4.02406e-86 5.64922e-22 12.8716 87.1284 
541487 1475887 0 0.353877 2.82365e-227 2.93312e-158 1.86625e-86 4.55779e-22 12.6447 87.3553 
543487 1475887 0 0.351653 2.44879e-228 5.25934e-159 7.17489e-87 3.48928e-22 12.3672 87.6328 
545487 1475887 0 0.349048 1.31453e-229 6.73101e-160 2.28654e-87 2.53465e-22 12.0422 87.9578 
547487 1475887 0 0.346091 4.3676e-231 6.14826e-161 6.03999e-88 1.74695e-22 11.6732 88.3268 
549487 1475887 0 0.342813 8.98132e-233 4.00794e-162 1.3224e-88 1.14237e-22 11.2644 88.7356 
551487 1475887 0 0.339245 1.14297e-234 1.86447e-163 2.39958e-89 7.08708e-23 10.8203 89.1797 
553487 1475887 0 0.335423 9.00106e-237 6.1891e-165 3.60843e-90 4.17103e-23 10.3455 89.6545 
555487 1475887 0 0.331379 4.38617e-239 1.46589e-166 4.4966e-91 2.32868e-23 9.84532 90.1547 
557487 1475887 0 0.32715 1.32244e-241 2.47711e-168 4.64302e-92 1.23322e-23 9.32492 90.6751 
559487 1475887 0 0.322767 2.46678e-244 2.98624e-170 3.97224e-93 6.19457e-24 8.7897 91.2103 
561487 1475887 0 0.318265 2.84654e-247 2.56807e-172 2.81552e-94 2.9512e-24 8.24506 91.7549 
563487 1475887 0 0.313672 2.0319e-250 1.57528e-174 1.65325e-95 1.33345e-24 7.6963 92.3037 
565487 1475887 0 0.309017 8.97129e-254 6.89204e-177 8.04163e-97 5.71384e-25 7.14854 92.8515 
567487 1475887 0 0.304327 2.44987e-257 2.15052e-179 3.24003e-98 2.32183e-25 6.60664 93.3934 
569487 1475887 0 0.299623 4.13753e-261 4.78543e-182 1.08125e-99 8.94675e-26 6.07514 93.9249 
571487 1475887 0 0.294928 4.32138e-265 7.59368e-185 2.98848e-101 3.26902e-26 5.55813 94.4419 
573487 1475887 0 0.290256 2.79102e-269 8.59239e-188 6.84071e-103 1.1326e-26 5.05926 94.9407 
575487 1475887 0 0.285625 1.11466e-273 6.93244e-191 1.29676e-104 3.72072e-27 4.58165 95.4184 
577487 1475887 0 0.281045 2.7526e-278 3.98796e-194 2.03566e-106 1.15895e-27 4.12787 95.8721 
579487 1475887 0 0.276527 4.20291e-283 1.63565e-197 2.64623e-108 3.4228e-28 3.69995 96.3 
581487 1475887 0 0.272077 3.9678e-288 4.78296e-201 2.84848e-110 9.58462e-29 3.29936 96.7006 
583487 1475887 0 0.267702 2.31597e-293 9.97141e-205 2.53894e-112 2.54475e-29 2.92705 97.073 
585487 1475887 0 0.263403 8.35779e-299 1.48205e-208 1.87386e-114 6.40607e-30 2.58343 97.4166 
587487 1475887 0 0.259184 1.86475e-304 1.5704e-212 1.14515e-116 1.52904e-30 2.2685 97.7315 
589487 1475887 0 0.255045 2.57225e-310 1.18629e-216 5.79462e-119 3.46041e-31 1.98179 98.0182 
591487 1475887 0 0.250986 2.19368e-316 6.38867e-221 2.42785e-121 7.42552e-32 1.72252 98.2775 
593487 1475887 0 0.247005 0 2.4528e-225 8.42272e-124 1.51085e-32 1.4896 98.5104 
595487 1475887 0 0.2431 0 6.71347e-230 2.41944e-126 2.91487e-33 1.28168 98.7183 
597487 1475887 0 0.23927 0 1.30999e-234 5.75458e-129 5.33245e-34 1.09725 98.9028 
599487 1475887 0 0.235511 0 1.82232e-239 1.13331e-131 9.25022e-35 0.934665 99.0653 
601487 1475887 0 0.231822 0 1.80726e-244 1.84807e-134 1.52161e-35 0.79222 99.2078 
603487 1475887 0 0.228198 0 1.27779e-249 2.49533e-137 2.37349e-36 0.668164 99.3318 
605487 1475887 0 0.224639 0 6.44083e-255 2.78985e-140 3.51086e-37 0.560763 99.4392 
607487 1475887 0 0.22114 0 2.31457e-260 2.58271e-143 4.92477e-38 0.468321 99.5317 
609487 1475887 0 0.2177 0 5.92993e-266 1.97978e-146 6.55106e-39 0.389211 99.6108 
611487 1475887 0 0.214316 0 1.08313e-271 1.25662e-149 8.26414e-40 0.321895 99.6781 
613487 1475887 0 0.210987 0 1.41047e-277 6.60454e-153 9.88661e-41 0.264934 99.7351 
615487 1475887 0 0.207711 0 1.30949e-283 2.87428e-156 1.12167e-41 0.217003 99.783 
617487 1475887 0 0.204486 0 8.6676e-290 1.03578e-159 1.20686e-42 0.17689 99.8231 
619487 1475887 0 0.201311 0 4.09028e-296 3.0907e-163 1.23147e-43 0.143502 99.8565 
621487 1475887 0 0.198185 0 1.37615e-302 7.63656e-167 1.1917e-44 0.11586 99.8841 
623487 1475887 0 0.195107 0 3.30093e-309 1.56239e-170 1.09368e-45 0.0930975 99.9069 
625487 1475887 0 0.192076 0 5.64493e-316 2.64689e-174 9.51909e-47 0.0744518 99.9255 
627487 1475887 0 0.189091 0 0 3.71306e-178 7.85743e-48 0.0592584 99.9407 
629487 1475887 0 0.186152 0 0 4.31299e-182 6.15101e-49 0.0469423 99.9531 
433487 1473887 0 0.186447 0 0 1.5195e-181 8.71667e-49 0.0483792 99.9516 
435487 1473887 0 0.18945 0 0 1.52209e-177 1.16207e-47 0.0613147 99.9387 
437487 1473887 0 0.192504 0 9.41626e-315 1.26248e-173 1.46926e-46 0.0773413 99.9227 
439487 1473887 0 0.195609 0 7.2243e-308 8.67071e-170 1.76174e-45 0.097095 99.9029 
441487 1473887 0 0.198767 0 3.95154e-301 4.93094e-166 2.00339e-44 0.121315 99.8787 
443487 1473887 0 0.201978 0 1.54095e-294 2.32193e-162 2.16056e-43 0.150856 99.8491 
445487 1473887 0 0.205244 0 4.28411e-288 9.05344e-159 2.20976e-42 0.186695 99.8133 
447487 1473887 0 0.208567 0 8.49146e-282 2.92295e-155 2.14336e-41 0.229942 99.7701 
449487 1473887 0 0.211949 0 1.19992e-275 7.81396e-152 1.97159e-40 0.281848 99.7182 
451487 1473887 0 0.215392 0 1.20883e-269 1.72966e-148 1.71989e-39 0.343804 99.6562 
453487 1473887 0 0.218899 0 8.68207e-264 3.17021e-145 1.42281e-38 0.417349 99.5827 
455487 1473887 0 0.222472 0 4.44548e-258 4.81117e-142 1.11622e-37 0.504163 99.4958 
457487 1473887 0 0.226116 0 1.62274e-252 6.0457e-139 8.30417e-37 0.60606 99.3939 
459487 1473887 0 0.229832 0 4.22292e-247 6.29029e-136 5.85847e-36 0.724973 99.275 
461487 1473887 0 0.233627 0 7.83434e-242 5.41902e-133 3.91926e-35 0.862936 99.1371 
463487 1473887 0 0.237503 0 1.03613e-236 3.86538e-130 2.48626e-34 1.02205 98.9779 
465487 1473887 0 0.241465 0 9.76892e-232 2.28288e-127 1.49555e-33 1.20447 98.7955 
467487 1473887 0 0.245518 0 6.56587e-227 1.11631e-124 8.53025e-33 1.41231 98.5877 
469487 1473887 0 0.249666 3.04937e-318 3.14592e-222 4.51962e-122 4.61334e-32 1.64765 98.3524 
471487 1473887 0 0.253914 8.50282e-312 1.07451e-217 1.51504e-119 2.36567e-31 1.91244 98.0876 
473487 1473887 0 0.258266 1.46569e-305 2.61625e-213 4.20489e-117 1.15018e-30 2.20845 97.7916 
475487 1473887 0 0.262726 1.56191e-299 4.54098e-209 9.66251e-115 5.3021e-30 2.53718 97.4628 
477487 1473887 0 0.267296 1.02897e-293 5.61855e-205 1.83836e-112 2.31733e-29 2.89982 97.1002 
479487 1473887 0 0.271978 4.19065e-288 4.9557e-201 2.89587e-110 9.60239e-29 3.29714 96.7029 
481487 1473887 0 0.276772 1.05512e-282 3.11598e-197 3.77693e-108 3.77242e-28 3.72944 96.2706 
483487 1473887 0 0.281679 1.64234e-277 1.3967e-193 4.07866e-106 1.4051e-27 4.19647 95.8035 
485487 1473887 0 0.286693 1.58046e-272 4.46307e-190 3.64689e-104 4.96179e-27 4.69741 95.3026 
487487 1473887 0 0.291811 9.40303e-268 1.01673e-186 2.70002e-102 1.66118e-26 5.23077 94.7692 
489487 1473887 0 0.297023 3.45888e-263 1.65131e-183 1.65525e-100 5.27292e-26 5.79443 94.2056 
491487 1473887 0 0.302319 7.86689e-259 1.91215e-180 8.40292e-99 1.58689e-25 6.38556 93.6144 
493487 1473887 0 0.307684 1.10635e-254 1.57874e-177 3.53255e-97 4.52808e-25 7.00069 92.9993 
495487 1473887 0 0.3131 9.62127e-251 9.29437e-175 1.22988e-95 1.22509e-24 7.6357 92.3643 
497487 1473887 0 0.318546 5.17425e-247 3.9019e-172 3.54632e-94 3.14288e-24 8.28591 91.7141 
499487 1473887 0 0.323996 1.72096e-243 1.16818e-169 8.46962e-93 7.64563e-24 8.9461 91.0539 
501487 1473887 0 0.329422 3.54026e-240 2.49435e-167 1.67554e-91 1.76379e-23 9.61061 90.3894 
503487 1473887 0 0.334792 4.50482e-237 3.79888e-165 2.74588e-90 3.85881e-23 10.2735 89.7265 
505487 1473887 0 0.340069 3.54598e-234 4.12705e-163 3.72806e-89 8.00685e-23 10.9285 89.0715 
507487 1473887 0 0.345216 1.72684e-231 3.19853e-161 4.19368e-88 1.5758e-22 11.5692 88.4308 
509487 1473887 0 0.350191 5.20311e-229 1.7686e-159 3.90891e-87 2.9417e-22 12.1894 87.8106 
511487 1473887 0 0.354952 9.70086e-227 6.97773e-158 3.01927e-86 5.2094e-22 12.7827 87.2173 
513487 1473887 0 0.359456 1.11927e-224 1.96447e-156 1.93273e-85 8.7518e-22 13.3431 86.6569 
515487 1473887 0 0.363659 7.9923e-223 3.94697e-155 1.02542e-84 1.39495e-21 13.8648 86.1352 
517487 1473887 0 0.367517 3.53233e-221 5.65981e-154 4.50946e-84 2.10959e-21 14.3423 85.6577 
519487 1473887 0 0.37099 9.66354e-220 5.79291e-153 1.64389e-83 3.02721e-21 14.7707 85.2293 
521487 1473887 0 0.37404 1.63655e-218 4.23232e-152 4.96795e-83 4.12211e-21 15.1455 84.8545 
523487 1473887 0 0.37663 1.71579e-217 2.20737e-151 1.24469e-82 5.32658e-21 15.4629 84.5371 
525487 1473887 0 0.378731 1.1137e-216 8.21883e-151 2.58554e-82 6.53203e-21 15.7195 84.2805 
527487 1473887 0 0.380317 4.47572e-216 2.18475e-150 4.4531e-82 7.60213e-21 15.9127 84.0873 
529487 1473887 0 0.381369 1.11367e-215 4.14637e-150 6.35928e-82 8.39693e-21 16.0405 83.9595 
531487 1473887 0 0.381873 1.7158e-215 5.61843e-150 7.53005e-82 8.80262e-21 16.1015 83.8985 
533487 1473887 0 0.381823 1.63678e-215 5.43562e-150 7.39327e-82 8.75818e-21 16.0952 83.9048 
535487 1473887 0 0.38122 9.66792e-216 3.75465e-150 6.01899e-82 8.27037e-21 16.0216 83.9784 
537487 1473887 0 0.380072 3.53578e-216 1.8517e-150 4.06307e-82 7.4121e-21 15.8814 84.1186 
539487 1473887 0 0.378392 8.00642e-217 6.51991e-151 2.27414e-82 6.30456e-21 15.6762 84.3238 
541487 1473887 0 0.376202 1.12247e-217 1.63896e-151 1.05536e-82 5.08923e-21 15.408 84.592 
543487 1473887 0 0.373527 9.74265e-219 2.94122e-152 4.06051e-83 3.89868e-21 15.0796 84.9204 
545487 1473887 0 0.3704 5.23503e-220 3.76788e-153 1.29521e-83 2.8342e-21 14.6944 85.3056 
547487 1473887 0 0.366855 1.74129e-221 3.44547e-154 3.4249e-84 1.95511e-21 14.2565 85.7435 
549487 1473887 0 0.362933 3.58512e-223 2.2488e-155 7.50716e-85 1.27971e-21 13.7703 86.2297 
551487 1473887 0 0.358674 4.56858e-225 1.04753e-156 1.36393e-85 7.94747e-22 13.241 86.759 
553487 1473887 0 0.354123 3.60301e-227 3.48225e-158 2.05381e-86 4.68263e-22 12.674 87.326 
555487 1473887 0 0.349321 1.7584e-229 8.26027e-160 2.56298e-87 2.61737e-22 12.0752 87.9248 
557487 1473887 0 0.344314 5.31007e-232 1.39807e-161 2.65039e-88 1.3878e-22 11.4507 88.5493 
559487 1473887 0 0.339143 9.92136e-235 1.68819e-163 2.27099e-89 6.97979e-23 10.8068 89.1932 
561487 1473887 0 0.333848 1.14681e-237 1.45423e-165 1.61222e-90 3.32953e-23 10.1499 89.8501 
563487 1473887 0 0.328468 8.20008e-241 8.93563e-168 9.48203e-92 1.50633e-23 9.48624 90.5138 
565487 1473887 0 0.323037 3.62675e-244 3.91616e-170 4.61965e-93 6.46286e-24 8.8221 91.1779 
567487 1473887 0 0.317588 9.92094e-248 1.22406e-172 1.86429e-94 2.6295e-24 8.16337 91.8366 
569487 1473887 0 0.312148 1.67838e-251 2.72845e-175 6.23138e-96 1.01448e-24 7.51564 92.4844 
571487 1473887 0 0.306742 1.75589e-255 4.33682e-178 1.72501e-97 3.71122e-25 6.88401 93.116 
573487 1473887 0 0.301391 1.13592e-259 4.91521e-181 3.95466e-99 1.28728e-25 6.27309 93.7269 
575487 1473887 0 0.296111 4.54377e-264 3.97194e-184 7.50783e-101 4.23351e-26 5.68686 94.3131 
577487 1473887 0 0.290918 1.12378e-268 2.28839e-187 1.18028e-102 1.32004e-26 5.12869 94.8713 
579487 1473887 0 0.28582 1.71841e-273 9.3996e-191 1.53641e-104 3.90236e-27 4.60126 95.3987 
581487 1473887 0 0.280827 1.62456e-278 2.75247e-194 1.65602e-106 1.09374e-27 4.10657 95.8934 
583487 1473887 0 0.275942 9.49507e-284 5.74594e-198 1.47792e-108 2.90634e-28 3.646 96.354 
585487 1473887 0 0.27117 3.43087e-289 8.55094e-202 1.09207e-110 7.32193e-29 3.22024 96.7798 
587487 1473887 0 0.26651 7.66386e-295 9.07143e-206 6.68131e-113 1.74886e-29 2.82945 97.1706 
589487 1473887 0 0.261962 1.05834e-300 6.86029e-210 3.38438e-115 3.96037e-30 2.47322 97.5268 
591487 1473887 0 0.257523 9.03517e-307 3.69839e-214 1.4194e-117 8.50313e-31 2.15071 97.8493 
593487 1473887 0 0.253192 4.76847e-313 1.4213e-218 4.92871e-120 1.73097e-31 1.86066 98.1393 
595487 1473887 0 0.248964 1.54643e-319 3.89374e-223 1.417e-122 3.34101e-32 1.60152 98.3985 
597487 1473887 0 0.244834 0 7.6042e-228 3.37298e-125 6.11437e-33 1.37147 98.6285 
599487 1473887 0 0.240799 0 1.05865e-232 6.64769e-128 1.06102e-33 1.16854 98.8315 
601487 1473887 0 0.236854 0 1.05067e-237 1.08478e-130 1.74582e-34 0.990646 99.0094 
603487 1473887 0 0.232993 0 7.43357e-243 1.46566e-133 2.72389e-35 0.835642 99.1644 
605487 1473887 0 0.229214 0 3.74933e-248 1.63963e-136 4.03001e-36 0.701396 99.2986 
607487 1473887 0 0.225511 0 1.34815e-253 1.51875e-139 5.654e-37 0.585812 99.4142 
609487 1473887 0 0.221882 0 3.45585e-259 1.16481e-142 7.52224e-38 0.486876 99.5131 
611487 1473887 0 0.218321 0 6.3155e-265 7.39702e-146 9.49046e-39 0.402673 99.5973 
613487 1473887 0 0.214827 0 8.22812e-271 3.88951e-149 1.13549e-39 0.331415 99.6686 
615487 1473887 0 0.211395 0 7.64252e-277 1.69345e-152 1.28837e-40 0.271447 99.7286 
617487 1473887 0 0.208024 0 5.06078e-283 6.10504e-156 1.38632e-41 0.221259 99.7787 
619487 1473887 0 0.204712 0 2.38917e-289 1.82242e-159 1.41468e-42 0.179485 99.8205 
621487 1473887 0 0.201456 0 8.04128e-296 4.50454e-163 1.36907e-43 0.144901 99.8551 
623487 1473887 0 0.198255 0 1.92955e-302 9.2193e-167 1.25652e-44 0.116423 99.8836 
625487 1473887 0 0.195107 0 3.30093e-309 1.56239e-170 1.09368e-45 0.0930975 99.9069 
627487 1473887 0 0.192012 0 4.02611e-316 2.19244e-174 9.02804e-47 0.0740918 99.9259 
629487 1473887 0 0.188967 0 0 2.54748e-178 7.06767e-48 0.0586868 99.9413 
433487 1471887 0 0.18921 0 0 7.43375e-178 9.49901e-48 0.0601919 99.9398 
435487 1471887 0 0.19232 0 3.65016e-315 7.44408e-174 1.26633e-46 0.0762935 99.9237 
437487 1471887 0 0.195485 0 3.92673e-308 6.17239e-170 1.601e-45 0.0962447 99.9038 
439487 1471887 0 0.198708 0 3.0116e-301 4.23774e-166 1.91963e-44 0.120837 99.8792 
441487 1471887 0 0.20199 0 1.64667e-294 2.4091e-162 2.18283e-43 0.150993 99.849 
443487 1471887 0 0.205332 0 6.4189e-288 1.13399e-158 2.35395e-42 0.187774 99.8122 
445487 1471887 0 0.208738 0 1.78384e-281 4.4198e-155 2.40739e-41 0.232397 99.7676 
447487 1471887 0 0.21221 0 3.53418e-275 1.42635e-151 2.33487e-40 0.286244 99.7138 
449487 1471887 0 0.215751 0 4.99181e-269 3.81139e-148 2.14755e-39 0.350867 99.6491 
451487 1471887 0 0.219364 0 5.02641e-263 8.4327e-145 1.87318e-38 0.427997 99.572 
453487 1471887 0 0.223053 0 3.60815e-257 1.54481e-141 1.54942e-37 0.519541 99.4805 
455487 1471887 0 0.226823 0 1.84643e-251 2.34315e-138 1.21534e-36 0.62758 99.3724 
457487 1471887 0 0.230679 0 6.73596e-246 2.94268e-135 9.0399e-36 0.754355 99.2456 
459487 1471887 0 0.234626 0 1.75176e-240 3.05981e-132 6.37606e-35 0.90225 99.0977 
461487 1471887 0 0.238669 0 3.24755e-235 2.63421e-129 4.26437e-34 1.07376 98.9262 
463487 1471887 0 0.242816 0 4.29174e-230 1.8776e-126 2.70433e-33 1.27147 98.7285 
465487 1471887 0 0.247073 0 4.04299e-225 1.10803e-123 1.62613e-32 1.49799 98.502 
467487 1471887 0 0.251447 1.7249e-315 2.71492e-220 5.41358e-121 9.27109e-32 1.75588 98.2441 
469487 1471887 0 0.255944 7.77232e-309 1.29954e-215 2.18978e-118 5.01155e-31 2.04764 97.9524 
471487 1471887 0 0.260573 2.16491e-302 4.43401e-211 7.3332e-116 2.56844e-30 2.37557 97.6244 
473487 1471887 0 0.265339 3.7276e-296 1.07838e-206 2.0331e-113 1.24798e-29 2.74174 97.2583 
475487 1471887 0 0.270249 3.96747e-290 1.86946e-202 4.66656e-111 5.74886e-29 3.14785 96.8522 
477487 1471887 0 0.275308 2.61032e-284 2.31008e-198 8.86759e-109 2.51061e-28 3.59518 96.4048 
479487 1471887 0 0.280521 1.06162e-278 2.03472e-194 1.39504e-106 1.03943e-27 4.08447 95.9155 
481487 1471887 0 0.285888 2.66899e-273 1.27748e-190 1.81695e-104 4.07963e-27 4.61587 95.3841 
483487 1471887 0 0.291411 4.14794e-268 5.71718e-187 1.95922e-102 1.51795e-26 5.18881 94.8112 
485487 1471887 0 0.297087 3.98507e-263 1.8239e-183 1.74911e-100 5.35431e-26 5.802 94.198 
487487 1471887 0 0.302912 2.36686e-258 4.14786e-180 1.29288e-98 1.79046e-25 6.45337 93.5466 
489487 1471887 0 0.308876 8.69082e-254 6.72464e-177 7.91266e-97 5.67604e-25 7.14 92.86 
491487 1471887 0 0.314968 1.97298e-249 7.77248e-174 4.00989e-95 1.70592e-24 7.8582 92.1418 
493487 1471887 0 0.32117 2.76939e-245 6.40503e-171 1.68272e-93 4.86095e-24 8.60348 91.3965 
495487 1471887 0 0.327462 2.40367e-241 3.76343e-168 5.84777e-92 1.31325e-23 9.37064 90.6294 
497487 1471887 0 0.333818 1.29012e-237 1.57682e-165 1.68306e-90 3.36406e-23 10.1538 89.8462 
499487 1471887 0 0.340207 4.28239e-234 4.71143e-163 4.01212e-89 8.17135e-23 10.9466 89.0534 
501487 1471887 0 0.346594 8.79197e-231 1.00401e-160 7.92234e-88 1.8822e-22 11.7421 88.2579 
503487 1471887 0 0.35294 1.11653e-227 1.52609e-158 1.29592e-86 4.11163e-22 12.5332 87.4668 
505487 1471887 0 0.359199 8.77179e-225 1.65472e-156 1.75627e-85 8.51862e-22 13.3125 86.6875 
507487 1471887 0 0.365324 4.26367e-222 1.28003e-154 1.97213e-84 1.67405e-21 14.0725 85.9275 
509487 1471887 0 0.371264 1.28235e-219 7.06498e-153 1.83509e-83 3.12067e-21 14.806 85.194 
511487 1471887 0 0.376964 2.38671e-217 2.78257e-151 1.41514e-82 5.5188e-21 15.5057 84.4943 
513487 1471887 0 0.382371 2.74926e-215 7.8212e-150 9.04499e-82 9.25966e-21 16.1648 83.8352 
515487 1471887 0 0.387427 1.96018e-213 1.56905e-148 4.79207e-81 1.47412e-20 16.7767 83.2233 
517487 1471887 0 0.392079 8.65138e-212 2.24687e-147 2.10468e-80 2.22688e-20 17.3356 82.6644 
519487 1471887 0 0.396275 2.36387e-210 2.29687e-146 7.66362e-80 3.19238e-20 17.836 82.164 
521487 1471887 0 0.399964 3.99895e-209 1.6763e-145 2.31366e-79 4.34326e-20 18.2729 81.7271 
523487 1471887 0 0.403102 4.18877e-208 8.73482e-145 5.79183e-79 5.60825e-20 18.6423 81.3577 
525487 1471887 0 0.405649 2.71688e-207 3.2499e-144 1.20228e-78 6.8734e-20 18.9405 81.0595 
527487 1471887 0 0.407574 1.09125e-206 8.63422e-144 2.06963e-78 7.99586e-20 19.1648 80.8352 
529487 1471887 0 0.408851 2.71431e-206 1.63806e-143 2.95453e-78 8.82923e-20 19.3131 80.6869 
531487 1471887 0 0.409463 4.18111e-206 2.21922e-143 3.49791e-78 9.25451e-20 19.3839 80.6161 
533487 1471887 0 0.409402 3.98864e-206 2.14705e-143 3.43443e-78 9.20791e-20 19.3765 80.6235 
535487 1471887 0 0.40867 2.35645e-206 1.48339e-143 2.79658e-78 8.69653e-20 19.2912 80.7088 
537487 1471887 0 0.407275 8.62154e-207 7.31863e-144 1.88851e-78 7.79655e-20 19.1286 80.8714 
539487 1471887 0 0.405236 1.95341e-207 2.57843e-144 1.0576e-78 6.63468e-20 18.8902 81.1098 
541487 1471887 0 0.40258 2.74072e-208 6.48656e-145 4.91152e-79 5.35902e-20 18.5784 81.4216 
