#EAST NORTH ELEV Kg/m^2 [-6->-4) [-4->-2) [-2->0) [0->2) [2->4) [4->6) (percent)
433487 1479887 0 0.160165 0 7.43472e-268 4.27164e-151 1.11911e-40 0.514902 99.4851 
435487 1479887 0 0.16265 0 2.40977e-262 5.95513e-148 8.76833e-40 0.613592 99.3864 
437487 1479887 0 0.165196 0 6.02287e-257 7.15652e-145 6.58594e-39 0.728534 99.2715 
439487 1479887 0 0.167808 0 1.16075e-251 7.41344e-142 4.74205e-38 0.861838 99.1382 
441487 1479887 0 0.170489 0 1.72494e-246 6.6197e-139 3.27305e-37 1.01577 98.9842 
443487 1479887 0 0.173246 0 1.97653e-241 5.09507e-136 2.16554e-36 1.19273 98.8073 
445487 1479887 0 0.176084 0 1.74629e-236 3.38024e-133 1.37341e-35 1.39528 98.6047 
447487 1479887 0 0.179009 0 1.18961e-231 1.93295e-130 8.34904e-35 1.62604 98.374 
449487 1479887 0 0.182029 4.95894e-318 6.24825e-227 9.52713e-128 4.86482e-34 1.88774 98.1123 
451487 1479887 0 0.185149 1.2795e-311 2.53028e-222 4.04728e-125 2.71693e-33 2.18311 97.8169 
453487 1479887 0 0.188379 2.29996e-305 7.89993e-218 1.48188e-122 1.45431e-32 2.51489 97.4851 
455487 1479887 0 0.191726 2.87953e-299 1.90158e-213 4.67633e-120 7.46085e-32 2.88573 97.1143 
457487 1479887 0 0.195199 2.51094e-293 3.52886e-209 1.27183e-117 3.66827e-31 3.29815 96.7018 
459487 1479887 0 0.198806 1.52495e-287 5.04861e-205 2.98111e-115 1.72847e-30 3.75447 96.2455 
461487 1479887 0 0.202555 6.45013e-282 5.56828e-201 6.02205e-113 7.80505e-30 4.25672 95.7433 
463487 1479887 0 0.206456 1.90008e-276 4.73451e-197 1.04839e-110 3.37749e-29 4.8066 95.1934 
465487 1479887 0 0.210517 3.89818e-271 3.10333e-193 1.57292e-108 1.40057e-28 5.40535 94.5947 
467487 1479887 0 0.214745 5.56972e-266 1.56812e-189 2.03375e-106 5.56546e-28 6.05372 93.9463 
469487 1479887 0 0.219147 5.54226e-261 6.10841e-186 2.26618e-104 2.11921e-27 6.7519 93.2481 
471487 1479887 0 0.22373 3.84082e-256 1.83432e-182 2.17619e-102 7.73252e-27 7.49944 92.5006 
473487 1479887 0 0.228499 1.85374e-251 4.24646e-179 1.80099e-100 2.70358e-26 8.29521 91.7048 
475487 1479887 0 0.233457 6.23122e-247 7.57863e-176 1.28453e-98 9.05792e-26 9.13736 90.8626 
477487 1479887 0 0.238605 1.45883e-242 1.04275e-172 7.89606e-97 2.908e-25 10.0233 89.9767 
479487 1479887 0 0.243943 2.37881e-238 1.10613e-169 4.18333e-95 8.94631e-25 10.9498 89.0502 
481487 1479887 0 0.249467 2.70184e-234 9.04673e-167 1.91028e-93 2.63747e-24 11.9129 88.0871 
483487 1479887 0 0.255172 2.13759e-230 5.70504e-164 7.519e-92 7.45144e-24 12.9078 87.0922 
485487 1479887 0 0.261047 1.17809e-226 2.77417e-161 2.55113e-90 2.01752e-23 13.9295 86.0705 
487487 1479887 0 0.267081 4.52333e-223 1.04027e-158 7.46184e-89 5.23533e-23 14.972 85.028 
489487 1479887 0 0.273257 1.21002e-219 3.00835e-156 1.88162e-87 1.30209e-22 16.0292 83.9708 
491487 1479887 0 0.279554 2.25537e-216 6.70995e-154 4.09093e-86 3.10411e-22 17.0945 82.9055 
493487 1479887 0 0.28595 2.92937e-213 1.1544e-151 7.66934e-85 7.09351e-22 18.1613 81.8387 
495487 1479887 0 0.292416 2.65158e-210 1.53209e-149 1.23987e-83 1.55398e-21 19.2227 80.7773 
497487 1479887 0 0.298919 1.67283e-207 1.56871e-147 1.7287e-82 3.26383e-21 20.2716 79.7284 
499487 1479887 0 0.305425 7.35631e-205 1.2393e-145 2.07889e-81 6.57262e-21 21.3014 78.6986 
501487 1479887 0 0.311895 2.25515e-202 7.55501e-144 2.15653e-80 1.26916e-20 22.3053 77.6947 
503487 1479887 0 0.318285 4.82e-200 3.55437e-142 1.92989e-79 2.35018e-20 23.2769 76.7231 
505487 1479887 0 0.324551 7.18321e-198 1.29064e-140 1.49008e-78 4.17377e-20 24.2103 75.7897 
507487 1479887 0 0.330645 7.46512e-196 3.61752e-139 9.92719e-78 7.10943e-20 25.0995 74.9005 
509487 1479887 0 0.336519 5.41061e-194 7.82748e-138 5.70727e-77 1.1616e-19 25.9394 74.0606 
511487 1479887 0 0.342122 2.73521e-192 1.30762e-136 2.83174e-76 1.82066e-19 26.725 73.275 
513487 1479887 0 0.347406 9.64518e-191 1.68667e-135 1.21267e-75 2.7377e-19 27.4519 72.5481 
515487 1479887 0 0.352321 2.37271e-189 1.67999e-134 4.48259e-75 3.94965e-19 28.1161 71.8839 
517487 1479887 0 0.35682 4.0722e-188 1.29225e-133 1.43037e-74 5.46735e-19 28.7141 71.2859 
519487 1479887 0 0.360859 4.87636e-187 7.67688e-133 3.94029e-74 7.26217e-19 29.2428 70.7572 
521487 1479887 0 0.364395 4.0745e-186 3.52246e-132 9.37127e-74 9.2566e-19 29.6996 70.3004 
523487 1479887 0 0.367392 2.37569e-185 1.24841e-131 1.92434e-73 1.13228e-18 30.0823 69.9177 
525487 1479887 0 0.369819 9.66638e-185 3.41774e-131 3.4119e-73 1.32919e-18 30.3891 69.6109 
527487 1479887 0 0.371647 2.74482e-184 7.22786e-131 5.22347e-73 1.49751e-18 30.6185 69.3815 
529487 1479887 0 0.372858 5.43941e-184 1.18081e-130 6.90531e-73 1.61923e-18 30.7696 69.2304 
531487 1479887 0 0.373438 7.52294e-184 1.49026e-130 7.88271e-73 1.6804e-18 30.8415 69.1585 
533487 1479887 0 0.373381 7.26148e-184 1.45297e-130 7.77034e-73 1.67374e-18 30.8342 69.1658 
535487 1479887 0 0.372687 4.89173e-184 1.09437e-130 6.61418e-73 1.60003e-18 30.7474 69.2526 
537487 1479887 0 0.371363 2.29984e-184 6.36768e-131 4.8616e-73 1.46803e-18 30.5817 69.4183 
539487 1479887 0 0.369425 7.54601e-185 2.86218e-131 3.08561e-73 1.2927e-18 30.3378 69.6622 
541487 1479887 0 0.366894 1.72787e-185 9.93796e-132 1.69102e-73 1.09246e-18 30.0167 69.9833 
543487 1479887 0 0.363798 2.76095e-186 2.66542e-132 8.00175e-74 8.86016e-19 29.6201 70.3799 
545487 1479887 0 0.360168 3.0785e-187 5.52178e-133 3.26911e-74 6.89591e-19 29.1497 70.8503 
547487 1479887 0 0.356044 2.39512e-188 8.83511e-134 1.15308e-74 5.15031e-19 28.6079 71.3921 
549487 1479887 0 0.351468 1.30014e-189 1.09178e-134 3.51112e-75 3.69098e-19 27.9973 72.0027 
551487 1479887 0 0.346483 4.92378e-191 1.04188e-135 9.22908e-76 2.53799e-19 27.3212 72.6788 
553487 1479887 0 0.341139 1.30081e-192 7.67747e-137 2.09393e-76 1.67436e-19 26.5831 73.4169 
555487 1479887 0 0.335484 2.39716e-194 4.36819e-138 4.10036e-77 1.05971e-19 25.787 74.213 
557487 1479887 0 0.329568 3.08111e-196 1.91879e-139 6.92945e-78 6.43378e-20 24.9376 75.0624 
559487 1479887 0 0.323441 2.76186e-198 6.50653e-141 1.01054e-78 3.74677e-20 24.0398 75.9602 
561487 1479887 0 0.31715 1.72636e-200 1.70304e-142 1.27156e-79 2.09276e-20 23.0989 76.9011 
563487 1479887 0 0.310744 7.52413e-203 3.44039e-144 1.38043e-80 1.12104e-20 22.1207 77.8793 
565487 1479887 0 0.304267 2.28626e-205 5.36353e-146 1.29282e-81 5.75859e-21 21.1115 78.8885 
567487 1479887 0 0.29776 4.84278e-208 6.45221e-148 1.0444e-82 2.83644e-21 20.0777 79.9223 
569487 1479887 0 0.291263 7.15019e-211 5.98874e-150 7.27701e-84 1.33954e-21 19.026 80.974 
571487 1479887 0 0.284809 7.3578e-214 4.28831e-152 4.37277e-85 6.06495e-22 17.9631 82.0369 
573487 1479887 0 0.278431 5.27648e-217 2.36874e-154 2.26588e-86 2.63241e-22 16.8961 83.1039 
575487 1479887 0 0.272156 2.63672e-220 1.00922e-156 1.0124e-87 1.09522e-22 15.8318 84.1682 
577487 1479887 0 0.266006 9.18054e-224 3.31634e-159 3.90006e-89 4.36762e-23 14.7768 85.2232 
579487 1479887 0 0.260001 2.22701e-227 8.40417e-162 1.29525e-90 1.66938e-23 13.7378 86.2622 
581487 1479887 0 0.254158 3.7635e-231 1.64234e-164 3.70826e-92 6.11515e-24 12.7207 87.2793 
583487 1479887 0 0.248487 4.43046e-235 2.47476e-167 9.15154e-94 2.14675e-24 11.7313 88.2687 
585487 1479887 0 0.242998 3.63301e-239 2.87528e-170 1.9467e-95 7.22209e-25 10.7748 89.2252 
587487 1479887 0 0.237696 2.07503e-243 2.57562e-173 3.56915e-97 2.32829e-25 9.85554 90.1445 
589487 1479887 0 0.232583 8.25471e-248 1.77877e-176 5.63994e-99 7.19269e-26 8.9775 91.0225 
591487 1479887 0 0.227661 2.28711e-252 9.47063e-180 7.6809e-101 2.12923e-26 8.14382 91.8562 
593487 1479887 0 0.222928 4.41333e-257 3.88731e-183 9.01506e-103 6.03982e-27 7.35691 92.6431 
595487 1479887 0 0.218379 5.93108e-262 1.23005e-186 9.11876e-105 1.64172e-27 6.61849 93.3815 
597487 1479887 0 0.21401 5.55117e-267 3.00051e-190 7.94894e-107 4.27608e-28 5.92956 94.0704 
599487 1479887 0 0.209814 3.61841e-272 5.6424e-194 5.97156e-109 1.06727e-28 5.29045 94.7095 
601487 1479887 0 0.205784 1.6426e-277 8.17957e-198 3.86609e-111 2.55261e-29 4.70086 95.2991 
603487 1479887 0 0.201912 5.19319e-283 9.14109e-202 2.15707e-113 5.8505e-30 4.15995 95.84 
605487 1479887 0 0.198189 1.14348e-288 7.87538e-206 1.03721e-115 1.28501e-30 3.66638 96.3336 
607487 1479887 0 0.194608 1.75354e-294 5.23067e-210 4.29825e-118 2.70481e-31 3.21838 96.7816 
609487 1479887 0 0.19116 1.87289e-300 2.67833e-214 1.53512e-120 5.45628e-32 2.81387 97.1861 
611487 1479887 0 0.187835 1.39323e-306 1.0573e-218 4.72526e-123 1.05487e-32 2.45048 97.5495 
613487 1479887 0 0.184626 7.21863e-313 3.2179e-223 1.25358e-125 1.95461e-33 2.12566 97.8743 
615487 1479887 0 0.181525 2.61361e-319 7.55083e-228 2.86636e-128 3.47128e-34 1.83675 98.1633 
617487 1479887 0 0.178523 0 1.36607e-232 5.64897e-131 5.90884e-35 1.581 98.419 
619487 1479887 0 0.175615 0 1.90555e-237 9.59573e-134 9.64074e-36 1.35568 98.6443 
621487 1479887 0 0.172792 0 2.04948e-242 1.40496e-136 1.50774e-36 1.15808 98.8419 
623487 1479887 0 0.17005 0 1.69962e-247 1.77312e-139 2.26028e-37 0.985571 99.0144 
625487 1479887 0 0.167382 0 1.08682e-252 1.92889e-142 3.24808e-38 0.835646 99.1644 
627487 1479887 0 0.164783 0 5.35873e-258 1.80875e-145 4.47438e-39 0.705915 99.2941 
629487 1479887 0 0.162248 0 2.0374e-263 1.46203e-148 5.90863e-40 0.594141 99.4059 
433487 1477887 0 0.162607 0 1.95619e-262 5.28654e-148 8.47559e-40 0.611802 99.3882 
435487 1477887 0 0.165205 0 6.33759e-257 7.36676e-145 6.63976e-39 0.729018 99.271 
437487 1477887 0 0.167874 0 1.5832e-251 8.84874e-142 4.9863e-38 0.865504 99.1345 
439487 1477887 0 0.170619 0 3.04958e-246 9.16171e-139 3.58954e-37 1.02374 98.9763 
441487 1477887 0 0.173446 0 4.52924e-241 8.17625e-136 2.47698e-36 1.20639 98.7936 
443487 1477887 0 0.176361 0 5.18659e-236 6.28933e-133 1.63839e-35 1.41628 98.5837 
445487 1477887 0 0.179372 0 4.5793e-231 4.16983e-130 1.03875e-34 1.65637 98.3436 
447487 1477887 0 0.182487 4.64185e-317 3.1172e-226 2.38278e-127 6.31228e-34 1.92973 98.0703 
449487 1477887 0 0.185715 1.71854e-310 1.63594e-221 1.17352e-124 3.67648e-33 2.2395 97.7605 
451487 1477887 0 0.189065 4.43126e-304 6.61908e-217 4.98114e-122 2.05226e-32 2.58882 97.4112 
453487 1477887 0 0.192546 7.95782e-298 2.06462e-212 1.82216e-119 1.09792e-31 2.9808 97.0192 
455487 1477887 0 0.196169 9.95287e-292 4.96461e-208 5.74449e-117 5.62905e-31 3.41841 96.5816 
457487 1477887 0 0.199945 8.66918e-286 9.2028e-204 1.56068e-114 2.7657e-30 3.90445 96.0955 
459487 1477887 0 0.203885 5.25864e-280 1.31503e-199 3.65398e-112 1.30217e-29 4.44144 95.5586 
461487 1477887 0 0.207999 2.22139e-274 1.44851e-195 7.37222e-110 5.87503e-29 5.0315 94.9685 
463487 1477887 0 0.2123 6.53468e-269 1.22991e-191 1.28175e-107 2.5399e-28 5.67634 94.3237 
465487 1477887 0 0.216798 1.33865e-263 8.04972e-188 1.92033e-105 1.05215e-27 6.37709 93.6229 
467487 1477887 0 0.221503 1.90963e-258 4.06111e-184 2.4792e-103 4.17622e-27 7.13426 92.8657 
469487 1477887 0 0.226426 1.89702e-253 1.57929e-180 2.75813e-101 1.58828e-26 7.94765 92.0524 
471487 1477887 0 0.231573 1.31231e-248 4.7341e-177 2.64414e-99 5.78767e-26 8.81631 91.1837 
473487 1477887 0 0.236953 6.3219e-244 1.0939e-173 2.18438e-97 2.02075e-25 9.73847 90.2615 
475487 1477887 0 0.24257 2.12089e-239 1.94845e-170 1.55509e-95 6.76017e-25 10.7115 89.2885 
477487 1477887 0 0.248427 4.95519e-235 2.67541e-167 9.54069e-94 2.16692e-24 11.732 88.268 
479487 1477887 0 0.254525 8.06294e-231 2.83203e-164 5.04452e-92 6.65547e-24 12.7957 87.2043 
481487 1477887 0 0.26086 9.13777e-227 2.31118e-161 2.29878e-90 1.95875e-23 13.8977 86.1023 
483487 1477887 0 0.267426 7.21318e-223 1.45421e-158 9.02894e-89 5.52412e-23 15.032 84.968 
485487 1477887 0 0.274213 3.9663e-219 7.05516e-156 3.05682e-87 1.49297e-22 16.1926 83.8074 
487487 1477887 0 0.281207 1.51933e-215 2.63943e-153 8.92131e-86 3.86697e-22 17.3724 82.6276 
489487 1477887 0 0.288388 4.05473e-212 7.61507e-151 2.24466e-84 9.59952e-22 18.5643 81.4357 
491487 1477887 0 0.295733 7.53981e-209 1.6945e-148 4.86943e-83 2.28413e-21 19.7609 80.2391 
493487 1477887 0 0.303213 9.76996e-206 2.90844e-146 9.1086e-82 5.20977e-21 20.9543 79.0457 
495487 1477887 0 0.310796 8.8228e-203 3.85101e-144 1.46933e-80 1.13915e-20 22.1371 77.8629 
497487 1477887 0 0.318442 5.5533e-200 3.93402e-142 2.0442e-79 2.38809e-20 23.3016 76.6984 
499487 1477887 0 0.326109 2.43657e-197 3.10096e-140 2.45311e-78 4.80026e-20 24.4405 75.5595 
501487 1477887 0 0.33375 7.45315e-195 1.88628e-138 2.5395e-77 9.25268e-20 25.5467 74.4533 
503487 1477887 0 0.341312 1.5896e-192 8.85556e-137 2.26812e-76 1.71041e-19 26.6135 73.3865 
505487 1477887 0 0.348741 2.36415e-190 3.20908e-135 1.7479e-75 3.03253e-19 27.6347 72.3653 
507487 1477887 0 0.35598 2.45217e-188 8.97737e-134 1.16239e-74 5.15733e-19 28.6045 71.3955 
509487 1477887 0 0.362968 1.77405e-186 1.93897e-132 6.67138e-74 8.41393e-19 29.5175 70.4825 
511487 1477887 0 0.369644 8.95297e-185 3.23365e-131 3.30485e-73 1.31694e-18 30.369 69.631 
513487 1477887 0 0.375947 3.1521e-183 4.16448e-130 1.4132e-72 1.97771e-18 31.1547 68.8453 
515487 1477887 0 0.381818 7.74296e-182 4.14206e-129 5.21686e-72 2.84986e-18 31.8708 68.1292 
517487 1477887 0 0.387197 1.32717e-180 3.18198e-128 1.66267e-71 3.94077e-18 32.5141 67.4859 
519487 1477887 0 0.392029 1.58743e-179 1.88816e-127 4.57536e-71 5.22954e-18 33.0818 66.9182 
521487 1477887 0 0.396265 1.32508e-178 8.65511e-127 1.08717e-70 6.66035e-18 33.5713 66.4287 
523487 1477887 0 0.399857 7.71962e-178 3.06497e-126 2.23073e-70 8.14148e-18 33.9808 66.0192 
525487 1477887 0 0.402766 3.13892e-177 8.38535e-126 3.95271e-70 9.55217e-18 34.3086 65.6914 
527487 1477887 0 0.404959 8.90869e-177 1.77246e-125 6.04865e-70 1.07574e-17 34.5536 65.4464 
529487 1477887 0 0.406413 1.76486e-176 2.89473e-125 7.99376e-70 1.16287e-17 34.7147 65.2853 
531487 1477887 0 0.407108 2.44049e-176 3.65277e-125 9.12391e-70 1.20665e-17 34.7915 65.2085 
533487 1477887 0 0.407039 2.35571e-176 3.56142e-125 8.99397e-70 1.20188e-17 34.7836 65.2164 
535487 1477887 0 0.406206 1.58724e-176 2.68295e-125 7.65707e-70 1.14913e-17 34.6911 65.3089 
537487 1477887 0 0.404617 7.46503e-177 1.56165e-125 5.63002e-70 1.05463e-17 34.5143 65.4857 
539487 1477887 0 0.402293 2.45066e-177 7.02306e-126 3.57506e-70 9.29075e-18 34.2538 65.7462 
541487 1477887 0 0.399258 5.61537e-178 2.44021e-126 1.96052e-70 7.85606e-18 33.9107 66.0893 
543487 1477887 0 0.395547 8.98051e-179 6.55037e-127 9.28437e-71 6.37599e-18 33.4861 66.5139 
545487 1477887 0 0.3912 1.00236e-179 1.35837e-127 3.79671e-71 4.9666e-18 32.9819 67.0181 
547487 1477887 0 0.386266 7.80773e-181 2.17601e-128 1.34063e-71 3.71294e-18 32.4 67.6 
549487 1477887 0 0.380794 4.2439e-182 2.6925e-129 4.08723e-72 2.66377e-18 31.7429 68.2571 
551487 1477887 0 0.374842 1.60958e-183 2.57317e-130 1.0758e-72 1.83386e-18 31.0136 68.9864 
553487 1477887 0 0.368468 4.25917e-185 1.89916e-131 2.44447e-73 1.21141e-18 30.2153 69.7847 
555487 1477887 0 0.361732 7.8625e-187 1.08241e-132 4.79449e-74 7.67792e-19 29.352 70.648 
557487 1477887 0 0.354696 1.01245e-188 4.76339e-134 8.11645e-75 4.66853e-19 28.4281 71.5719 
559487 1477887 0 0.34742 9.09324e-191 1.61839e-135 1.1858e-75 2.7231e-19 27.4483 72.5517 
561487 1477887 0 0.339964 5.69564e-193 4.24468e-137 1.49495e-76 1.52354e-19 26.4182 73.5818 
563487 1477887 0 0.332385 2.48769e-195 8.59313e-139 1.62619e-77 8.17542e-20 25.3436 74.6564 
565487 1477887 0 0.324738 7.57574e-198 1.34261e-140 1.52613e-78 4.20715e-20 24.2308 75.7692 
567487 1477887 0 0.317073 1.60835e-200 1.61878e-142 1.2355e-79 2.07609e-20 23.0866 76.9134 
569487 1477887 0 0.309437 2.38016e-203 1.50596e-144 8.62719e-81 9.82295e-21 21.9182 78.0818 
571487 1477887 0 0.301872 2.45502e-206 1.08088e-146 5.19551e-82 4.4559e-21 20.7329 79.2671 
573487 1477887 0 0.294415 1.76472e-209 5.98452e-149 2.69818e-83 1.93771e-21 19.5383 80.4617 
575487 1477887 0 0.2871 8.83941e-213 2.55577e-151 1.20824e-84 8.0772e-22 18.3421 81.6579 
577487 1477887 0 0.279953 3.08496e-216 8.41804e-154 4.66477e-86 3.22716e-22 17.1519 82.8481 
579487 1477887 0 0.272998 7.5009e-220 2.13823e-156 1.55262e-87 1.23576e-22 15.9751 84.0249 
581487 1477887 0 0.266252 1.27051e-223 4.18806e-159 4.45471e-89 4.53494e-23 14.819 85.181 
583487 1477887 0 0.259729 1.49902e-227 6.32488e-162 1.10169e-90 1.59482e-23 13.6902 86.3098 
585487 1477887 0 0.253438 1.23189e-231 7.36451e-165 2.34833e-92 5.3744e-24 12.595 87.405 
587487 1477887 0 0.247385 7.05093e-236 6.61088e-168 4.31412e-94 1.73544e-24 11.539 88.461 
589487 1477887 0 0.241573 2.81065e-240 4.57486e-171 6.83023e-96 5.36958e-25 10.527 89.473 
591487 1477887 0 0.236001 7.80256e-245 2.44052e-174 9.3191e-98 1.59188e-25 9.56319 90.4368 
593487 1477887 0 0.230665 1.50842e-249 1.00359e-177 1.09571e-99 4.52182e-26 8.65083 91.3492 
595487 1477887 0 0.22556 2.03075e-254 3.18123e-181 1.11016e-101 1.23069e-26 7.79235 92.2077 
597487 1477887 0 0.220679 1.90384e-259 7.77301e-185 9.69273e-104 3.20937e-27 6.98937 93.0106 
599487 1477887 0 0.216013 1.24293e-264 1.46399e-188 7.2924e-106 8.01916e-28 6.24271 93.7573 
601487 1477887 0 0.211553 5.65066e-270 2.12541e-192 4.72781e-108 1.91993e-28 5.55242 94.4476 
603487 1477887 0 0.207288 1.78894e-275 2.37851e-196 2.6413e-110 4.4045e-29 4.91787 95.0821 
605487 1477887 0 0.203206 3.94407e-281 2.05179e-200 1.2716e-112 9.68224e-30 4.33781 95.6622 
607487 1477887 0 0.199298 6.0555e-287 1.36438e-204 5.27551e-115 2.03956e-30 3.81047 96.1895 
609487 1477887 0 0.195551 6.47475e-293 6.99388e-209 1.88612e-117 4.11712e-31 3.33363 96.6664 
611487 1477887 0 0.191955 4.8214e-299 2.76372e-213 5.81128e-120 7.96453e-32 2.90471 97.0953 
613487 1477887 0 0.188499 2.50042e-305 8.41927e-218 1.54307e-122 1.47657e-32 2.52089 97.4791 
615487 1477887 0 0.185173 9.03138e-312 1.97729e-222 3.5312e-125 2.62354e-33 2.17915 97.8208 
617487 1477887 0 0.181967 2.2727e-318 3.58009e-227 6.9645e-128 4.46767e-34 1.87638 98.1236 
619487 1477887 0 0.178871 0 4.99756e-232 1.18386e-130 7.29198e-35 1.60943 98.3906 
621487 1477887 0 0.175878 0 5.37864e-237 1.73448e-133 1.14077e-35 1.37518 98.6248 
623487 1477887 0 0.17298 0 4.46324e-242 2.19028e-136 1.7106e-36 1.17056 98.8294 
625487 1477887 0 0.170169 0 2.85562e-247 2.38399e-139 2.45875e-37 0.99265 99.0073 
627487 1477887 0 0.167438 0 1.40875e-252 2.23663e-142 3.3877e-38 0.838644 99.1614 
629487 1477887 0 0.164783 0 5.35873e-258 1.80875e-145 4.47438e-39 0.705915 99.2941 
433487 1475887 0 0.165105 0 3.96898e-257 5.63986e-145 6.15356e-39 0.724293 99.2757 
435487 1475887 0 0.167826 0 1.28522e-251 7.8554e-142 4.81986e-38 0.862982 99.137 
437487 1475887 0 0.170629 0 3.20893e-246 9.43083e-139 3.61887e-37 1.02442 98.9756 
439487 1475887 0 0.173519 0 6.17748e-241 9.75896e-136 2.60453e-36 1.21151 98.7885 
441487 1475887 0 0.176505 0 9.169e-236 8.70399e-133 1.79677e-35 1.42737 98.5726 
443487 1475887 0 0.179596 0 1.04925e-230 6.69087e-130 1.18808e-34 1.67528 98.3247 
445487 1475887 0 0.182799 2.11143e-316 9.257e-226 4.43286e-127 7.52964e-34 1.95867 98.0413 
447487 1475887 0 0.186127 1.1214e-309 6.29623e-221 2.53111e-124 4.57364e-33 2.28108 97.7189 
449487 1475887 0 0.189588 4.14791e-303 3.30139e-216 1.24551e-121 2.66252e-32 2.64609 97.3539 
451487 1475887 0 0.193195 1.0685e-296 1.33445e-211 5.28182e-119 1.48541e-31 3.05728 96.9427 
453487 1475887 0 0.196961 1.91682e-290 4.15802e-207 1.9302e-116 7.94159e-31 3.51813 96.4819 
455487 1475887 0 0.200898 2.39462e-284 9.98695e-203 6.07846e-114 4.0687e-30 4.03193 95.9681 
457487 1475887 0 0.20502 2.08318e-278 1.84896e-198 1.64946e-111 1.99745e-29 4.60171 95.3983 
459487 1475887 0 0.209341 1.26193e-272 2.63851e-194 3.85691e-109 9.39609e-29 5.23013 94.7699 
461487 1475887 0 0.213876 5.32303e-267 2.90213e-190 7.77094e-107 4.23503e-28 5.91936 94.0806 
463487 1475887 0 0.218639 1.56344e-261 2.46032e-186 1.34908e-104 1.82889e-27 6.67097 93.329 
465487 1475887 0 0.223643 3.19744e-256 1.6076e-182 2.01801e-102 7.56711e-27 7.48585 92.5141 
467487 1475887 0 0.228903 4.55317e-251 8.09604e-179 2.60094e-100 2.99967e-26 8.36413 91.6359 
469487 1475887 0 0.23443 4.51458e-246 3.14249e-175 2.8884e-98 1.13922e-25 9.30504 90.695 
471487 1475887 0 0.240237 3.11686e-241 9.4013e-172 2.76382e-96 4.14511e-25 10.3069 89.6931 
473487 1475887 0 0.246332 1.49838e-236 2.16781e-168 2.27874e-94 1.44495e-24 11.3672 88.6328 
475487 1475887 0 0.252724 5.01583e-232 3.85289e-165 1.61892e-92 4.82575e-24 12.4823 87.5177 
477487 1475887 0 0.259416 1.16922e-227 5.2784e-162 9.91099e-91 1.54412e-23 13.6476 86.3524 
479487 1475887 0 0.26641 1.89805e-223 5.57429e-159 5.22868e-89 4.73384e-23 14.8578 85.1422 
481487 1475887 0 0.273704 2.14586e-219 4.53813e-156 2.37726e-87 1.39053e-22 16.1066 83.8934 
483487 1475887 0 0.281291 1.6897e-215 2.84836e-153 9.31539e-86 3.91387e-22 17.3872 82.6128 
485487 1475887 0 0.28916 9.26768e-212 1.37842e-150 3.14631e-84 1.05564e-21 18.692 81.308 
487487 1475887 0 0.297294 3.54099e-208 5.14373e-148 9.16045e-83 2.72862e-21 20.0129 79.9871 
489487 1475887 0 0.305673 9.42577e-205 1.48023e-145 2.29927e-81 6.75956e-21 21.3418 78.6582 
491487 1475887 0 0.314267 1.74822e-201 3.28537e-143 4.97585e-80 1.60503e-20 22.6701 77.3299 
493487 1475887 0 0.323044 2.25952e-198 5.62464e-141 9.28538e-79 3.65324e-20 23.9895 76.0105 
495487 1475887 0 0.331963 2.0353e-195 7.42874e-139 1.4943e-77 7.97161e-20 25.2915 74.7085 
497487 1475887 0 0.340978 1.27788e-192 7.5701e-137 2.07412e-76 1.66776e-19 26.568 73.432 
499487 1475887 0 0.350039 5.59323e-190 5.95267e-135 2.48339e-75 3.34571e-19 27.8114 72.1886 
501487 1475887 0 0.359087 1.70687e-187 3.61247e-133 2.56521e-74 6.43657e-19 29.0142 70.9858 
503487 1475887 0 0.368059 3.63212e-185 1.69214e-131 2.28625e-73 1.18763e-18 30.1698 69.8302 
505487 1475887 0 0.376889 5.39017e-183 6.11875e-130 1.75833e-72 2.10193e-18 31.2719 68.7281 
507487 1475887 0 0.385507 5.57934e-181 1.70822e-128 1.16709e-71 3.56867e-18 32.3148 67.6852 
509487 1475887 0 0.393839 4.0286e-179 3.68238e-127 6.68635e-71 5.81289e-18 33.2934 66.7066 
511487 1475887 0 0.40181 2.02941e-177 6.13017e-126 3.30674e-70 9.08486e-18 34.2032 65.7968 
513487 1475887 0 0.409346 7.13308e-176 7.88174e-125 1.41184e-69 1.36246e-17 35.0402 64.9598 
515487 1475887 0 0.416372 1.74953e-174 7.82749e-124 5.20453e-69 1.96087e-17 35.8012 64.1988 
517487 1475887 0 0.422816 2.99466e-173 6.00503e-123 1.65666e-68 2.70846e-17 36.483 63.517 
519487 1475887 0 0.428611 3.5776e-172 3.55909e-122 4.55377e-68 3.5907e-17 37.0834 62.9166 
521487 1475887 0 0.433693 2.98323e-171 1.62977e-121 1.08101e-67 4.56926e-17 37.6002 62.3998 
523487 1475887 0 0.438006 1.73645e-170 5.7664e-121 2.21631e-67 5.58143e-17 38.0319 61.9681 
525487 1475887 0 0.441501 7.05577e-170 1.57653e-120 3.92466e-67 6.54482e-17 38.377 61.623 
527487 1475887 0 0.444137 2.00148e-169 3.33069e-120 6.00288e-67 7.3675e-17 38.6346 61.3654 
529487 1475887 0 0.445884 3.96368e-169 5.43772e-120 7.93078e-67 7.96202e-17 38.8039 61.1961 
531487 1475887 0 0.446721 5.48019e-169 6.86058e-120 9.05067e-67 8.26067e-17 38.8845 61.1155 
533487 1475887 0 0.446637 5.28989e-169 6.68913e-120 8.92191e-67 8.22812e-17 38.8763 61.1237 
535487 1475887 0 0.445635 3.56494e-169 5.04014e-120 7.59709e-67 7.86824e-17 38.7791 61.2209 
537487 1475887 0 0.443725 1.67728e-169 2.93478e-120 5.58784e-67 7.22342e-17 38.5932 61.4068 
539487 1475887 0 0.440931 5.50931e-170 1.32055e-120 3.55008e-67 6.3663e-17 38.3193 61.6807 
541487 1475887 0 0.437285 1.26331e-170 4.59166e-121 1.94811e-67 5.3864e-17 37.958 62.042 
543487 1475887 0 0.432829 2.0222e-171 1.23366e-121 9.23327e-68 4.37481e-17 37.5104 62.4896 
545487 1475887 0 0.427614 2.25951e-172 2.56101e-122 3.77953e-68 3.41074e-17 36.9778 63.0222 
547487 1475887 0 0.421697 1.76218e-173 4.10755e-123 1.33608e-68 2.55237e-17 36.3621 63.6379 
549487 1475887 0 0.415143 9.59177e-175 5.08953e-124 4.07859e-69 1.83322e-17 35.6653 64.3347 
551487 1475887 0 0.40802 3.6435e-176 4.87145e-125 1.07506e-69 1.26367e-17 34.89 65.11 
553487 1475887 0 0.400401 9.65759e-178 3.60149e-126 2.4466e-70 8.35911e-18 34.0391 65.9609 
555487 1475887 0 0.39236 1.78608e-179 2.05638e-127 4.80681e-71 5.30591e-18 33.1162 66.8838 
557487 1475887 0 0.383973 2.30446e-181 9.06716e-129 8.15209e-72 3.23141e-18 32.1253 67.8747 
559487 1475887 0 0.375312 2.07405e-183 3.087e-130 1.1933e-72 1.88806e-18 31.071 68.929 
561487 1475887 0 0.366453 1.30195e-185 8.11415e-132 1.50748e-73 1.05823e-18 29.9586 70.0414 
563487 1475887 0 0.357464 5.69957e-188 1.6464e-133 1.64331e-74 5.68916e-19 28.7937 71.2063 
565487 1475887 0 0.348411 1.73981e-190 2.57844e-135 1.54561e-75 2.93337e-19 27.5828 72.4172 
567487 1475887 0 0.339357 3.7027e-193 3.11638e-137 1.25411e-76 1.4504e-19 26.3327 73.6673 
569487 1475887 0 0.330357 5.49328e-196 2.9064e-139 8.77764e-78 6.87653e-20 25.0508 74.9492 
571487 1475887 0 0.321462 5.68047e-199 2.0913e-141 5.29868e-79 3.12579e-20 23.745 76.255 
573487 1475887 0 0.312718 4.09374e-202 1.16085e-143 2.75838e-80 1.36212e-20 22.4234 77.5766 
575487 1475887 0 0.304162 2.05583e-205 4.97032e-146 1.23818e-81 5.68978e-21 21.0943 78.9057 
577487 1475887 0 0.295828 7.19333e-209 1.64129e-148 4.79194e-83 2.27801e-21 19.7663 80.2337 
579487 1475887 0 0.287743 1.75349e-212 4.17958e-151 1.59878e-84 8.74098e-22 18.4478 81.5522 
581487 1475887 0 0.279926 2.97757e-216 8.20695e-154 4.59804e-86 3.21421e-22 17.147 82.853 
583487 1475887 0 0.272393 3.52181e-220 1.24249e-156 1.13979e-87 1.13258e-22 15.8718 84.1282 
585487 1475887 0 0.265155 2.90121e-224 1.4502e-159 2.43507e-89 3.82396e-23 14.6297 85.3703 
587487 1475887 0 0.258217 1.66444e-228 1.30484e-162 4.48336e-91 1.23706e-23 13.4274 86.5726 
589487 1475887 0 0.251582 6.64983e-233 9.0501e-166 7.11334e-93 3.83428e-24 12.2711 87.7289 
591487 1475887 0 0.245246 1.85005e-237 4.83834e-169 9.72528e-95 1.13862e-24 11.1659 88.8341 
593487 1475887 0 0.239205 3.58401e-242 1.99375e-172 1.14571e-96 3.23941e-25 10.1163 89.8837 
595487 1475887 0 0.233451 4.83456e-247 6.33229e-176 1.16299e-98 8.82968e-26 9.12556 90.8744 
597487 1475887 0 0.227974 4.54089e-252 1.55011e-179 1.01719e-100 2.30576e-26 8.19621 91.8038 
599487 1475887 0 0.222763 2.96973e-257 2.92464e-183 7.66563e-103 5.7687e-27 7.32971 92.6703 
601487 1475887 0 0.217805 1.35234e-262 4.25294e-187 4.97754e-105 1.38275e-27 6.52663 93.4734 
603487 1475887 0 0.213086 4.28795e-268 4.76672e-191 2.78488e-107 3.17558e-28 5.78671 94.2133 
605487 1475887 0 0.208592 9.46714e-274 4.11783e-195 1.34254e-109 6.98759e-29 5.10893 94.8911 
607487 1475887 0 0.204308 1.45546e-279 2.74186e-199 5.57686e-112 1.47323e-29 4.49159 95.5084 
609487 1475887 0 0.200222 1.55814e-285 1.40722e-203 1.99618e-114 2.97627e-30 3.93243 96.0676 
611487 1475887 0 0.196317 1.16158e-291 5.56708e-208 6.15703e-117 5.76165e-31 3.42871 96.5713 
613487 1475887 0 0.192582 6.03033e-298 1.6977e-212 1.6365e-119 1.06884e-31 2.97734 97.0227 
615487 1475887 0 0.189003 2.18021e-304 3.99091e-217 3.74842e-122 1.90015e-32 2.575 97.425 
617487 1475887 0 0.185567 5.48951e-311 7.23231e-222 7.39913e-125 3.23736e-33 2.21817 97.7818 
619487 1475887 0 0.182263 9.62588e-318 1.01039e-226 1.25871e-127 5.28615e-34 1.90327 98.0967 
621487 1475887 0 0.179081 0 1.08824e-231 1.84544e-130 8.27276e-35 1.62673 98.3733 
623487 1475887 0 0.176011 0 9.03646e-237 2.33191e-133 1.24091e-35 1.38503 98.615 
625487 1475887 0 0.173043 0 5.78521e-242 2.53967e-136 1.78412e-36 1.17475 98.8252 
627487 1475887 0 0.170169 0 2.85562e-247 2.38399e-139 2.45875e-37 0.99265 99.0073 
629487 1475887 0 0.167382 0 1.08682e-252 1.92889e-142 3.24808e-38 0.835646 99.1644 
433487 1473887 0 0.167665 0 6.20959e-252 5.18658e-142 4.28286e-38 0.854328 99.1457 
435487 1473887 0 0.170518 0 2.0097e-246 7.22036e-139 3.35393e-37 1.01779 98.9822 
437487 1473887 0 0.173466 0 5.01489e-241 8.66362e-136 2.51761e-36 1.20799 98.792 
439487 1473887 0 0.176516 0 9.64804e-236 8.95962e-133 1.81144e-35 1.42832 98.5717 
441487 1473887 0 0.179678 0 1.43103e-230 7.98578e-130 1.24924e-34 1.68237 98.3176 
443487 1473887 0 0.182962 4.66588e-316 1.63636e-225 6.13434e-127 8.25721e-34 1.97395 98.0261 
445487 1473887 0 0.18638 3.55508e-309 1.44248e-220 4.06094e-124 5.23084e-33 2.307 97.693 
447487 1473887 0 0.189944 1.88641e-302 9.80231e-216 2.31674e-121 3.1757e-32 2.68555 97.3145 
449487 1473887 0 0.193668 6.97068e-296 5.1347e-211 1.13895e-118 1.84764e-31 3.11367 96.8863 
451487 1473887 0 0.197567 1.79371e-289 2.07326e-206 4.82498e-116 1.03012e-30 3.59535 96.4047 
453487 1473887 0 0.201655 3.21402e-283 6.45247e-202 1.76128e-113 5.5033e-30 4.13444 95.8656 
455487 1473887 0 0.205949 4.01002e-277 1.54781e-197 5.53977e-111 2.81714e-29 4.73453 95.2655 
457487 1473887 0 0.210467 3.48364e-271 2.8616e-193 1.5013e-108 1.38172e-28 5.39881 94.6012 
459487 1473887 0 0.215226 2.10713e-265 4.07746e-189 3.50547e-106 6.49296e-28 6.13 93.87 
461487 1473887 0 0.220244 8.87383e-260 4.47761e-185 7.05203e-104 2.92317e-27 6.93017 93.0698 
463487 1473887 0 0.225539 2.60184e-254 3.78938e-181 1.22226e-101 1.26079e-26 7.80065 92.1994 
465487 1473887 0 0.23113 5.31122e-249 2.47144e-177 1.82509e-99 5.20944e-26 8.7419 91.2581 
467487 1473887 0 0.237034 7.54827e-244 1.24219e-173 2.3479e-97 2.06202e-25 9.75345 90.2465 
469487 1473887 0 0.243267 7.46865e-239 4.81151e-170 2.60223e-95 7.81879e-25 10.8338 89.1662 
471487 1473887 0 0.249844 5.14497e-234 1.43628e-166 2.4848e-93 2.84008e-24 11.9803 88.0197 
473487 1473887 0 0.256777 2.46763e-229 3.30421e-163 2.04421e-91 9.88249e-24 13.1893 86.8107 
475487 1473887 0 0.264078 8.24045e-225 5.8585e-160 1.44899e-89 3.29424e-23 14.456 85.544 
477487 1473887 0 0.271752 1.91609e-220 8.00599e-157 8.84971e-88 1.05199e-22 15.7746 84.2254 
479487 1473887 0 0.279803 3.10242e-216 8.43299e-154 4.65741e-86 3.21846e-22 17.1384 82.8616 
481487 1473887 0 0.288229 3.49815e-212 6.84727e-151 2.11223e-84 9.43393e-22 18.5397 81.4603 
483487 1473887 0 0.297025 2.74706e-208 4.2861e-148 8.25579e-83 2.64954e-21 19.9703 80.0297 
485487 1473887 0 0.306176 1.50256e-204 2.06851e-145 2.78122e-81 7.1304e-21 21.4214 78.5786 
487487 1473887 0 0.315667 5.72503e-201 7.69754e-143 8.07644e-80 1.83891e-20 22.8838 77.1162 
489487 1473887 0 0.325469 1.5197e-197 2.20901e-140 2.0219e-78 4.54521e-20 24.3482 75.6518 
491487 1473887 0 0.335553 2.8108e-194 4.88936e-138 4.36425e-77 1.0768e-19 25.8053 74.1947 
493487 1473887 0 0.345876 3.62287e-191 8.34782e-136 8.12318e-76 2.44543e-19 27.2459 72.7541 
495487 1473887 0 0.356393 3.25451e-188 1.09957e-133 1.30397e-74 5.3243e-19 28.661 71.339 
497487 1473887 0 0.367048 2.03795e-185 1.11754e-131 1.80547e-73 1.1115e-18 30.0424 69.9576 
499487 1473887 0 0.377778 8.89692e-183 8.76511e-130 2.15654e-72 2.22507e-18 31.3819 68.6181 
501487 1473887 0 0.388514 2.70826e-180 5.30606e-128 2.22245e-71 4.27194e-18 32.6723 67.3277 
503487 1473887 0 0.399181 5.7492e-178 2.47953e-126 1.97637e-70 7.86687e-18 33.907 66.093 
505487 1473887 0 0.409696 8.51245e-176 8.94564e-125 1.5168e-69 1.38972e-17 35.0798 64.9202 
507487 1473887 0 0.419975 8.7921e-174 2.49207e-123 1.00477e-68 2.35532e-17 36.1856 63.8144 
509487 1473887 0 0.429926 6.33549e-172 5.36131e-122 5.74568e-68 3.83017e-17 37.2195 62.7805 
511487 1473887 0 0.43946 3.18547e-170 8.90845e-121 2.83661e-67 5.97691e-17 38.1777 61.8223 
513487 1473887 0 0.448483 1.1177e-168 1.14341e-119 1.20918e-66 8.95097e-17 39.0565 60.9435 
515487 1473887 0 0.456905 2.73704e-167 1.13377e-118 4.45104e-66 1.28658e-16 39.8533 60.1467 
517487 1473887 0 0.464637 4.67832e-166 8.68577e-118 1.41498e-65 1.77506e-16 40.5655 59.4345 
519487 1473887 0 0.471596 5.582e-165 5.14157e-117 3.88503e-65 2.35088e-16 41.1911 58.8089 
521487 1473887 0 0.477703 4.64961e-164 2.35191e-116 9.21353e-65 2.98896e-16 41.7287 58.2713 
523487 1473887 0 0.482889 2.70397e-163 8.31408e-116 1.88744e-64 3.64842e-16 42.1769 57.8231 
525487 1473887 0 0.487094 1.09792e-162 2.27144e-115 3.34011e-64 4.27568e-16 42.5348 57.4652 
527487 1473887 0 0.490266 3.11275e-162 4.79628e-115 5.1063e-64 4.81105e-16 42.8017 57.1983 
529487 1473887 0 0.492369 6.16222e-162 7.82774e-115 6.7441e-64 5.1978e-16 42.977 57.023 
531487 1473887 0 0.493376 8.51846e-162 9.87434e-115 7.69525e-64 5.39204e-16 43.0604 56.9396 
533487 1473887 0 0.493275 8.2228e-162 9.62773e-115 7.58589e-64 5.37086e-16 43.0519 56.9481 
535487 1473887 0 0.492068 5.5426e-162 7.25578e-115 6.46064e-64 5.13679e-16 42.9513 57.0487 
537487 1473887 0 0.489769 2.60877e-162 4.22652e-115 4.75362e-64 4.71729e-16 42.7589 57.2411 
539487 1473887 0 0.486406 8.57384e-163 1.90287e-115 3.02165e-64 4.15945e-16 42.475 57.525 
541487 1473887 0 0.48202 1.96751e-163 6.62133e-116 1.65927e-64 3.52136e-16 42.1002 57.8998 
543487 1473887 0 0.476662 3.15236e-164 1.78062e-116 7.87094e-65 2.86219e-16 41.6353 58.3647 
545487 1473887 0 0.470395 3.52622e-165 3.70051e-117 3.22512e-65 2.23345e-16 41.0812 58.9188 
547487 1473887 0 0.463291 2.75361e-166 5.9427e-118 1.14143e-65 1.6731e-16 40.4392 59.5608 
549487 1473887 0 0.455428 1.501e-167 7.37397e-119 3.48899e-66 1.2031e-16 39.7111 60.2889 
551487 1473887 0 0.446891 5.71086e-169 7.06926e-120 9.21008e-67 8.30399e-17 38.8989 61.1011 
553487 1473887 0 0.43777 1.51642e-170 5.23549e-121 2.09941e-67 5.50094e-17 38.005 61.995 
555487 1473887 0 0.428155 2.80988e-172 2.99504e-122 4.13194e-68 3.49715e-17 37.0325 62.9675 
557487 1473887 0 0.418138 3.63287e-174 1.32329e-123 7.02082e-69 2.13341e-17 35.9849 64.0151 
559487 1473887 0 0.407812 3.27681e-176 4.51506e-125 1.02978e-69 1.24873e-17 34.8663 65.1337 
561487 1473887 0 0.397264 2.06173e-178 1.1895e-126 1.30368e-70 7.01222e-18 33.6815 66.3185 
563487 1473887 0 0.386581 9.04757e-181 2.41936e-128 1.42433e-71 3.77728e-18 32.436 67.564 
565487 1473887 0 0.375842 2.76877e-183 3.79846e-130 1.34277e-72 1.95159e-18 31.136 68.864 
567487 1473887 0 0.365123 5.9079e-186 4.60279e-132 1.09217e-73 9.67017e-19 29.7881 70.2119 
569487 1473887 0 0.354491 8.78832e-189 4.30406e-134 7.66315e-75 4.59474e-19 28.3999 71.6001 
571487 1473887 0 0.344008 9.11259e-192 3.10538e-136 4.63766e-76 2.09323e-19 26.9794 73.0206 
573487 1473887 0 0.333727 6.58534e-195 1.72849e-138 2.42049e-77 9.14218e-20 25.5351 74.4649 
575487 1473887 0 0.323694 3.31629e-198 7.42124e-141 1.08934e-78 3.82747e-20 24.076 75.924 
577487 1473887 0 0.313948 1.16361e-201 2.45744e-143 4.22692e-80 1.53587e-20 22.6113 77.3887 
579487 1473887 0 0.304519 2.84438e-205 6.27523e-146 1.41394e-81 5.90657e-21 21.1503 78.8497 
581487 1473887 0 0.295433 4.84329e-209 1.23557e-148 4.07695e-83 2.17677e-21 19.7023 80.2977 
583487 1473887 0 0.286706 5.74406e-213 1.87563e-151 1.01319e-84 7.68687e-22 18.2766 81.7234 
585487 1473887 0 0.27835 4.74441e-217 2.19497e-154 2.17001e-86 2.60085e-22 16.8817 83.1183 
587487 1473887 0 0.270369 2.72892e-221 1.98004e-157 4.00505e-88 8.43105e-23 15.5258 84.4742 
589487 1473887 0 0.262765 1.09299e-225 1.37673e-160 6.36941e-90 2.61835e-23 14.2164 85.7836 
591487 1473887 0 0.255533 3.04811e-230 7.37789e-164 8.72794e-92 7.78999e-24 12.96 87.04 
593487 1473887 0 0.248667 5.91854e-235 3.0472e-167 1.03045e-93 2.22023e-24 11.7624 88.2376 
595487 1473887 0 0.242155 8.00116e-240 9.69927e-171 1.04816e-95 6.06183e-25 10.6279 89.3721 
597487 1473887 0 0.235985 7.53073e-245 2.37925e-174 9.18551e-98 1.58545e-25 9.56025 90.4398 
599487 1473887 0 0.23014 4.93471e-250 4.49775e-178 6.93511e-100 3.97237e-26 8.5617 91.4383 
601487 1473887 0 0.224605 2.25126e-255 6.55252e-182 4.51103e-102 9.53455e-27 7.63361 92.3664 
603487 1473887 0 0.219362 7.15049e-261 7.35667e-186 2.52797e-104 2.19237e-27 6.77628 93.2237 
605487 1473887 0 0.214394 1.58124e-266 6.36535e-190 1.22054e-106 4.82955e-28 5.98907 94.0109 
607487 1473887 0 0.209681 2.43457e-272 4.24464e-194 5.07719e-109 1.01928e-28 5.2705 94.7295 
609487 1473887 0 0.205206 2.60989e-278 2.18147e-198 1.81969e-111 2.06107e-29 4.61837 95.3816 
611487 1473887 0 0.200951 1.9481e-284 8.64099e-203 5.61939e-114 3.99321e-30 4.02988 95.9701 
613487 1473887 0 0.196899 1.01253e-290 2.63814e-207 1.49525e-116 7.41318e-31 3.50174 96.4983 
615487 1473887 0 0.193034 3.66459e-297 6.20828e-212 3.42834e-119 1.31874e-31 3.0303 96.9697 
617487 1473887 0 0.189341 9.23599e-304 1.12616e-216 6.77359e-122 2.24806e-32 2.6117 97.3883 
619487 1473887 0 0.185805 1.62106e-310 1.5747e-221 1.15328e-124 3.67258e-33 2.2419 97.7581 
621487 1473887 0 0.182412 1.98155e-317 1.69741e-226 1.69217e-127 5.75001e-34 1.91686 98.0831 
623487 1473887 0 0.179151 0 1.41053e-231 2.13976e-130 8.62817e-35 1.63254 98.3675 
625487 1473887 0 0.176011 0 9.03646e-237 2.33191e-133 1.24091e-35 1.38503 98.615 
627487 1473887 0 0.17298 0 4.46324e-242 2.19028e-136 1.7106e-36 1.17056 98.8294 
629487 1473887 0 0.17005 0 1.69962e-247 1.77312e-139 2.26028e-37 0.985571 99.0144 
433487 1471887 0 0.170289 0 7.49129e-247 4.11152e-139 2.85748e-37 1.00399 98.996 
435487 1471887 0 0.173287 0 2.42313e-241 5.72059e-136 2.23718e-36 1.1959 98.8041 
437487 1471887 0 0.176394 0 6.04273e-236 6.85992e-133 1.67887e-35 1.4191 98.5809 
439487 1471887 0 0.179619 0 1.16175e-230 7.08962e-130 1.20756e-34 1.67749 98.3225 
441487 1471887 0 0.182975 5.00916e-316 1.72184e-225 6.31447e-127 8.32463e-34 1.97525 98.0248 
443487 1471887 0 0.186474 5.47559e-309 1.96726e-220 4.84667e-124 5.49998e-33 2.31671 97.6833 
445487 1471887 0 0.190131 4.16821e-302 1.7326e-215 3.20571e-121 3.48239e-32 2.70638 97.2936 
447487 1471887 0 0.19396 2.20954e-295 1.1762e-210 1.8271e-118 2.11295e-31 3.1488 96.8512 
449487 1471887 0 0.19798 8.15579e-289 6.15451e-206 8.97303e-116 1.22851e-30 3.64853 96.3515 
451487 1471887 0 0.202207 2.09615e-282 2.48206e-201 3.79694e-113 6.84408e-30 4.20997 95.79 
453487 1471887 0 0.20666 3.75104e-276 7.71469e-197 1.38429e-110 3.65325e-29 4.83732 95.1627 
455487 1471887 0 0.211362 4.6734e-270 1.84796e-192 4.34814e-108 1.8683e-28 5.53436 94.4656 
457487 1471887 0 0.216332 4.05368e-264 3.41126e-188 1.17664e-105 9.15362e-28 6.30438 93.6956 
459487 1471887 0 0.221593 2.44784e-258 4.85258e-184 2.74306e-103 4.29634e-27 7.15003 92.85 
461487 1471887 0 0.227168 1.02901e-252 5.31924e-180 5.50888e-101 1.93172e-26 8.07311 91.9269 
463487 1471887 0 0.233079 3.0113e-247 4.49299e-176 9.53055e-99 8.31978e-26 9.07452 90.9255 
465487 1471887 0 0.239349 6.1344e-242 2.92431e-172 1.42034e-96 3.43233e-25 10.1541 89.8459 
467487 1471887 0 0.246001 8.69909e-237 1.4666e-168 1.82343e-94 1.35633e-24 11.3105 88.6895 
469487 1471887 0 0.253056 8.58741e-232 5.66765e-165 2.01653e-92 5.13377e-24 12.5412 87.4588 
471487 1471887 0 0.260532 5.90126e-227 1.68773e-161 1.9211e-90 1.86123e-23 13.8424 86.1576 
473487 1471887 0 0.268446 2.82315e-222 3.87283e-158 1.57667e-88 6.46347e-23 15.2091 84.7909 
475487 1471887 0 0.276812 9.40267e-218 6.84854e-155 1.11479e-86 2.15001e-22 16.635 83.365 
477487 1471887 0 0.285641 2.18033e-213 9.33336e-152 6.79098e-85 6.85081e-22 18.1129 81.8871 
479487 1471887 0 0.294936 3.52029e-209 9.80349e-149 3.56445e-83 2.09119e-21 19.6344 80.3656 
481487 1471887 0 0.304699 3.95785e-205 7.93717e-146 1.61217e-81 6.11539e-21 21.1905 78.8095 
483487 1471887 0 0.314923 3.09892e-201 4.9538e-143 6.28392e-80 1.71343e-20 22.7715 77.2285 
485487 1471887 0 0.325594 1.68998e-197 2.38368e-140 2.11105e-78 4.60003e-20 24.3673 75.6327 
487487 1471887 0 0.336692 6.41991e-194 8.84405e-138 6.11321e-77 1.18345e-19 25.9676 74.0324 
489487 1471887 0 0.348188 1.69907e-190 2.53051e-135 1.52616e-75 2.918e-19 27.5622 72.4378 
491487 1471887 0 0.360043 3.13324e-187 5.58446e-133 3.28511e-74 6.8963e-19 29.1409 70.8591 
493487 1471887 0 0.372211 4.02662e-184 9.50688e-131 6.09796e-73 1.56242e-18 30.6941 69.3059 
495487 1471887 0 0.384635 3.60682e-181 1.24867e-128 9.76264e-72 3.39378e-18 32.2125 67.7875 
497487 1471887 0 0.397248 2.25223e-178 1.26555e-126 1.34823e-70 7.06863e-18 33.6876 66.3124 
499487 1471887 0 0.409977 9.80565e-176 9.89926e-125 1.60636e-69 1.41192e-17 35.1115 64.8885 
501487 1471887 0 0.422737 2.97706e-173 5.97709e-123 1.65146e-68 2.70497e-17 36.4771 63.5229 
503487 1471887 0 0.435436 6.30396e-171 2.78618e-121 1.46523e-67 4.97113e-17 37.7781 62.2219 
505487 1471887 0 0.447976 9.3116e-169 1.00283e-119 1.12207e-66 8.76476e-17 39.009 60.991 
507487 1471887 0 0.460251 9.59588e-167 2.78746e-118 7.41766e-66 1.48276e-16 40.1649 59.8351 
509487 1471887 0 0.472152 6.90013e-165 5.98436e-117 4.23358e-65 2.40714e-16 41.2419 58.7581 
511487 1471887 0 0.483568 3.46259e-163 9.92457e-116 2.08639e-64 3.75039e-16 42.2366 57.7634 
513487 1471887 0 0.494385 1.21275e-161 1.27158e-114 8.87935e-64 5.60845e-16 43.1462 56.8538 
