#EAST NORTH ELEV Kg/m^2 [-6->-4) [-4->-2) [-2->0) [0->2) [2->4) [4->6) (percent)
433487 1479887 0 0.20028 0 0 5.61506e-259 1.38124e-70 0.000199821 99.9998 
435487 1479887 0 0.203512 0 0 1.23923e-253 4.39195e-69 0.000278634 99.9997 
437487 1479887 0 0.206786 0 0 2.12596e-248 1.30098e-67 0.000385946 99.9996 
439487 1479887 0 0.210099 0 0 2.83509e-243 3.59017e-66 0.000531031 99.9995 
441487 1479887 0 0.213452 0 0 2.93894e-238 9.22982e-65 0.000725791 99.9993 
443487 1479887 0 0.216842 0 0 2.36825e-233 2.21059e-63 0.00098537 99.999 
445487 1479887 0 0.220268 0 0 1.48348e-228 4.93248e-62 0.00132887 99.9987 
447487 1479887 0 0.223729 0 0 7.22368e-224 1.02534e-60 0.00178016 99.9982 
449487 1479887 0 0.227223 0 0 2.73438e-219 1.98571e-59 0.00236881 99.9976 
451487 1479887 0 0.230748 0 0 8.04611e-215 3.58276e-58 0.00313105 99.9969 
453487 1479887 0 0.234301 0 0 1.84054e-210 6.02246e-57 0.00411092 99.9959 
455487 1479887 0 0.237879 0 0 3.27295e-206 9.43167e-56 0.00536135 99.9946 
457487 1479887 0 0.241482 0 0 4.52453e-202 1.37614e-54 0.00694535 99.9931 
459487 1479887 0 0.245104 0 0 4.8624e-198 1.8707e-53 0.00893708 99.9911 
461487 1479887 0 0.248744 0 0 4.06235e-194 2.36924e-52 0.0114229 99.9886 
463487 1479887 0 0.252397 0 0 2.63849e-190 2.79567e-51 0.0145023 99.9855 
465487 1479887 0 0.256061 0 0 1.33227e-186 3.0735e-50 0.0182881 99.9817 
467487 1479887 0 0.259731 0 0 5.22985e-183 3.14814e-49 0.0229072 99.9771 
469487 1479887 0 0.263402 0 0 1.59608e-179 3.00435e-48 0.0285 99.9715 
471487 1479887 0 0.267071 0 0 3.78697e-176 2.67131e-47 0.0352194 99.9648 
473487 1479887 0 0.270733 0 0 6.98565e-173 2.21297e-46 0.0432295 99.9568 
475487 1479887 0 0.274382 0 4.58893e-317 1.00186e-169 1.70808e-45 0.0527033 99.9473 
477487 1479887 0 0.278014 0 1.96979e-311 1.1171e-166 1.22835e-44 0.0638188 99.9362 
479487 1479887 0 0.281622 0 5.31106e-306 9.68439e-164 8.23032e-44 0.0767557 99.9232 
481487 1479887 0 0.285201 0 8.9945e-301 6.5276e-161 5.138e-43 0.0916895 99.9083 
483487 1479887 0 0.288744 0 9.56783e-296 3.4209e-158 2.9885e-42 0.108786 99.8912 
485487 1479887 0 0.292246 0 6.39287e-291 1.39393e-155 1.61956e-41 0.128193 99.8718 
487487 1479887 0 0.295698 0 2.68307e-286 4.41629e-153 8.17754e-41 0.150034 99.85 
489487 1479887 0 0.299094 0 7.07337e-282 1.08793e-150 3.84709e-40 0.174401 99.8256 
491487 1479887 0 0.302427 0 1.17135e-277 2.08389e-148 1.68627e-39 0.201344 99.7987 
493487 1479887 0 0.305687 0 1.21849e-273 3.10377e-146 6.88657e-39 0.230862 99.7691 
495487 1479887 0 0.308867 0 7.96226e-270 3.5946e-144 2.62038e-38 0.262898 99.7371 
497487 1479887 0 0.311959 0 3.26843e-266 3.23716e-142 9.28991e-38 0.297334 99.7027 
499487 1479887 0 0.314952 0 8.42827e-263 2.26693e-140 3.06862e-37 0.333978 99.666 
501487 1479887 0 0.317839 0 1.36534e-259 1.23447e-138 9.44411e-37 0.372568 99.6274 
503487 1479887 0 0.320609 0 1.38949e-256 5.2276e-137 2.70811e-36 0.41277 99.5872 
505487 1479887 0 0.323253 0 8.88365e-254 1.7215e-135 7.23536e-36 0.454175 99.5458 
507487 1479887 0 0.325761 0 3.56826e-251 4.40865e-134 1.80112e-35 0.496307 99.5037 
509487 1479887 0 0.328123 0 9.00447e-249 8.78021e-133 4.17752e-35 0.538627 99.4614 
511487 1479887 0 0.330329 0 1.4276e-246 1.35992e-131 9.02791e-35 0.580547 99.4195 
513487 1479887 0 0.33237 0 1.42202e-244 1.63809e-130 1.81782e-34 0.621439 99.3786 
515487 1479887 0 0.334235 0 8.89961e-243 1.53457e-129 3.41046e-34 0.66065 99.3394 
517487 1479887 0 0.335917 0 3.49949e-241 1.11807e-128 5.96177e-34 0.697521 99.3025 
519487 1479887 0 0.337407 0 8.64598e-240 6.33559e-128 9.71044e-34 0.731402 99.2686 
521487 1479887 0 0.338696 0 1.34217e-238 2.79223e-127 1.47369e-33 0.761676 99.2383 
523487 1479887 0 0.339779 0 1.30915e-237 9.57117e-127 2.08392e-33 0.787772 99.2122 
525487 1479887 0 0.340649 0 8.02357e-237 2.55173e-126 2.74576e-33 0.809183 99.1908 
527487 1479887 0 0.3413 0 3.08989e-236 5.29129e-126 3.37096e-33 0.825488 99.1745 
529487 1479887 0 0.341731 0 7.47688e-236 8.53397e-126 3.85616e-33 0.83636 99.1636 
531487 1479887 0 0.341937 0 1.13684e-235 1.07054e-125 4.11025e-33 0.841577 99.1584 
533487 1479887 0 0.341918 0 1.08614e-235 1.04453e-125 4.08218e-33 0.841034 99.159 
535487 1479887 0 0.341673 0 6.52043e-236 7.92693e-126 3.7777e-33 0.834742 99.1653 
537487 1479887 0 0.341205 0 2.45963e-236 4.67897e-126 3.25743e-33 0.822829 99.1772 
539487 1479887 0 0.340516 0 5.82994e-237 2.14812e-126 2.61717e-33 0.805536 99.1945 
541487 1479887 0 0.33961 0 8.68273e-238 7.67049e-127 1.95928e-33 0.783209 99.2168 
543487 1479887 0 0.338492 0 8.12534e-239 2.13031e-127 1.36669e-33 0.756288 99.2437 
545487 1479887 0 0.337169 0 4.77766e-240 4.60162e-128 8.88281e-34 0.72529 99.2747 
547487 1479887 0 0.335646 0 1.76511e-241 7.73078e-129 5.3794e-34 0.690799 99.3092 
549487 1479887 0 0.333933 0 4.09735e-243 1.01012e-129 3.03542e-34 0.653438 99.3466 
551487 1479887 0 0.332037 0 5.97589e-245 1.02648e-130 1.59589e-34 0.613861 99.3861 
553487 1479887 0 0.329968 0 5.476e-247 8.11251e-132 7.8178e-35 0.572727 99.4273 
555487 1479887 0 0.327736 0 3.15265e-249 4.98624e-133 3.5683e-35 0.530685 99.4693 
557487 1479887 0 0.325349 0 1.14034e-251 2.38341e-134 1.51751e-35 0.488357 99.5116 
559487 1479887 0 0.322818 0 2.59135e-254 8.8598e-136 6.01303e-36 0.446323 99.5537 
561487 1479887 0 0.320153 0 3.69953e-257 2.56118e-137 2.21996e-36 0.40511 99.5949 
563487 1479887 0 0.317363 0 3.31808e-260 5.75759e-139 7.63633e-37 0.365183 99.6348 
565487 1479887 0 0.314458 0 1.86955e-263 1.0065e-140 2.44744e-37 0.326935 99.6731 
567487 1479887 0 0.311448 0 6.61743e-267 1.36823e-142 7.30843e-38 0.290688 99.7093 
569487 1479887 0 0.308342 0 1.47142e-270 1.44631e-144 2.0334e-38 0.256692 99.7433 
571487 1479887 0 0.305149 0 2.05528e-274 1.18882e-146 5.27115e-39 0.225122 99.7749 
573487 1479887 0 0.301877 0 1.80336e-278 7.59827e-149 1.27313e-39 0.196085 99.8039 
575487 1479887 0 0.298534 0 9.93958e-283 3.77617e-151 2.865e-40 0.169629 99.8304 
577487 1479887 0 0.295129 0 3.44127e-287 1.45922e-153 6.00702e-41 0.145742 99.8543 
579487 1479887 0 0.291669 0 7.48387e-292 4.38442e-156 1.17349e-41 0.124365 99.8756 
581487 1479887 0 0.288161 0 1.02232e-296 1.02429e-158 2.13589e-42 0.105403 99.8946 
583487 1479887 0 0.284612 0 8.77186e-302 1.86055e-161 3.62214e-43 0.0887251 99.9113 
585487 1479887 0 0.281028 0 4.72755e-307 2.62765e-164 5.72312e-44 0.0741795 99.9258 
587487 1479887 0 0.277417 0 1.60035e-312 2.88531e-167 8.42526e-45 0.0615983 99.9384 
589487 1479887 0 0.273783 0 3.4051e-318 2.46326e-170 1.15562e-45 0.0508049 99.9492 
591487 1479887 0 0.270132 0 0 1.63499e-173 1.47682e-46 0.0416195 99.9584 
593487 1479887 0 0.26647 0 0 8.43728e-177 1.75841e-47 0.0338648 99.9661 
595487 1479887 0 0.262801 0 0 3.38506e-180 1.9507e-48 0.0273691 99.9726 
597487 1479887 0 0.25913 0 0 1.05585e-183 2.01622e-49 0.0219705 99.978 
599487 1479887 0 0.255462 0 0 2.56038e-187 1.94161e-50 0.0175181 99.9825 
601487 1479887 0 0.251801 0 0 4.82688e-191 1.74204e-51 0.0138742 99.9861 
603487 1479887 0 0.248151 0 0 7.07435e-195 1.45622e-52 0.0109144 99.9891 
605487 1479887 0 0.244515 0 0 8.06043e-199 1.13413e-53 0.0085285 99.9915 
607487 1479887 0 0.240896 0 0 7.13965e-203 8.22938e-55 0.0066195 99.9934 
609487 1479887 0 0.237298 0 0 4.9163e-207 5.56332e-56 0.0051034 99.9949 
611487 1479887 0 0.233724 0 0 2.63172e-211 3.50398e-57 0.00390822 99.9961 
613487 1479887 0 0.230177 0 0 1.09515e-215 2.05611e-58 0.00297294 99.997 
615487 1479887 0 0.226658 0 0 3.54275e-220 1.12405e-59 0.00224637 99.9978 
617487 1479887 0 0.22317 0 0 8.90911e-225 5.72502e-61 0.00168604 99.9983 
619487 1479887 0 0.219716 0 0 1.74161e-229 2.71653e-62 0.00125704 99.9987 
621487 1479887 0 0.216296 0 0 2.6466e-234 1.20087e-63 0.000930939 99.9991 
623487 1479887 0 0.212913 0 0 3.12638e-239 4.94561e-65 0.000684842 99.9993 
625487 1479887 0 0.209567 0 0 2.87084e-244 1.89749e-66 0.000500446 99.9995 
627487 1479887 0 0.206261 0 0 2.04922e-249 6.78223e-68 0.000363264 99.9996 
629487 1479887 0 0.202995 0 0 1.13704e-254 2.25837e-69 0.000261931 99.9997 
433487 1477887 0 0.203456 0 0 1.0122e-253 4.14851e-69 0.000277098 99.9997 
435487 1477887 0 0.206797 0 0 2.23328e-248 1.31895e-67 0.000386439 99.9996 
437487 1477887 0 0.210183 0 0 3.83023e-243 3.90652e-66 0.00053534 99.9995 
439487 1477887 0 0.213612 0 0 5.10636e-238 1.07792e-64 0.000736679 99.9993 
441487 1477887 0 0.217085 0 0 5.29184e-233 2.77087e-63 0.00100699 99.999 
443487 1477887 0 0.220599 0 0 4.26298e-228 6.63568e-62 0.00136733 99.9986 
445487 1477887 0 0.224153 0 0 2.66954e-223 1.48047e-60 0.00184423 99.9982 
447487 1477887 0 0.227746 0 0 1.2995e-218 3.07722e-59 0.00247089 99.9975 
449487 1477887 0 0.231376 0 0 4.91744e-214 5.95893e-58 0.0032884 99.9967 
451487 1477887 0 0.235041 0 0 1.44653e-209 1.07506e-56 0.00434717 99.9957 
453487 1477887 0 0.238739 0 0 3.30783e-205 1.80698e-55 0.00570844 99.9943 
455487 1477887 0 0.242467 0 0 5.8802e-201 2.82965e-54 0.00744588 99.9926 
457487 1477887 0 0.246223 0 0 8.12604e-197 4.12836e-53 0.00964716 99.9904 
459487 1477887 0 0.250003 0 0 8.72986e-193 5.61161e-52 0.0124155 99.9876 
461487 1477887 0 0.253805 0 0 7.29089e-189 7.10667e-51 0.0158712 99.9841 
463487 1477887 0 0.257626 0 0 4.73375e-185 8.38524e-50 0.0201526 99.9798 
465487 1477887 0 0.261461 0 0 2.38937e-181 9.21803e-49 0.0254172 99.9746 
467487 1477887 0 0.265306 0 0 9.37611e-178 9.44138e-48 0.0318415 99.9682 
469487 1477887 0 0.269158 0 0 2.8604e-174 9.00969e-47 0.0396212 99.9604 
471487 1477887 0 0.273012 0 3.16696e-319 6.78422e-171 8.01055e-46 0.0489693 99.951 
473487 1477887 0 0.276863 0 3.44353e-313 1.25098e-167 6.6358e-45 0.0601146 99.9399 
475487 1477887 0 0.280707 0 2.35256e-307 1.7934e-164 5.12159e-44 0.073298 99.9267 
477487 1477887 0 0.284537 0 1.00948e-301 1.99891e-161 3.68295e-43 0.0887678 99.9112 
479487 1477887 0 0.288348 0 2.72071e-296 1.73221e-158 2.46757e-42 0.106774 99.8932 
481487 1477887 0 0.292134 0 4.60571e-291 1.16709e-155 1.54036e-41 0.127562 99.8724 
483487 1477887 0 0.295889 0 4.89721e-286 6.11384e-153 8.95897e-41 0.151361 99.8486 
485487 1477887 0 0.299606 0 3.27073e-281 2.49019e-150 4.85483e-40 0.178379 99.8216 
487487 1477887 0 0.303278 0 1.37212e-276 7.8862e-148 2.45116e-39 0.208786 99.7912 
489487 1477887 0 0.306896 0 3.61572e-272 1.9419e-145 1.15305e-38 0.24271 99.7573 
491487 1477887 0 0.310454 0 5.98497e-268 3.71806e-143 5.05369e-38 0.280219 99.7198 
493487 1477887 0 0.313942 0 6.22302e-264 5.53532e-141 2.06371e-37 0.321311 99.6787 
495487 1477887 0 0.317351 0 4.06462e-260 6.4079e-139 7.85181e-37 0.365907 99.6341 
497487 1477887 0 0.320672 0 1.66773e-256 5.76822e-137 2.78338e-36 0.413838 99.5862 
499487 1477887 0 0.323896 0 4.29862e-253 4.03766e-135 9.19301e-36 0.464838 99.5352 
501487 1477887 0 0.327011 0 6.96045e-250 2.1978e-133 2.82896e-35 0.51854 99.4815 
503487 1477887 0 0.330008 0 7.08044e-247 9.30307e-132 8.1111e-35 0.574475 99.4255 
505487 1477887 0 0.332874 0 4.52488e-244 3.06233e-130 2.1668e-34 0.632074 99.3679 
507487 1477887 0 0.335598 0 1.81672e-241 7.83929e-129 5.39322e-34 0.690674 99.3093 
509487 1477887 0 0.33817 0 4.58259e-239 1.56066e-127 1.25074e-33 0.749524 99.2505 
511487 1477887 0 0.340577 0 7.26255e-237 2.41632e-126 2.70259e-33 0.807806 99.1922 
513487 1477887 0 0.342808 0 7.23153e-235 2.90957e-125 5.44114e-33 0.864647 99.1354 
515487 1477887 0 0.344851 0 4.52422e-233 2.72481e-124 1.0207e-32 0.919139 99.0809 
517487 1477887 0 0.346696 0 1.77844e-231 1.98467e-123 1.78407e-32 0.970369 99.0296 
519487 1477887 0 0.348333 0 4.39264e-230 1.12432e-122 2.90555e-32 1.01744 98.9826 
521487 1477887 0 0.349752 0 6.81726e-229 4.95395e-122 4.40915e-32 1.05949 98.9405 
523487 1477887 0 0.350945 0 6.64814e-228 1.69777e-121 6.23438e-32 1.09572 98.9043 
525487 1477887 0 0.351904 0 4.07383e-227 4.52561e-121 8.21383e-32 1.12546 98.8745 
527487 1477887 0 0.352623 0 1.56863e-226 9.3832e-121 1.00836e-31 1.14809 98.8519 
529487 1477887 0 0.353098 0 3.79543e-226 1.51323e-120 1.15346e-31 1.16319 98.8368 
531487 1477887 0 0.353326 0 5.77063e-226 1.8982e-120 1.22944e-31 1.17043 98.8296 
533487 1477887 0 0.353305 0 5.51329e-226 1.85209e-120 1.22104e-31 1.16967 98.8303 
535487 1477887 0 0.353035 0 3.30996e-226 1.40561e-120 1.12999e-31 1.16094 98.8391 
537487 1477887 0 0.352518 0 1.2487e-226 8.29752e-121 9.74402e-32 1.1444 98.8556 
539487 1477887 0 0.351757 0 2.96013e-227 3.80989e-121 7.82923e-32 1.12039 98.8796 
541487 1477887 0 0.350758 0 4.40942e-228 1.36067e-121 5.86159e-32 1.08939 98.9106 
543487 1477887 0 0.349526 0 4.12727e-229 3.77973e-122 4.08908e-32 1.052 98.948 
545487 1477887 0 0.34807 0 2.42744e-230 8.16647e-123 2.65796e-32 1.00895 98.9911 
547487 1477887 0 0.346397 0 8.97079e-232 1.37235e-123 1.60982e-32 0.961028 99.039 
549487 1477887 0 0.344518 0 2.08306e-233 1.79369e-124 9.08475e-33 0.909116 99.0909 
551487 1477887 0 0.342442 0 3.03917e-235 1.82335e-125 4.77695e-33 0.854112 99.1459 
553487 1477887 0 0.340181 0 2.78598e-237 1.44154e-126 2.34038e-33 0.796933 99.2031 
555487 1477887 0 0.337746 0 1.60458e-239 8.86352e-128 1.06836e-33 0.738479 99.2615 
557487 1477887 0 0.335148 0 5.80628e-242 4.23839e-129 4.54407e-34 0.679616 99.3204 
559487 1477887 0 0.332399 0 1.32001e-244 1.57616e-130 1.80078e-34 0.62115 99.3788 
561487 1477887 0 0.329511 0 1.88532e-247 4.55824e-132 6.64915e-35 0.563816 99.4362 
563487 1477887 0 0.326495 0 1.69168e-250 1.02513e-133 2.28748e-35 0.508261 99.4917 
565487 1477887 0 0.323361 0 9.53593e-254 1.79284e-135 7.33217e-36 0.455034 99.545 
567487 1477887 0 0.320121 0 3.37685e-257 2.43821e-137 2.18974e-36 0.404587 99.5954 
569487 1477887 0 0.316785 0 7.512e-261 2.57846e-139 6.09302e-37 0.357267 99.6427 
571487 1477887 0 0.313363 0 1.04975e-264 2.12033e-141 1.57963e-37 0.313319 99.6867 
573487 1477887 0 0.309864 0 9.21495e-269 1.35578e-143 3.81557e-38 0.272897 99.7271 
575487 1477887 0 0.306296 0 5.08126e-273 6.7408e-146 8.58706e-39 0.236065 99.7639 
577487 1477887 0 0.30267 0 1.76e-277 2.60593e-148 1.80057e-39 0.202809 99.7972 
579487 1477887 0 0.298991 0 3.82921e-282 7.83317e-151 3.51769e-40 0.17305 99.827 
581487 1477887 0 0.295268 0 5.23306e-287 1.83074e-153 6.40304e-41 0.146651 99.8533 
583487 1477887 0 0.291509 0 4.49205e-292 3.32679e-156 1.08592e-41 0.123435 99.8766 
585487 1477887 0 0.287719 0 2.42197e-297 4.70031e-159 1.71588e-42 0.103188 99.8968 
587487 1477887 0 0.283905 0 8.2021e-303 5.16327e-162 2.52615e-43 0.0856769 99.9143 
589487 1477887 0 0.280073 0 1.74464e-308 4.40974e-165 3.46507e-44 0.0706558 99.9293 
591487 1477887 0 0.276229 0 2.3308e-314 2.92811e-168 4.42839e-45 0.057874 99.9421 
593487 1477887 0 0.272378 0 3.06321e-320 1.51161e-171 5.27302e-46 0.0470843 99.9529 
595487 1477887 0 0.268526 0 0 6.06691e-175 5.84995e-47 0.0380478 99.962 
597487 1477887 0 0.264675 0 0 1.89306e-178 6.04676e-48 0.0305385 99.9695 
599487 1477887 0 0.260832 0 0 4.59224e-182 5.82331e-49 0.0243463 99.9757 
601487 1477887 0 0.257001 0 0 8.66052e-186 5.22506e-50 0.0192792 99.9807 
603487 1477887 0 0.253184 0 0 1.26975e-189 4.36803e-51 0.0151642 99.9848 
605487 1477887 0 0.249386 0 0 1.44724e-193 3.40213e-52 0.0118475 99.9882 
607487 1477887 0 0.245611 0 0 1.28236e-197 2.46879e-53 0.00919425 99.9908 
609487 1477887 0 0.24186 0 0 8.83319e-202 1.6691e-54 0.00708741 99.9929 
611487 1477887 0 0.238138 0 0 4.73001e-206 1.05134e-55 0.00542681 99.9946 
613487 1477887 0 0.234447 0 0 1.96897e-210 6.16972e-57 0.00412751 99.9959 
615487 1477887 0 0.230788 0 0 6.37156e-215 3.37321e-58 0.00311833 99.9969 
617487 1477887 0 0.227165 0 0 1.60279e-219 1.7182e-59 0.00234017 99.9977 
619487 1477887 0 0.223579 0 0 3.13421e-224 8.15368e-61 0.00174449 99.9983 
621487 1477887 0 0.220032 0 0 4.76427e-229 3.60479e-62 0.00129176 99.9987 
623487 1477887 0 0.216525 0 0 5.62964e-234 1.48474e-63 0.000950153 99.999 
625487 1477887 0 0.213061 0 0 5.17101e-239 5.69714e-65 0.000694229 99.9993 
627487 1477887 0 0.209639 0 0 3.69214e-244 2.03657e-66 0.000503863 99.9995 
629487 1477887 0 0.206261 0 0 2.04922e-249 6.78223e-68 0.000363264 99.9996 
433487 1475887 0 0.206669 0 0 1.41837e-248 1.16076e-67 0.000381704 99.9996 
435487 1475887 0 0.210122 0 0 3.12855e-243 3.69e-66 0.000532388 99.9995 
437487 1475887 0 0.213624 0 0 5.36413e-238 1.0928e-64 0.00073762 99.9993 
439487 1475887 0 0.217174 0 0 7.1492e-233 3.015e-63 0.00101517 99.999 
441487 1475887 0 0.220771 0 0 7.40666e-228 7.74949e-62 0.00138786 99.9986 
443487 1475887 0 0.224414 0 0 5.9648e-223 1.85566e-60 0.00188474 99.9981 
445487 1475887 0 0.228101 0 0 3.73407e-218 4.13972e-59 0.00254247 99.9975 
447487 1475887 0 0.231832 0 0 1.81712e-213 8.60381e-58 0.00340686 99.9966 
449487 1475887 0 0.235604 0 0 6.87393e-209 1.66595e-56 0.00453469 99.9955 
451487 1475887 0 0.239416 0 0 2.02138e-204 3.00532e-55 0.0059956 99.994 
453487 1475887 0 0.243265 0 0 4.62081e-200 5.05102e-54 0.00787423 99.9921 
455487 1475887 0 0.24715 0 0 8.21142e-196 7.90912e-53 0.0102724 99.9897 
457487 1475887 0 0.251066 0 0 1.13436e-191 1.15383e-51 0.0133112 99.9867 
459487 1475887 0 0.255013 0 0 1.21822e-187 1.56828e-50 0.0171336 99.9829 
461487 1475887 0 0.258987 0 0 1.01705e-183 1.98599e-49 0.0219058 99.9781 
463487 1475887 0 0.262983 0 0 6.60092e-180 2.34316e-48 0.0278192 99.9722 
465487 1475887 0 0.267 0 0 3.33058e-176 2.57574e-47 0.0350916 99.9649 
467487 1475887 0 0.271033 0 0 1.30645e-172 2.63801e-46 0.0439674 99.956 
469487 1475887 0 0.275078 0 5.891e-316 3.98406e-169 2.51727e-45 0.0547172 99.9453 
471487 1475887 0 0.27913 0 1.01983e-309 9.44552e-166 2.238e-44 0.0676361 99.9324 
473487 1475887 0 0.283185 0 1.10884e-303 1.741e-162 1.85382e-43 0.0830406 99.917 
475487 1475887 0 0.287238 0 7.57219e-298 2.49487e-159 1.43073e-42 0.101264 99.8987 
477487 1475887 0 0.291284 0 3.24781e-292 2.77958e-156 1.02879e-41 0.12265 99.8774 
479487 1475887 0 0.295317 0 8.74946e-287 2.40768e-153 6.89242e-41 0.147544 99.8525 
481487 1475887 0 0.29933 0 1.48047e-281 1.62149e-150 4.30227e-40 0.176285 99.8237 
483487 1475887 0 0.303318 0 1.57344e-276 8.4904e-148 2.50209e-39 0.209191 99.7908 
485487 1475887 0 0.307274 0 1.05036e-271 3.4566e-145 1.35576e-38 0.246547 99.7535 
487487 1475887 0 0.31119 0 4.40429e-267 1.09417e-142 6.84453e-38 0.288589 99.7114 
489487 1475887 0 0.315058 0 1.16002e-262 2.693e-140 3.21944e-37 0.335491 99.6645 
491487 1475887 0 0.318869 0 1.91918e-258 5.15369e-138 1.41089e-36 0.387344 99.6127 
493487 1475887 0 0.322616 0 1.9945e-254 7.66894e-136 5.76079e-36 0.444146 99.5559 
495487 1475887 0 0.326287 0 1.30206e-250 8.87352e-134 2.19153e-35 0.505783 99.4942 
497487 1475887 0 0.329873 0 5.33963e-247 7.98378e-132 7.76766e-35 0.572017 99.428 
499487 1475887 0 0.333362 0 1.37559e-243 5.58576e-130 2.56514e-34 0.642477 99.3575 
501487 1475887 0 0.336743 0 2.22624e-240 3.03898e-128 7.89243e-34 0.716654 99.2833 
503487 1475887 0 0.340004 0 2.26344e-237 1.28574e-126 2.26252e-33 0.793896 99.2061 
505487 1475887 0 0.343132 0 1.44576e-234 4.23031e-125 6.04305e-33 0.873414 99.1266 
507487 1475887 0 0.346113 0 5.80176e-232 1.08241e-123 1.50386e-32 0.954289 99.0457 
509487 1475887 0 0.348933 0 1.46276e-229 2.1539e-122 3.48698e-32 1.03548 98.9645 
511487 1475887 0 0.35158 0 2.31713e-227 3.33337e-121 7.53329e-32 1.11587 98.8841 
513487 1475887 0 0.354039 0 2.30622e-225 4.01215e-120 1.51641e-31 1.19424 98.8058 
515487 1475887 0 0.356296 0 1.44223e-223 3.75592e-119 2.84415e-31 1.26936 98.7306 
517487 1475887 0 0.358339 0 5.66716e-222 2.73472e-118 4.97044e-31 1.33995 98.6601 
519487 1475887 0 0.360154 0 1.39927e-220 1.54873e-117 8.09373e-31 1.40479 98.5952 
521487 1475887 0 0.36173 1.4822e-321 2.17098e-219 6.82204e-117 1.22805e-30 1.4627 98.5373 
523487 1475887 0 0.363057 4.34778e-320 2.11658e-218 2.33742e-116 1.73622e-30 1.5126 98.4874 
525487 1475887 0 0.364125 6.12147e-319 1.29672e-217 6.22946e-116 2.28727e-30 1.55352 98.4465 
527487 1475887 0 0.364927 4.34877e-318 4.99226e-217 1.2914e-115 2.80772e-30 1.58468 98.4153 
529487 1475887 0 0.365457 1.57172e-317 1.20779e-216 2.08244e-115 3.21159e-30 1.60545 98.3945 
531487 1475887 0 0.365711 2.89083e-317 1.83625e-216 2.61209e-115 3.42306e-30 1.61542 98.3846 
533487 1475887 0 0.365687 2.70481e-317 1.75437e-216 2.54865e-115 3.3997e-30 1.61438 98.3856 
535487 1475887 0 0.365385 1.28754e-317 1.05332e-216 1.93436e-115 3.14628e-30 1.60236 98.3976 
537487 1475887 0 0.364809 3.11755e-318 3.97414e-217 1.14201e-115 2.71321e-30 1.5796 98.4204 
539487 1475887 0 0.363961 3.84383e-319 9.42259e-218 5.24445e-116 2.1802e-30 1.54655 98.4534 
541487 1475887 0 0.362848 2.32211e-320 1.4039e-218 1.87339e-116 1.63243e-30 1.50387 98.4961 
543487 1475887 0 0.361478 0 1.31441e-219 5.20529e-117 1.13893e-30 1.45239 98.5476 
545487 1475887 0 0.35986 0 7.73306e-221 1.12498e-117 7.4042e-31 1.39309 98.6069 
547487 1475887 0 0.358005 0 2.85882e-222 1.89112e-118 4.48511e-31 1.32708 98.6729 
549487 1475887 0 0.355925 0 6.64088e-224 2.47262e-119 2.53151e-31 1.25554 98.7445 
551487 1475887 0 0.353633 0 9.69301e-226 2.51449e-120 1.33134e-31 1.17972 98.8203 
553487 1475887 0 0.351142 0 8.88945e-228 1.98879e-121 6.52385e-32 1.10087 98.8991 
555487 1475887 0 0.348465 0 5.12227e-230 1.22338e-122 2.97861e-32 1.02025 98.9798 
557487 1475887 0 0.345617 0 1.85443e-232 5.85266e-124 1.26712e-32 0.939026 99.061 
559487 1475887 0 0.342611 0 4.21798e-235 2.1775e-125 5.0224e-33 0.858332 99.1417 
561487 1475887 0 0.339461 0 6.02749e-238 6.30033e-127 1.85477e-33 0.779176 99.2208 
563487 1475887 0 0.33618 0 5.41119e-241 1.41762e-128 6.38194e-34 0.702455 99.2975 
565487 1475887 0 0.33278 0 3.05185e-244 2.48046e-130 2.04596e-34 0.628932 99.3711 
567487 1475887 0 0.329275 0 1.08128e-247 3.37502e-132 6.11109e-35 0.559232 99.4408 
569487 1475887 0 0.325675 0 2.40661e-251 3.57091e-134 1.70067e-35 0.493839 99.5062 
571487 1475887 0 0.321991 0 3.3648e-255 2.93788e-136 4.40957e-36 0.433098 99.5669 
573487 1475887 0 0.318234 0 2.9552e-259 1.87944e-138 1.06525e-36 0.377221 99.6228 
575487 1475887 0 0.314414 0 1.63035e-263 9.34887e-141 2.39762e-37 0.326302 99.6737 
577487 1475887 0 0.310538 0 5.64984e-268 3.61589e-143 5.02792e-38 0.280324 99.7197 
579487 1475887 0 0.306616 0 1.22982e-272 1.0874e-145 9.82363e-39 0.239178 99.7608 
581487 1475887 0 0.302656 0 1.68148e-277 2.54259e-148 1.78827e-39 0.202678 99.7973 
583487 1475887 0 0.298664 0 1.44405e-282 4.62241e-151 3.03301e-40 0.170578 99.8294 
585487 1475887 0 0.294648 0 7.78939e-288 6.53371e-154 4.79283e-41 0.142585 99.8574 
587487 1475887 0 0.290614 0 2.63907e-293 7.18032e-157 7.05651e-42 0.118376 99.8816 
589487 1475887 0 0.286568 0 5.61589e-299 6.13501e-160 9.6798e-43 0.0976109 99.9024 
591487 1475887 0 0.282515 0 7.50589e-305 4.07538e-163 1.23715e-43 0.0799433 99.9201 
593487 1475887 0 0.278462 0 6.30079e-311 2.10474e-166 1.47319e-44 0.0650307 99.935 
595487 1475887 0 0.274411 0 3.32111e-317 8.45079e-170 1.63445e-45 0.0525428 99.9475 
597487 1475887 0 0.270369 0 0 2.63793e-173 1.68953e-46 0.0421668 99.9578 
599487 1475887 0 0.26634 0 0 6.40162e-177 1.62718e-47 0.0336119 99.9664 
601487 1475887 0 0.262328 0 0 1.20774e-180 1.46009e-48 0.0266126 99.9734 
603487 1475887 0 0.258335 0 0 1.77136e-184 1.22067e-49 0.0209292 99.9791 
605487 1475887 0 0.254367 0 0 2.0197e-188 9.50804e-51 0.0163492 99.9837 
607487 1475887 0 0.250426 0 0 1.79023e-192 6.90005e-52 0.0126859 99.9873 
609487 1475887 0 0.246516 0 0 1.23359e-196 4.66531e-53 0.0097775 99.9902 
611487 1475887 0 0.242638 0 0 6.60791e-201 2.93883e-54 0.00748549 99.9925 
613487 1475887 0 0.238796 0 0 2.75162e-205 1.72476e-55 0.00569247 99.9943 
615487 1475887 0 0.234991 0 0 8.90711e-210 9.43067e-57 0.00430003 99.9957 
617487 1475887 0 0.231227 0 0 2.24134e-214 4.80409e-58 0.00322653 99.9968 
619487 1475887 0 0.227504 0 0 4.38428e-219 2.27998e-59 0.00240488 99.9976 
621487 1475887 0 0.223825 0 0 6.66658e-224 1.00809e-60 0.00178052 99.9982 
623487 1475887 0 0.22019 0 0 7.87987e-229 4.15253e-62 0.00130948 99.9987 
625487 1475887 0 0.216602 0 0 7.2401e-234 1.59355e-63 0.000956645 99.999 
627487 1475887 0 0.213061 0 0 5.17101e-239 5.69714e-65 0.000694229 99.9993 
629487 1475887 0 0.209567 0 0 2.87084e-244 1.89749e-66 0.000500446 99.9995 
433487 1473887 0 0.209918 0 0 1.54499e-243 3.02569e-66 0.000522296 99.9995 
435487 1473887 0 0.213487 0 0 3.40686e-238 9.61745e-65 0.000728575 99.9993 
437487 1473887 0 0.217109 0 0 5.83957e-233 2.84791e-63 0.00100957 99.999 
439487 1473887 0 0.220784 0 0 7.78053e-228 7.85648e-62 0.00138964 99.9986 
441487 1473887 0 0.22451 0 0 8.05824e-223 2.01915e-60 0.00190006 99.9981 
443487 1473887 0 0.228286 0 0 6.4875e-218 4.83453e-59 0.00258068 99.9974 
445487 1473887 0 0.232112 0 0 4.05999e-213 1.07841e-57 0.00348176 99.9965 
447487 1473887 0 0.235986 0 0 1.97508e-208 2.24114e-56 0.00466617 99.9953 
449487 1473887 0 0.239906 0 0 7.46895e-204 4.33916e-55 0.0062118 99.9938 
451487 1473887 0 0.243871 0 0 2.19561e-199 7.82709e-54 0.00821424 99.9918 
453487 1473887 0 0.247879 0 0 5.01734e-195 1.3154e-52 0.0107897 99.9892 
455487 1473887 0 0.251927 0 0 8.91289e-191 2.05957e-51 0.0140778 99.9859 
457487 1473887 0 0.256014 0 0 1.23082e-186 3.00444e-50 0.0182452 99.9818 
459487 1473887 0 0.260136 0 0 1.32132e-182 4.08338e-49 0.0234879 99.9765 
461487 1473887 0 0.26429 0 0 1.1027e-178 5.17068e-48 0.0300344 99.97 
463487 1473887 0 0.268474 0 0 7.15409e-175 6.10028e-47 0.0381477 99.9619 
465487 1473887 0 0.272685 0 9.43665e-320 3.60826e-171 6.70542e-46 0.0481271 99.9519 
467487 1473887 0 0.276917 0 4.32627e-313 1.4148e-167 6.86718e-45 0.0603084 99.9397 
469487 1473887 0 0.281168 0 1.19197e-306 4.31269e-164 6.55252e-44 0.0750636 99.9249 
471487 1473887 0 0.285434 0 2.0626e-300 1.02203e-160 5.82527e-43 0.0927982 99.9072 
473487 1473887 0 0.28971 0 2.24163e-294 1.883e-157 4.82504e-42 0.113947 99.8861 
475487 1473887 0 0.293991 0 1.5301e-288 2.69715e-154 3.7236e-41 0.138968 99.861 
477487 1473887 0 0.298272 0 6.55969e-283 3.00359e-151 2.67733e-40 0.168333 99.8317 
479487 1473887 0 0.302548 0 1.7663e-277 2.6005e-148 1.79357e-39 0.202517 99.7975 
481487 1473887 0 0.306812 0 2.9872e-272 1.7505e-145 1.11946e-38 0.241983 99.758 
483487 1473887 0 0.31106 0 3.17317e-267 9.16144e-143 6.50988e-38 0.287168 99.7128 
485487 1473887 0 0.315282 0 2.11716e-262 3.72791e-140 3.52704e-37 0.33846 99.6615 
487487 1473887 0 0.319473 0 8.87269e-258 1.17944e-137 1.78041e-36 0.396183 99.6038 
489487 1473887 0 0.323624 0 2.33563e-253 2.90134e-135 8.37335e-36 0.460569 99.5394 
491487 1473887 0 0.327725 0 3.86195e-249 5.5494e-133 3.66901e-35 0.531741 99.4683 
493487 1473887 0 0.331769 0 4.01119e-245 8.25322e-131 1.49785e-34 0.609689 99.3903 
495487 1473887 0 0.335743 0 2.61705e-241 9.54422e-129 5.69714e-34 0.69425 99.3057 
497487 1473887 0 0.339636 0 1.07259e-237 8.58236e-127 2.01891e-33 0.785093 99.2149 
499487 1473887 0 0.343437 0 2.76151e-234 6.00112e-125 6.66572e-33 0.881701 99.1183 
501487 1473887 0 0.347132 0 4.46647e-231 3.26309e-123 2.05046e-32 0.983369 99.0166 
503487 1473887 0 0.350707 0 4.53836e-228 1.37977e-121 5.87668e-32 1.0892 98.9108 
505487 1473887 0 0.354146 0 2.8971e-225 4.5371e-120 1.56925e-31 1.1981 98.8019 
507487 1473887 0 0.357434 0 1.1619e-222 1.16026e-118 3.90425e-31 1.3088 98.6912 
509487 1473887 0 0.360555 0 2.92775e-220 2.30757e-117 9.05046e-31 1.4199 98.5801 
511487 1473887 0 0.363492 1.3735e-319 4.6352e-218 3.56933e-116 1.95478e-30 1.52984 98.4702 
513487 1473887 0 0.366229 1.1045e-316 4.61092e-216 4.29402e-115 3.93392e-30 1.63698 98.363 
515487 1473887 0 0.368747 4.52698e-314 2.88208e-214 4.01792e-114 7.37664e-30 1.73961 98.2604 
517487 1473887 0 0.371032 9.43856e-312 1.13198e-212 2.92423e-113 1.28886e-29 1.83602 98.164 
519487 1473887 0 0.373066 1.0011e-309 2.7938e-211 1.65541e-112 2.09831e-29 1.92454 98.0755 
521487 1473887 0 0.374837 5.4017e-308 4.33301e-210 7.28945e-112 3.18316e-29 2.00357 97.9964 
523487 1473887 0 0.376329 1.4828e-306 4.22311e-209 2.49684e-111 4.49964e-29 2.07164 97.9284 
525487 1473887 0 0.377532 2.0708e-305 2.58663e-208 6.65274e-111 5.92696e-29 2.12746 97.8725 
527487 1473887 0 0.378436 1.47132e-304 9.95636e-208 1.3789e-110 7.27489e-29 2.16995 97.8301 
529487 1473887 0 0.379034 5.31857e-304 2.40846e-207 2.22327e-110 8.32076e-29 2.19827 97.8017 
531487 1473887 0 0.379321 9.78153e-304 3.66146e-207 2.78859e-110 8.86838e-29 2.21185 97.7881 
533487 1473887 0 0.379293 9.15257e-304 3.49821e-207 2.72087e-110 8.80788e-29 2.21044 97.7896 
535487 1473887 0 0.378953 4.35717e-304 2.10047e-207 2.06521e-110 8.15163e-29 2.19405 97.8059 
537487 1473887 0 0.378302 1.05533e-304 7.92611e-208 1.21942e-110 7.0301e-29 2.16302 97.837 
539487 1473887 0 0.377346 1.30044e-305 1.87965e-208 5.60103e-111 5.64964e-29 2.11795 97.882 
541487 1473887 0 0.376092 8.15274e-307 2.80128e-209 2.00126e-111 4.23077e-29 2.05974 97.9403 
543487 1473887 0 0.374551 2.60029e-308 2.62357e-210 5.56226e-112 2.95224e-29 1.9895 98.0105 
545487 1473887 0 0.372734 4.21922e-310 1.5441e-211 1.20255e-112 1.91961e-29 1.90857 98.0914 
547487 1473887 0 0.370656 3.48279e-312 5.71076e-213 2.02232e-113 1.16305e-29 1.81844 98.1816 
549487 1473887 0 0.368331 1.46249e-314 1.3272e-214 2.64532e-114 6.56602e-30 1.72073 98.2793 
551487 1473887 0 0.365774 3.12398e-317 1.93815e-216 2.69139e-115 3.45395e-30 1.61712 98.3829 
553487 1473887 0 0.363003 3.55727e-320 1.77843e-218 2.12977e-116 1.69292e-30 1.50933 98.4907 
555487 1473887 0 0.360034 0 1.02534e-220 1.31079e-117 7.73133e-31 1.39905 98.601 
557487 1473887 0 0.356884 0 3.71422e-223 6.27426e-119 3.28977e-31 1.28791 98.7121 
559487 1473887 0 0.353569 0 8.45319e-226 2.33566e-120 1.30426e-31 1.17744 98.8226 
561487 1473887 0 0.350107 0 1.20869e-228 6.76179e-122 4.81779e-32 1.06903 98.931 
563487 1473887 0 0.346512 0 1.08576e-231 1.52232e-123 1.6581e-32 0.963907 99.0361 
565487 1473887 0 0.342799 0 6.12731e-235 2.66519e-125 5.31676e-33 0.863129 99.1369 
567487 1473887 0 0.338983 0 2.17224e-238 3.62844e-127 1.58839e-33 0.767558 99.2324 
569487 1473887 0 0.335076 0 4.83766e-242 3.84122e-129 4.42121e-34 0.677863 99.3221 
571487 1473887 0 0.331091 0 6.76774e-246 3.16202e-131 1.14655e-34 0.594526 99.4055 
573487 1473887 0 0.327039 0 5.94735e-250 2.02395e-133 2.77023e-35 0.517845 99.4822 
575487 1473887 0 0.322929 0 3.28295e-254 1.00731e-135 6.23603e-36 0.447953 99.552 
577487 1473887 0 0.318773 0 1.1383e-258 3.89806e-138 1.30789e-36 0.384833 99.6152 
579487 1473887 0 0.314577 0 2.47913e-263 1.17286e-140 2.55567e-37 0.328341 99.6717 
581487 1473887 0 0.310351 0 3.39138e-268 2.74379e-143 4.65275e-38 0.278224 99.7218 
583487 1473887 0 0.306102 0 2.91399e-273 4.99064e-146 7.89203e-39 0.234145 99.7659 
585487 1473887 0 0.301836 0 1.57262e-278 7.05756e-149 1.24722e-39 0.195706 99.8043 
587487 1473887 0 0.297561 0 5.33066e-284 7.75962e-152 1.83641e-40 0.162464 99.8375 
589487 1473887 0 0.29328 0 1.13489e-289 6.63298e-155 2.51927e-41 0.133952 99.866 
591487 1473887 0 0.289001 0 1.51751e-295 4.40812e-158 3.22001e-42 0.109694 99.8903 
593487 1473887 0 0.284728 0 1.27444e-301 2.27756e-161 3.83457e-43 0.089221 99.9108 
595487 1473887 0 0.280466 0 6.72206e-308 9.14857e-165 4.25455e-44 0.0720786 99.9279 
597487 1473887 0 0.276219 0 2.22681e-314 2.85692e-168 4.39814e-45 0.0578368 99.9422 
599487 1473887 0 0.271991 0 0 6.93584e-172 4.23605e-46 0.0460963 99.9539 
601487 1473887 0 0.267786 0 0 1.30904e-175 3.80127e-47 0.0364919 99.9635 
603487 1473887 0 0.263608 0 0 1.92067e-179 3.17813e-48 0.0286946 99.9713 
605487 1473887 0 0.25946 0 0 2.19078e-183 2.47564e-49 0.0224119 99.9776 
607487 1473887 0 0.255344 0 0 1.94259e-187 1.7967e-50 0.0173875 99.9826 
609487 1473887 0 0.251265 0 0 1.33905e-191 1.21488e-51 0.0133992 99.9866 
611487 1473887 0 0.247224 0 0 7.1754e-196 7.65341e-53 0.0102567 99.9897 
613487 1473887 0 0.243225 0 0 2.98896e-200 4.49202e-54 0.00779868 99.9922 
615487 1473887 0 0.239268 0 0 9.67871e-205 2.45634e-55 0.00589017 99.9941 
617487 1473887 0 0.235356 0 0 2.43632e-209 1.25139e-56 0.00441904 99.9956 
619487 1473887 0 0.231491 0 0 4.76722e-214 5.93952e-58 0.00329324 99.9967 
621487 1473887 0 0.227674 0 0 7.25118e-219 2.6264e-59 0.0024379 99.9976 
623487 1473887 0 0.223907 0 0 8.57356e-224 1.08197e-60 0.0017927 99.9982 
625487 1473887 0 0.22019 0 0 7.87987e-229 4.15253e-62 0.00130948 99.9987 
627487 1473887 0 0.216525 0 0 5.62964e-234 1.48474e-63 0.000950153 99.999 
629487 1473887 0 0.212913 0 0 3.12638e-239 4.94561e-65 0.000684842 99.9993 
433487 1471887 0 0.213203 0 0 1.3082e-238 7.34755e-65 0.00070991 99.9993 
435487 1471887 0 0.216891 0 0 2.88388e-233 2.33523e-63 0.000990416 99.999 
437487 1471887 0 0.220637 0 0 4.94168e-228 6.91434e-62 0.00137258 99.9986 
439487 1471887 0 0.22444 0 0 6.58217e-223 1.90726e-60 0.00188957 99.9981 
441487 1471887 0 0.2283 0 0 6.81496e-218 4.90127e-59 0.00258398 99.9974 
443487 1471887 0 0.232215 0 0 5.48481e-213 1.17342e-57 0.00351009 99.9965 
445487 1471887 0 0.236185 0 0 3.43135e-208 2.61727e-56 0.00473637 99.9953 
447487 1471887 0 0.240208 0 0 1.6687e-203 5.43871e-55 0.00634851 99.9937 
449487 1471887 0 0.244283 0 0 6.3082e-199 1.05293e-53 0.00845266 99.9915 
451487 1471887 0 0.248408 0 0 1.85374e-194 1.89917e-52 0.0111791 99.9888 
453487 1471887 0 0.252582 0 0 4.23458e-190 3.19146e-51 0.0146864 99.9853 
455487 1471887 0 0.256802 0 0 7.51962e-186 4.99669e-50 0.019165 99.9808 
457487 1471887 0 0.261067 0 0 1.03803e-181 7.28859e-49 0.0248421 99.9752 
459487 1471887 0 0.265374 0 0 1.11392e-177 9.90548e-48 0.0319851 99.968 
461487 1471887 0 0.269721 0 0 9.29252e-174 1.25424e-46 0.040906 99.9591 
463487 1471887 0 0.274103 0 1.79474e-317 6.02633e-170 1.47965e-45 0.0519637 99.948 
465487 1471887 0 0.27852 0 1.2539e-310 3.0382e-166 1.62634e-44 0.0655665 99.9344 
467487 1471887 0 0.282966 0 5.49839e-304 1.19077e-162 1.66549e-43 0.082173 99.9178 
469487 1471887 0 0.28744 0 1.51423e-297 3.6282e-159 1.58909e-42 0.102291 99.8977 
471487 1471887 0 0.291936 0 2.61903e-291 8.59433e-156 1.41263e-41 0.126473 99.8735 
473487 1471887 0 0.296451 0 2.84499e-285 1.58268e-152 1.17e-40 0.155312 99.8447 
475487 1471887 0 0.300981 0 1.94097e-279 2.26591e-149 9.02853e-40 0.189434 99.8106 
477487 1471887 0 0.305521 0 8.31689e-274 2.52209e-146 6.49114e-39 0.229481 99.7705 
479487 1471887 0 0.310066 0 2.23826e-268 2.18251e-143 4.34806e-38 0.276099 99.7239 
481487 1471887 0 0.31461 0 3.78331e-263 1.46836e-140 2.71356e-37 0.329919 99.6701 
483487 1471887 0 0.319148 0 4.01653e-258 7.68062e-138 1.5778e-36 0.391531 99.6085 
485487 1471887 0 0.323672 0 2.67828e-253 3.12358e-135 8.54729e-36 0.461462 99.5385 
487487 1471887 0 0.328176 0 1.12173e-248 9.87663e-133 4.31389e-35 0.540146 99.4599 
489487 1471887 0 0.332651 0 2.95096e-244 2.42813e-130 2.02848e-34 0.627892 99.3721 
491487 1471887 0 0.337087 0 4.8762e-240 4.64141e-128 8.88657e-34 0.724861 99.2751 
493487 1471887 0 0.341476 0 5.06123e-236 6.89845e-126 3.62708e-33 0.831026 99.169 
495487 1471887 0 0.345804 0 3.29986e-232 7.97236e-124 1.37924e-32 0.946154 99.0538 
497487 1471887 0 0.350061 0 1.35148e-228 7.16416e-122 4.88636e-32 1.06978 98.9302 
499487 1471887 0 0.354232 0 3.47707e-225 5.0061e-120 1.61285e-31 1.20119 98.7988 
501487 1471887 0 0.358301 0 5.61977e-222 2.7202e-118 4.95983e-31 1.3394 98.6606 
503487 1471887 0 0.362253 6.91692e-321 5.70609e-219 1.14943e-116 1.42105e-30 1.48319 98.5168 
505487 1471887 0 0.366069 7.8343e-317 3.6399e-216 3.77714e-115 3.79339e-30 1.63106 98.3689 
507487 1471887 0 0.369732 4.79321e-313 1.45877e-213 9.65277e-114 9.43463e-30 1.7813 98.2187 
509487 1471887 0 0.37322 1.49164e-309 3.67324e-211 1.91852e-112 2.1863e-29 1.93196 98.068 
511487 1471887 0 0.376514 2.36119e-306 5.81154e-209 2.96569e-111 4.72052e-29 2.08095 97.919 
513487 1471887 0 0.379592 1.90126e-303 5.77739e-207 3.56567e-110 9.49669e-29 2.22605 97.774 
515487 1471887 0 0.382434 7.78782e-301 3.60901e-205 3.33452e-109 1.78019e-28 2.36496 97.635 
517487 1471887 0 0.385019 1.62282e-298 1.41669e-203 2.42558e-108 3.10943e-28 2.49537 97.5046 
519487 1471887 0 0.387327 1.72036e-296 3.49472e-202 1.37247e-107 5.06086e-28 2.61504 97.385 
521487 1471887 0 0.38934 9.27852e-295 5.41767e-201 6.04103e-107 7.67547e-28 2.72182 97.2782 
523487 1471887 0 0.391039 2.54603e-293 5.27824e-200 2.06848e-106 1.08475e-27 2.81376 97.1862 
525487 1471887 0 0.392412 3.55455e-292 3.23188e-199 5.5098e-106 1.42859e-27 2.88911 97.1109 
527487 1471887 0 0.393444 2.52494e-291 1.24371e-198 1.14175e-105 1.75325e-27 2.94645 97.0535 
529487 1471887 0 0.394128 9.1258e-291 3.00809e-198 1.84064e-105 2.00512e-27 2.98466 97.0153 
531487 1471887 0 0.394455 1.67822e-290 4.57269e-198 2.3085e-105 2.13699e-27 3.00299 96.997 
533487 1471887 0 0.394424 1.57033e-290 4.36886e-198 2.25246e-105 2.12242e-27 3.00108 96.9989 
535487 1471887 0 0.394034 7.47636e-291 2.62347e-198 1.70982e-105 1.96439e-27 2.97897 97.021 
537487 1471887 0 0.39329 1.81113e-291 9.90138e-199 1.00974e-105 1.69429e-27 2.9371 97.0629 
539487 1471887 0 0.392197 2.23233e-292 2.34866e-199 4.63899e-106 1.36179e-27 2.87627 97.1237 
541487 1471887 0 0.390767 1.39996e-293 3.5014e-200 1.65802e-106 1.01997e-27 2.79768 97.2023 
543487 1471887 0 0.389012 4.46687e-295 3.28057e-201 4.60998e-107 7.11896e-28 2.70281 97.2972 
545487 1471887 0 0.386948 7.25128e-297 1.93167e-202 9.97099e-108 4.63009e-28 2.59345 97.4066 
547487 1471887 0 0.384591 5.98872e-299 7.14785e-204 1.67762e-108 2.80607e-28 2.47159 97.5284 
549487 1471887 0 0.38196 2.5162e-301 1.66213e-205 2.19561e-109 1.58465e-28 2.3394 97.6606 
551487 1471887 0 0.379077 5.37817e-304 2.42875e-207 2.23512e-110 8.33851e-29 2.19916 97.8008 
553487 1471887 0 0.37596 5.84767e-307 2.23004e-209 1.76979e-111 4.0884e-29 2.05315 97.9468 
555487 1471887 0 0.372633 3.23425e-310 1.28659e-211 1.08992e-112 1.86775e-29 1.90368 98.0963 
557487 1471887 0 0.369114 9.09888e-314 4.66382e-214 5.22047e-114 7.95022e-30 1.75295 98.2471 
559487 1471887 0 0.365425 1.30201e-317 1.0622e-216 1.94468e-115 3.153e-30 1.60302 98.397 
561487 1471887 0 0.361585 1.4822e-321 1.51989e-219 5.6337e-117 1.16506e-30 1.45579 98.5442 
563487 1471887 0 0.357613 0 1.3663e-222 1.26921e-118 4.01095e-31 1.31294 98.6871 
565487 1471887 0 0.353527 0 7.71605e-226 2.22356e-120 1.28652e-31 1.17592 98.8241 
567487 1471887 0 0.349342 0 2.73742e-229 3.02922e-122 3.84457e-32 1.04592 98.9541 
569487 1471887 0 0.345074 0 6.10063e-233 3.20898e-124 1.07039e-32 0.923843 99.0762 
571487 1471887 0 0.340735 0 8.54046e-237 2.64329e-126 2.77651e-33 0.810373 99.1896 
573487 1471887 0 0.33634 0 7.51019e-241 1.69299e-128 6.7099e-34 0.705928 99.2941 
575487 1471887 0 0.331898 0 4.14834e-245 8.4311e-131 1.51075e-34 0.610698 99.3893 
577487 1471887 0 0.327419 0 1.43927e-249 3.26459e-133 3.16907e-35 0.524673 99.4753 
579487 1471887 0 0.322913 0 3.13651e-254 9.82831e-136 6.19344e-36 0.447664 99.5523 
581487 1471887 0 0.318388 0 4.2932e-259 2.30053e-138 1.12771e-36 0.379333 99.6207 
583487 1471887 0 0.31385 0 3.69095e-264 4.18666e-141 1.91305e-37 0.319229 99.6808 
585487 1471887 0 0.309307 0 1.99303e-269 5.92372e-144 3.0236e-38 0.26681 99.7332 
587487 1471887 0 0.304764 0 6.75926e-275 6.5163e-147 4.45239e-39 0.221476 99.7785 
589487 1471887 0 0.300227 0 1.43977e-280 5.57292e-150 6.10847e-40 0.182592 99.8174 
591487 1471887 0 0.295701 0 1.92614e-286 3.7054e-153 7.80809e-41 0.149512 99.8505 
593487 1471887 0 0.29119 0 1.61838e-292 1.91537e-156 9.29891e-42 0.121594 99.8784 
595487 1471887 0 0.286698 0 8.54013e-299 7.69716e-160 1.0318e-42 0.09822 99.9018 
597487 1471887 0 0.28223 0 2.83034e-305 2.40472e-163 1.06668e-43 0.0788029 99.9212 
599487 1471887 0 0.27779 0 5.89111e-312 5.8405e-167 1.02742e-44 0.0627979 99.9372 
601487 1471887 0 0.27338 0 7.57403e-319 1.10277e-170 9.22019e-46 0.0497066 99.9503 
603487 1471887 0 0.269004 0 0 1.61867e-174 7.70914e-47 0.0390799 99.9609 
605487 1471887 0 0.264666 0 0 1.84703e-178 6.00545e-48 0.0305188 99.9695 
607487 1471887 0 0.260367 0 0 1.63841e-182 4.35871e-49 0.0236734 99.9763 
609487 1471887 0 0.25611 0 0 1.12981e-186 2.94741e-50 0.0182405 99.9818 
611487 1471887 0 0.251898 0 0 6.05635e-191 1.85691e-51 0.0139604 99.986 
613487 1471887 0 0.247734 0 0 2.52372e-195 1.08995e-52 0.0106132 99.9894 
615487 1471887 0 0.243618 0 0 8.17504e-200 5.96055e-54 0.00801474 99.992 
617487 1471887 0 0.239552 0 0 2.05852e-204 3.03686e-55 0.00601208 99.994 
619487 1471887 0 0.235539 0 0 4.02932e-209 1.44151e-56 0.00447978 99.9955 
