#EAST NORTH ELEV Kg/m^2 [-4.5->-3.375) [-3.375->-2.25) [-2.25->-1.125) [-1.125->0) [0->1.125) [1.125->2.25) [2.25->3.375) [3.375->4.5) (percent)
433487 1479887 0 0.173062 0 0 0 0 0 0 0.00769322 99.9923 
435487 1479887 0 0.178909 0 0 0 0 0 0 0.00950642 99.9905 
437487 1479887 0 0.184898 0 0 0 0 0 0 0.0116981 99.9883 
439487 1479887 0 0.19103 0 0 0 0 0 0 0.0143351 99.9857 
441487 1479887 0 0.197302 0 0 0 0 0 0 0.0174934 99.9825 
443487 1479887 0 0.203714 0 0 0 0 0 0 0.0212584 99.9787 
445487 1479887 0 0.210265 0 0 0 0 0 0 0.0257257 99.9743 
447487 1479887 0 0.216951 0 0 0 0 0 0 0.0310017 99.969 
449487 1479887 0 0.223771 0 0 0 0 0 0 0.0372032 99.9628 
451487 1479887 0 0.23072 0 0 0 0 0 0 0.0444579 99.9555 
453487 1479887 0 0.237795 0 0 0 0 0 0 0.0529042 99.9471 
455487 1479887 0 0.244992 0 0 0 0 0 0 0.0626902 99.9373 
457487 1479887 0 0.252306 0 0 0 0 0 0 0.0739733 99.926 
459487 1479887 0 0.259729 0 0 0 0 0 0 0.0869186 99.9131 
461487 1479887 0 0.267257 0 0 0 0 0 0 0.101697 99.8983 
463487 1479887 0 0.274881 0 0 0 0 0 0 0.118484 99.8815 
465487 1479887 0 0.282594 0 0 0 0 0 0 0.137456 99.8625 
467487 1479887 0 0.290386 0 0 0 0 0 0 0.158787 99.8412 
469487 1479887 0 0.298247 0 0 0 0 0 0 0.182645 99.8174 
471487 1479887 0 0.306166 0 0 0 0 0 0 0.20919 99.7908 
473487 1479887 0 0.314132 0 0 0 0 0 0 0.238567 99.7614 
475487 1479887 0 0.322131 0 0 0 0 0 0 0.2709 99.7291 
477487 1479887 0 0.33015 0 0 0 0 0 0 0.306291 99.6937 
479487 1479887 0 0.338174 0 0 0 0 0 0 0.344812 99.6552 
481487 1479887 0 0.346185 0 0 0 0 0 0 0.386499 99.6135 
483487 1479887 0 0.354167 0 0 0 0 0 0 0.431348 99.5687 
485487 1479887 0 0.362102 0 0 0 0 0 0 0.479312 99.5207 
487487 1479887 0 0.36997 0 0 0 0 0 0 0.530291 99.4697 
489487 1479887 0 0.37775 0 0 0 0 0 0 0.584134 99.4159 
491487 1479887 0 0.38542 0 0 0 0 0 0 0.640635 99.3594 
493487 1479887 0 0.392958 0 0 0 0 0 0 0.699526 99.3005 
495487 1479887 0 0.40034 0 0 0 0 0 0 0.760484 99.2395 
497487 1479887 0 0.407542 0 0 0 0 0 0 0.823126 99.1769 
499487 1479887 0 0.414538 0 0 0 0 0 0 0.887014 99.113 
501487 1479887 0 0.421302 0 0 0 0 0 0 0.951656 99.0483 
503487 1479887 0 0.427809 0 0 0 0 0 0 1.01651 98.9835 
505487 1479887 0 0.434031 0 0 0 0 0 0 1.08101 98.919 
507487 1479887 0 0.439943 0 0 0 0 0 0 1.14452 98.8555 
509487 1479887 0 0.445518 0 0 0 0 0 0 1.20643 98.7936 
511487 1479887 0 0.45073 0 0 0 0 0 0 1.26607 98.7339 
513487 1479887 0 0.455556 0 0 0 0 0 0 1.32279 98.6772 
515487 1479887 0 0.45997 0 0 0 0 0 0 1.37596 98.624 
517487 1479887 0 0.46395 0 0 0 0 0 0 1.42494 98.5751 
519487 1479887 0 0.467476 0 0 0 0 0 0 1.46914 98.5309 
521487 1479887 0 0.470528 0 0 0 0 0 0 1.50804 98.492 
523487 1479887 0 0.473091 0 0 0 0 0 0 1.54113 98.4589 
525487 1479887 0 0.475149 0 0 0 0 0 0 1.56799 98.432 
527487 1479887 0 0.476692 0 0 0 0 0 0 1.58827 98.4117 
529487 1479887 0 0.477709 0 0 0 0 0 0 1.60172 98.3983 
531487 1479887 0 0.478196 0 0 0 0 0 0 1.60816 98.3918 
533487 1479887 0 0.47815 0 0 0 0 0 0 1.60749 98.3925 
535487 1479887 0 0.477571 0 0 0 0 0 0 1.59973 98.4003 
537487 1479887 0 0.476462 0 0 0 0 0 0 1.58498 98.415 
539487 1479887 0 0.474829 0 0 0 0 0 0 1.56344 98.4366 
541487 1479887 0 0.472683 0 0 0 0 0 0 1.53538 98.4646 
543487 1479887 0 0.470034 0 0 0 0 0 0 1.50117 98.4988 
545487 1479887 0 0.466899 0 0 0 0 0 0 1.46124 98.5388 
547487 1479887 0 0.463293 0 0 0 0 0 0 1.41609 98.5839 
549487 1479887 0 0.459236 0 0 0 0 0 0 1.36628 98.6337 
551487 1479887 0 0.45475 0 0 0 0 0 0 1.31241 98.6876 
553487 1479887 0 0.449856 0 0 0 0 0 0 1.25509 98.7449 
555487 1479887 0 0.44458 0 0 0 0 0 0 1.19497 98.805 
557487 1479887 0 0.438946 0 0 0 0 0 0 1.13272 98.8673 
559487 1479887 0 0.432979 0 0 0 0 0 0 1.06897 98.931 
561487 1479887 0 0.426706 0 0 0 0 0 0 1.00436 98.9956 
563487 1479887 0 0.420154 0 0 0 0 0 0 0.939503 99.0605 
565487 1479887 0 0.413349 0 0 0 0 0 0 0.874963 99.125 
567487 1479887 0 0.406317 0 0 0 0 0 0 0.811274 99.1887 
569487 1479887 0 0.399083 0 0 0 0 0 0 0.748917 99.2511 
571487 1479887 0 0.391674 0 0 0 0 0 0 0.68832 99.3117 
573487 1479887 0 0.384112 0 0 0 0 0 0 0.629855 99.3701 
575487 1479887 0 0.376423 0 0 0 0 0 0 0.573835 99.4262 
577487 1479887 0 0.368627 0 0 0 0 0 0 0.520515 99.4795 
579487 1479887 0 0.360748 0 0 0 0 0 0 0.470092 99.5299 
581487 1479887 0 0.352805 0 0 0 0 0 0 0.422707 99.5773 
583487 1479887 0 0.344818 0 0 0 0 0 0 0.378448 99.6216 
585487 1479887 0 0.336804 0 0 0 0 0 0 0.337356 99.6626 
587487 1479887 0 0.328782 0 0 0 0 0 0 0.299426 99.7006 
589487 1479887 0 0.320766 0 0 0 0 0 0 0.264615 99.7354 
591487 1479887 0 0.312773 0 0 0 0 0 0 0.232844 99.7672 
593487 1479887 0 0.304816 0 0 0 0 0 0 0.204009 99.796 
595487 1479887 0 0.296906 0 0 0 0 0 0 0.177979 99.822 
597487 1479887 0 0.289058 0 0 0 0 0 0 0.154606 99.8454 
599487 1479887 0 0.28128 0 0 0 0 0 0 0.133731 99.8663 
601487 1479887 0 0.273583 0 0 0 0 0 0 0.115182 99.8848 
603487 1479887 0 0.265976 0 0 0 0 0 0 0.0987842 99.9012 
605487 1479887 0 0.258466 0 0 0 0 0 0 0.0843622 99.9156 
607487 1479887 0 0.251062 0 0 0 0 0 0 0.071741 99.9283 
609487 1479887 0 0.243769 0 0 0 0 0 0 0.0607505 99.9392 
611487 1479887 0 0.236593 0 0 0 0 0 0 0.051227 99.9488 
613487 1479887 0 0.22954 0 0 0 0 0 0 0.0430147 99.957 
615487 1479887 0 0.222613 0 0 0 0 0 0 0.0359673 99.964 
617487 1479887 0 0.215817 0 0 0 0 0 0 0.0299484 99.9701 
619487 1479887 0 0.209155 0 0 0 0 0 0 0.0248323 99.9752 
621487 1479887 0 0.202628 0 0 0 0 0 0 0.0205041 99.9795 
623487 1479887 0 0.19624 0 0 0 0 0 0 0.0168596 99.9831 
625487 1479887 0 0.189993 0 0 0 0 0 0 0.013805 99.9862 
627487 1479887 0 0.183886 0 0 0 0 0 0 0.0112568 99.9887 
629487 1479887 0 0.177921 0 0 0 0 0 0 0.00914067 99.9909 
433487 1477887 0 0.178807 0 0 0 0 0 0 0.00947302 99.9905 
435487 1477887 0 0.18492 0 0 0 0 0 0 0.0117076 99.9883 
437487 1477887 0 0.191186 0 0 0 0 0 0 0.0144091 99.9856 
439487 1477887 0 0.197605 0 0 0 0 0 0 0.0176602 99.9823 
441487 1477887 0 0.204177 0 0 0 0 0 0 0.0215546 99.9784 
443487 1477887 0 0.210902 0 0 0 0 0 0 0.0261982 99.9738 
445487 1477887 0 0.217776 0 0 0 0 0 0 0.0317091 99.9683 
447487 1477887 0 0.224799 0 0 0 0 0 0 0.0382189 99.9618 
449487 1477887 0 0.231969 0 0 0 0 0 0 0.0458722 99.9541 
451487 1477887 0 0.239281 0 0 0 0 0 0 0.0548272 99.9452 
453487 1477887 0 0.246733 0 0 0 0 0 0 0.0652551 99.9347 
455487 1477887 0 0.25432 0 0 0 0 0 0 0.0773395 99.9227 
457487 1477887 0 0.262037 0 0 0 0 0 0 0.0912755 99.9087 
459487 1477887 0 0.269879 0 0 0 0 0 0 0.107268 99.8927 
461487 1477887 0 0.277839 0 0 0 0 0 0 0.125528 99.8745 
463487 1477887 0 0.28591 0 0 0 0 0 0 0.146275 99.8537 
465487 1477887 0 0.294084 0 0 0 0 0 0 0.169725 99.8303 
467487 1477887 0 0.302351 0 0 0 0 0 0 0.196096 99.8039 
469487 1477887 0 0.310701 0 0 0 0 0 0 0.225597 99.7744 
471487 1477887 0 0.319124 0 0 0 0 0 0 0.258425 99.7416 
473487 1477887 0 0.327606 0 0 0 0 0 0 0.29476 99.7052 
475487 1477887 0 0.336135 0 0 0 0 0 0 0.334758 99.6652 
477487 1477887 0 0.344697 0 0 0 0 0 0 0.378544 99.6215 
479487 1477887 0 0.353274 0 0 0 0 0 0 0.426208 99.5738 
481487 1477887 0 0.361851 0 0 0 0 0 0 0.477794 99.5222 
483487 1477887 0 0.370409 0 0 0 0 0 0 0.533298 99.4667 
485487 1477887 0 0.378928 0 0 0 0 0 0 0.592659 99.4073 
487487 1477887 0 0.387388 0 0 0 0 0 0 0.655755 99.3442 
489487 1477887 0 0.395765 0 0 0 0 0 0 0.722399 99.2776 
491487 1477887 0 0.404036 0 0 0 0 0 0 0.792332 99.2077 
493487 1477887 0 0.412177 0 0 0 0 0 0 0.865223 99.1348 
495487 1477887 0 0.420161 0 0 0 0 0 0 0.940672 99.0593 
497487 1477887 0 0.427961 0 0 0 0 0 0 1.0182 98.9818 
499487 1477887 0 0.43555 0 0 0 0 0 0 1.09727 98.9027 
501487 1477887 0 0.442898 0 0 0 0 0 0 1.17726 98.8227 
503487 1477887 0 0.449975 0 0 0 0 0 0 1.25752 98.7425 
505487 1477887 0 0.456753 0 0 0 0 0 0 1.33732 98.6627 
507487 1477887 0 0.463201 0 0 0 0 0 0 1.4159 98.5841 
509487 1477887 0 0.469289 0 0 0 0 0 0 1.49248 98.5075 
511487 1477887 0 0.474987 0 0 0 0 0 0 1.56626 98.4337 
513487 1477887 0 0.480269 0 0 0 0 0 0 1.63641 98.3636 
515487 1477887 0 0.485105 0 0 0 0 0 0 1.70216 98.2978 
517487 1477887 0 0.48947 0 0 0 0 0 0 1.76273 98.2373 
519487 1477887 0 0.49334 0 0 0 0 0 0 1.81739 98.1826 
521487 1477887 0 0.496693 0 0 0 0 0 0 1.86547 98.1345 
523487 1477887 0 0.499509 0 0 0 0 0 0 1.90638 98.0936 
525487 1477887 0 0.501772 0 0 0 0 0 0 1.93958 98.0604 
527487 1477887 0 0.503469 0 0 0 0 0 0 1.96466 98.0353 
529487 1477887 0 0.504589 0 0 0 0 0 0 1.98129 98.0187 
531487 1477887 0 0.505125 0 0 0 0 0 0 1.98924 98.0108 
533487 1477887 0 0.505074 0 0 0 0 0 0 1.98841 98.0116 
535487 1477887 0 0.504436 0 0 0 0 0 0 1.97882 98.0212 
537487 1477887 0 0.503215 0 0 0 0 0 0 1.96059 98.0394 
539487 1477887 0 0.501419 0 0 0 0 0 0 1.93396 98.066 
541487 1477887 0 0.499059 0 0 0 0 0 0 1.89928 98.1007 
543487 1477887 0 0.496148 0 0 0 0 0 0 1.85698 98.143 
545487 1477887 0 0.492704 0 0 0 0 0 0 1.80762 98.1924 
547487 1477887 0 0.488747 0 0 0 0 0 0 1.75179 98.2482 
549487 1477887 0 0.484299 0 0 0 0 0 0 1.6902 98.3098 
551487 1477887 0 0.479384 0 0 0 0 0 0 1.62356 98.3764 
553487 1477887 0 0.474029 0 0 0 0 0 0 1.55267 98.4473 
555487 1477887 0 0.468261 0 0 0 0 0 0 1.47831 98.5217 
557487 1477887 0 0.46211 0 0 0 0 0 0 1.40129 98.5987 
559487 1477887 0 0.455603 0 0 0 0 0 0 1.32242 98.6776 
561487 1477887 0 0.448773 0 0 0 0 0 0 1.24248 98.7575 
563487 1477887 0 0.441647 0 0 0 0 0 0 1.16222 98.8378 
565487 1477887 0 0.434257 0 0 0 0 0 0 1.08235 98.9176 
567487 1477887 0 0.426631 0 0 0 0 0 0 1.00353 98.9965 
569487 1477887 0 0.418798 0 0 0 0 0 0 0.926352 99.0736 
571487 1477887 0 0.410786 0 0 0 0 0 0 0.85135 99.1486 
573487 1477887 0 0.402622 0 0 0 0 0 0 0.778986 99.221 
575487 1477887 0 0.394332 0 0 0 0 0 0 0.709648 99.2904 
577487 1477887 0 0.38594 0 0 0 0 0 0 0.643653 99.3563 
579487 1477887 0 0.377471 0 0 0 0 0 0 0.581245 99.4188 
581487 1477887 0 0.368945 0 0 0 0 0 0 0.522601 99.4774 
583487 1477887 0 0.360384 0 0 0 0 0 0 0.467829 99.5322 
585487 1477887 0 0.351807 0 0 0 0 0 0 0.416981 99.583 
587487 1477887 0 0.343232 0 0 0 0 0 0 0.370049 99.63 
589487 1477887 0 0.334677 0 0 0 0 0 0 0.326981 99.673 
591487 1477887 0 0.326156 0 0 0 0 0 0 0.287681 99.7123 
593487 1477887 0 0.317684 0 0 0 0 0 0 0.252016 99.748 
595487 1477887 0 0.309274 0 0 0 0 0 0 0.219826 99.7802 
597487 1477887 0 0.300939 0 0 0 0 0 0 0.190927 99.8091 
599487 1477887 0 0.292688 0 0 0 0 0 0 0.165119 99.8349 
601487 1477887 0 0.284533 0 0 0 0 0 0 0.142192 99.8578 
603487 1477887 0 0.276482 0 0 0 0 0 0 0.121928 99.8781 
605487 1477887 0 0.268543 0 0 0 0 0 0 0.104109 99.8959 
607487 1477887 0 0.260723 0 0 0 0 0 0 0.0885177 99.9115 
609487 1477887 0 0.253028 0 0 0 0 0 0 0.0749437 99.9251 
611487 1477887 0 0.245465 0 0 0 0 0 0 0.0631839 99.9368 
613487 1477887 0 0.238038 0 0 0 0 0 0 0.0530454 99.947 
615487 1477887 0 0.23075 0 0 0 0 0 0 0.0443467 99.9557 
617487 1477887 0 0.223607 0 0 0 0 0 0 0.036919 99.9631 
619487 1477887 0 0.216609 0 0 0 0 0 0 0.0306068 99.9694 
621487 1477887 0 0.209761 0 0 0 0 0 0 0.0252677 99.9747 
623487 1477887 0 0.203063 0 0 0 0 0 0 0.0207729 99.9792 
625487 1477887 0 0.196518 0 0 0 0 0 0 0.0170065 99.983 
627487 1477887 0 0.190125 0 0 0 0 0 0 0.013865 99.9861 
629487 1477887 0 0.183886 0 0 0 0 0 0 0.0112568 99.9887 
433487 1475887 0 0.184686 0 0 0 0 0 0 0.011616 99.9884 
435487 1475887 0 0.191074 0 0 0 0 0 0 0.0143584 99.9856 
437487 1475887 0 0.197629 0 0 0 0 0 0 0.0176745 99.9823 
439487 1475887 0 0.204349 0 0 0 0 0 0 0.021666 99.9783 
441487 1475887 0 0.211234 0 0 0 0 0 0 0.0264484 99.9736 
443487 1475887 0 0.218284 0 0 0 0 0 0 0.0321518 99.9678 
445487 1475887 0 0.225498 0 0 0 0 0 0 0.038922 99.9611 
447487 1475887 0 0.232875 0 0 0 0 0 0 0.0469209 99.9531 
449487 1475887 0 0.240412 0 0 0 0 0 0 0.0563268 99.9437 
451487 1475887 0 0.248106 0 0 0 0 0 0 0.0673349 99.9327 
453487 1475887 0 0.255955 0 0 0 0 0 0 0.0801562 99.9198 
455487 1475887 0 0.263954 0 0 0 0 0 0 0.0950173 99.905 
457487 1475887 0 0.272099 0 0 0 0 0 0 0.112159 99.8878 
459487 1475887 0 0.280385 0 0 0 0 0 0 0.131833 99.8682 
461487 1475887 0 0.288804 0 0 0 0 0 0 0.154303 99.8457 
463487 1475887 0 0.297351 0 0 0 0 0 0 0.179836 99.8202 
465487 1475887 0 0.306016 0 0 0 0 0 0 0.208702 99.7913 
467487 1475887 0 0.314792 0 0 0 0 0 0 0.241169 99.7588 
469487 1475887 0 0.323667 0 0 0 0 0 0 0.277495 99.7225 
471487 1475887 0 0.332631 0 0 0 0 0 0 0.317924 99.6821 
473487 1475887 0 0.341671 0 0 0 0 0 0 0.362677 99.6373 
475487 1475887 0 0.350773 0 0 0 0 0 0 0.411948 99.5881 
477487 1475887 0 0.359923 0 0 0 0 0 0 0.465891 99.5341 
479487 1475887 0 0.369103 0 0 0 0 0 0 0.524616 99.4754 
481487 1475887 0 0.378297 0 0 0 0 0 0 0.588178 99.4118 
483487 1475887 0 0.387484 0 0 0 0 0 0 0.65657 99.3434 
485487 1475887 0 0.396644 0 0 0 0 0 0 0.729718 99.2703 
487487 1475887 0 0.405755 0 0 0 0 0 0 0.80747 99.1925 
489487 1475887 0 0.414791 0 0 0 0 0 0 0.889591 99.1104 
491487 1475887 0 0.423728 0 0 0 0 0 0 0.975764 99.0242 
493487 1475887 0 0.432537 0 0 0 0 0 0 1.06558 98.9344 
495487 1475887 0 0.441192 0 0 0 0 0 0 1.15854 98.8415 
497487 1475887 0 0.449661 0 0 0 0 0 0 1.25405 98.746 
499487 1475887 0 0.457913 0 0 0 0 0 0 1.35145 98.6486 
501487 1475887 0 0.465916 0 0 0 0 0 0 1.44998 98.55 
503487 1475887 0 0.473636 0 0 0 0 0 0 1.54882 98.4512 
505487 1475887 0 0.481041 0 0 0 0 0 0 1.64708 98.3529 
507487 1475887 0 0.488095 0 0 0 0 0 0 1.74383 98.2562 
509487 1475887 0 0.494764 0 0 0 0 0 0 1.8381 98.1619 
511487 1475887 0 0.501016 0 0 0 0 0 0 1.9289 98.0711 
513487 1475887 0 0.506816 0 0 0 0 0 0 2.01524 97.9848 
515487 1475887 0 0.512134 0 0 0 0 0 0 2.09614 97.9039 
517487 1475887 0 0.516938 0 0 0 0 0 0 2.17065 97.8293 
519487 1475887 0 0.521202 0 0 0 0 0 0 2.23789 97.7621 
521487 1475887 0 0.524899 0 0 0 0 0 0 2.29703 97.703 
523487 1475887 0 0.528006 0 0 0 0 0 0 2.34734 97.6527 
525487 1475887 0 0.530505 0 0 0 0 0 0 2.38817 97.6118 
527487 1475887 0 0.532379 0 0 0 0 0 0 2.41901 97.581 
529487 1475887 0 0.533617 0 0 0 0 0 0 2.43945 97.5606 
531487 1475887 0 0.534209 0 0 0 0 0 0 2.44922 97.5508 
533487 1475887 0 0.534152 0 0 0 0 0 0 2.44821 97.5518 
535487 1475887 0 0.533447 0 0 0 0 0 0 2.43642 97.5636 
537487 1475887 0 0.532098 0 0 0 0 0 0 2.414 97.586 
539487 1475887 0 0.530114 0 0 0 0 0 0 2.38126 97.6187 
541487 1475887 0 0.527508 0 0 0 0 0 0 2.3386 97.6614 
543487 1475887 0 0.524297 0 0 0 0 0 0 2.28659 97.7134 
545487 1475887 0 0.520499 0 0 0 0 0 0 2.22587 97.7741 
547487 1475887 0 0.51614 0 0 0 0 0 0 2.1572 97.8428 
549487 1475887 0 0.511245 0 0 0 0 0 0 2.08141 97.9186 
551487 1475887 0 0.505841 0 0 0 0 0 0 1.99942 98.0006 
553487 1475887 0 0.499961 0 0 0 0 0 0 1.91217 98.0878 
555487 1475887 0 0.493635 0 0 0 0 0 0 1.82065 98.1794 
557487 1475887 0 0.486897 0 0 0 0 0 0 1.72584 98.2742 
559487 1475887 0 0.479781 0 0 0 0 0 0 1.62873 98.3713 
561487 1475887 0 0.47232 0 0 0 0 0 0 1.53029 98.4697 
563487 1475887 0 0.46455 0 0 0 0 0 0 1.43145 98.5686 
565487 1475887 0 0.456502 0 0 0 0 0 0 1.33307 98.6669 
567487 1475887 0 0.448212 0 0 0 0 0 0 1.23597 98.764 
569487 1475887 0 0.43971 0 0 0 0 0 0 1.14089 98.8591 
571487 1475887 0 0.431028 0 0 0 0 0 0 1.04848 98.9515 
573487 1475887 0 0.422196 0 0 0 0 0 0 0.959316 99.0407 
575487 1475887 0 0.413241 0 0 0 0 0 0 0.873876 99.1261 
577487 1475887 0 0.404192 0 0 0 0 0 0 0.792554 99.2074 
579487 1475887 0 0.395073 0 0 0 0 0 0 0.715651 99.2843 
581487 1475887 0 0.385908 0 0 0 0 0 0 0.643387 99.3566 
583487 1475887 0 0.37672 0 0 0 0 0 0 0.575897 99.4241 
585487 1475887 0 0.367529 0 0 0 0 0 0 0.513245 99.4868 
587487 1475887 0 0.358354 0 0 0 0 0 0 0.455423 99.5446 
589487 1475887 0 0.349213 0 0 0 0 0 0 0.402366 99.5976 
591487 1475887 0 0.340122 0 0 0 0 0 0 0.353956 99.646 
593487 1475887 0 0.331096 0 0 0 0 0 0 0.310029 99.69 
595487 1475887 0 0.322148 0 0 0 0 0 0 0.270387 99.7296 
597487 1475887 0 0.31329 0 0 0 0 0 0 0.234803 99.7652 
599487 1475887 0 0.304534 0 0 0 0 0 0 0.203031 99.797 
601487 1475887 0 0.29589 0 0 0 0 0 0 0.17481 99.8252 
603487 1475887 0 0.287366 0 0 0 0 0 0 0.149872 99.8501 
605487 1475887 0 0.27897 0 0 0 0 0 0 0.127946 99.8721 
607487 1475887 0 0.270709 0 0 0 0 0 0 0.108766 99.8912 
609487 1475887 0 0.26259 0 0 0 0 0 0 0.0920703 99.9079 
611487 1475887 0 0.254617 0 0 0 0 0 0 0.0776091 99.9224 
613487 1475887 0 0.246796 0 0 0 0 0 0 0.0651441 99.9349 
615487 1475887 0 0.239129 0 0 0 0 0 0 0.0544516 99.9455 
617487 1475887 0 0.23162 0 0 0 0 0 0 0.0453233 99.9547 
619487 1475887 0 0.224272 0 0 0 0 0 0 0.0375675 99.9624 
621487 1475887 0 0.217087 0 0 0 0 0 0 0.0310087 99.969 
623487 1475887 0 0.210065 0 0 0 0 0 0 0.0254883 99.9745 
625487 1475887 0 0.203209 0 0 0 0 0 0 0.0208633 99.9791 
627487 1475887 0 0.196518 0 0 0 0 0 0 0.0170065 99.983 
629487 1475887 0 0.189993 0 0 0 0 0 0 0.013805 99.9862 
433487 1473887 0 0.190696 0 0 0 0 0 0 0.0141843 99.9858 
435487 1473887 0 0.197372 0 0 0 0 0 0 0.017536 99.9825 
437487 1473887 0 0.204227 0 0 0 0 0 0 0.0215896 99.9784 
439487 1473887 0 0.21126 0 0 0 0 0 0 0.0264699 99.9735 
441487 1473887 0 0.218472 0 0 0 0 0 0 0.0323182 99.9677 
443487 1473887 0 0.225863 0 0 0 0 0 0 0.0392944 99.9607 
445487 1473887 0 0.233433 0 0 0 0 0 0 0.0475771 99.9524 
447487 1473887 0 0.24118 0 0 0 0 0 0 0.057365 99.9426 
449487 1473887 0 0.249103 0 0 0 0 0 0 0.0688772 99.9311 
451487 1473887 0 0.2572 0 0 0 0 0 0 0.0823529 99.9176 
453487 1473887 0 0.265467 0 0 0 0 0 0 0.0980516 99.9019 
455487 1473887 0 0.273902 0 0 0 0 0 0 0.116252 99.8837 
457487 1473887 0 0.2825 0 0 0 0 0 0 0.137249 99.8628 
459487 1473887 0 0.291256 0 0 0 0 0 0 0.161353 99.8386 
461487 1473887 0 0.300164 0 0 0 0 0 0 0.188887 99.8111 
463487 1473887 0 0.309218 0 0 0 0 0 0 0.22018 99.7798 
465487 1473887 0 0.318409 0 0 0 0 0 0 0.255564 99.7444 
467487 1473887 0 0.32773 0 0 0 0 0 0 0.295368 99.7046 
469487 1473887 0 0.337169 0 0 0 0 0 0 0.33991 99.6601 
471487 1473887 0 0.346716 0 0 0 0 0 0 0.38949 99.6105 
473487 1473887 0 0.356358 0 0 0 0 0 0 0.444379 99.5556 
475487 1473887 0 0.366081 0 0 0 0 0 0 0.504814 99.4952 
477487 1473887 0 0.37587 0 0 0 0 0 0 0.570985 99.429 
479487 1473887 0 0.385708 0 0 0 0 0 0 0.643026 99.357 
481487 1473887 0 0.395576 0 0 0 0 0 0 0.721003 99.279 
483487 1473887 0 0.405454 0 0 0 0 0 0 0.804908 99.1951 
485487 1473887 0 0.41532 0 0 0 0 0 0 0.894646 99.1054 
487487 1473887 0 0.425149 0 0 0 0 0 0 0.990028 99.01 
489487 1473887 0 0.434915 0 0 0 0 0 0 1.09077 98.9092 
491487 1473887 0 0.444591 0 0 0 0 0 0 1.19646 98.8035 
493487 1473887 0 0.454147 0 0 0 0 0 0 1.30662 98.6934 
495487 1473887 0 0.463551 0 0 0 0 0 0 1.42061 98.5794 
497487 1473887 0 0.47277 0 0 0 0 0 0 1.53773 98.4623 
499487 1473887 0 0.481768 0 0 0 0 0 0 1.65713 98.3429 
501487 1473887 0 0.49051 0 0 0 0 0 0 1.7779 98.2221 
503487 1473887 0 0.498958 0 0 0 0 0 0 1.89903 98.101 
505487 1473887 0 0.507073 0 0 0 0 0 0 2.01942 97.9806 
507487 1473887 0 0.514817 0 0 0 0 0 0 2.13794 97.8621 
509487 1473887 0 0.522149 0 0 0 0 0 0 2.2534 97.7466 
511487 1473887 0 0.529032 0 0 0 0 0 0 2.36458 97.6354 
513487 1473887 0 0.535427 0 0 0 0 0 0 2.47027 97.5297 
515487 1473887 0 0.541297 0 0 0 0 0 0 2.56928 97.4307 
517487 1473887 0 0.546606 0 0 0 0 0 0 2.66047 97.3395 
519487 1473887 0 0.551323 0 0 0 0 0 0 2.74274 97.2573 
521487 1473887 0 0.555416 0 0 0 0 0 0 2.81508 97.1849 
523487 1473887 0 0.55886 0 0 0 0 0 0 2.87661 97.1234 
525487 1473887 0 0.561631 0 0 0 0 0 0 2.92655 97.0734 
527487 1473887 0 0.56371 0 0 0 0 0 0 2.96426 97.0357 
529487 1473887 0 0.565083 0 0 0 0 0 0 2.98925 97.0107 
531487 1473887 0 0.56574 0 0 0 0 0 0 3.0012 96.9988 
533487 1473887 0 0.565677 0 0 0 0 0 0 2.99996 97 
535487 1473887 0 0.564894 0 0 0 0 0 0 2.98555 97.0145 
537487 1473887 0 0.563397 0 0 0 0 0 0 2.95814 97.0419 
539487 1473887 0 0.561196 0 0 0 0 0 0 2.91809 97.0819 
541487 1473887 0 0.558306 0 0 0 0 0 0 2.86592 97.1341 
543487 1473887 0 0.554748 0 0 0 0 0 0 2.8023 97.1977 
545487 1473887 0 0.550543 0 0 0 0 0 0 2.72802 97.272 
547487 1473887 0 0.545721 0 0 0 0 0 0 2.644 97.356 
549487 1473887 0 0.540312 0 0 0 0 0 0 2.55126 97.4487 
551487 1473887 0 0.534349 0 0 0 0 0 0 2.4509 97.5491 
553487 1473887 0 0.527867 0 0 0 0 0 0 2.34409 97.6559 
555487 1473887 0 0.520904 0 0 0 0 0 0 2.23202 97.768 
557487 1473887 0 0.513498 0 0 0 0 0 0 2.1159 97.8841 
559487 1473887 0 0.505688 0 0 0 0 0 0 1.99694 98.0031 
561487 1473887 0 0.497513 0 0 0 0 0 0 1.87632 98.1237 
563487 1473887 0 0.489013 0 0 0 0 0 0 1.75518 98.2448 
565487 1473887 0 0.480225 0 0 0 0 0 0 1.63459 98.3654 
567487 1473887 0 0.471187 0 0 0 0 0 0 1.51555 98.4844 
569487 1473887 0 0.461935 0 0 0 0 0 0 1.39897 98.601 
571487 1473887 0 0.452504 0 0 0 0 0 0 1.28564 98.7144 
573487 1473887 0 0.442927 0 0 0 0 0 0 1.17628 98.8237 
575487 1473887 0 0.433235 0 0 0 0 0 0 1.07148 98.9285 
577487 1473887 0 0.423458 0 0 0 0 0 0 0.971726 99.0283 
579487 1473887 0 0.413623 0 0 0 0 0 0 0.877385 99.1226 
581487 1473887 0 0.403755 0 0 0 0 0 0 0.788731 99.2113 
583487 1473887 0 0.393879 0 0 0 0 0 0 0.705934 99.2941 
585487 1473887 0 0.384017 0 0 0 0 0 0 0.629073 99.3709 
587487 1473887 0 0.374188 0 0 0 0 0 0 0.558141 99.4419 
589487 1473887 0 0.364411 0 0 0 0 0 0 0.493058 99.5069 
591487 1473887 0 0.354702 0 0 0 0 0 0 0.43368 99.5663 
593487 1473887 0 0.345077 0 0 0 0 0 0 0.379806 99.6202 
595487 1473887 0 0.335549 0 0 0 0 0 0 0.331193 99.6688 
597487 1473887 0 0.326131 0 0 0 0 0 0 0.287562 99.7124 
599487 1473887 0 0.316834 0 0 0 0 0 0 0.248611 99.7514 
601487 1473887 0 0.307667 0 0 0 0 0 0 0.214019 99.786 
603487 1473887 0 0.298639 0 0 0 0 0 0 0.183456 99.8165 
605487 1473887 0 0.289758 0 0 0 0 0 0 0.15659 99.8434 
607487 1473887 0 0.28103 0 0 0 0 0 0 0.133092 99.8669 
609487 1473887 0 0.272461 0 0 0 0 0 0 0.112642 99.8874 
611487 1473887 0 0.264056 0 0 0 0 0 0 0.0949323 99.9051 
613487 1473887 0 0.255818 0 0 0 0 0 0 0.0796705 99.9203 
615487 1473887 0 0.247752 0 0 0 0 0 0 0.0665816 99.9334 
617487 1473887 0 0.23986 0 0 0 0 0 0 0.0554098 99.9446 
619487 1473887 0 0.232144 0 0 0 0 0 0 0.0459197 99.9541 
621487 1473887 0 0.224606 0 0 0 0 0 0 0.037896 99.9621 
623487 1473887 0 0.217246 0 0 0 0 0 0 0.0311439 99.9689 
625487 1473887 0 0.210065 0 0 0 0 0 0 0.0254883 99.9745 
627487 1473887 0 0.203063 0 0 0 0 0 0 0.0207729 99.9792 
629487 1473887 0 0.19624 0 0 0 0 0 0 0.0168596 99.9831 
433487 1471887 0 0.196838 0 0 0 0 0 0 0.0172483 99.9828 
435487 1471887 0 0.203812 0 0 0 0 0 0 0.0213275 99.9787 
437487 1471887 0 0.210979 0 0 0 0 0 0 0.0262621 99.9737 
439487 1471887 0 0.218338 0 0 0 0 0 0 0.0322041 99.9678 
441487 1471887 0 0.225891 0 0 0 0 0 0 0.0393264 99.9607 
443487 1471887 0 0.233639 0 0 0 0 0 0 0.0478239 99.9522 
445487 1471887 0 0.241581 0 0 0 0 0 0 0.057915 99.9421 
447487 1471887 0 0.249717 0 0 0 0 0 0 0.0698424 99.9302 
449487 1471887 0 0.258046 0 0 0 0 0 0 0.0838738 99.9161 
451487 1471887 0 0.266566 0 0 0 0 0 0 0.100302 99.8997 
453487 1471887 0 0.275275 0 0 0 0 0 0 0.119444 99.8806 
455487 1471887 0 0.28417 0 0 0 0 0 0 0.14164 99.8584 
457487 1471887 0 0.293247 0 0 0 0 0 0 0.167253 99.8327 
459487 1471887 0 0.302503 0 0 0 0 0 0 0.196661 99.8033 
461487 1471887 0 0.311932 0 0 0 0 0 0 0.23026 99.7697 
463487 1471887 0 0.321527 0 0 0 0 0 0 0.268452 99.7315 
465487 1471887 0 0.331281 0 0 0 0 0 0 0.311644 99.6884 
467487 1471887 0 0.341186 0 0 0 0 0 0 0.360238 99.6398 
469487 1471887 0 0.351232 0 0 0 0 0 0 0.414623 99.5854 
471487 1471887 0 0.361408 0 0 0 0 0 0 0.475165 99.5248 
473487 1471887 0 0.371702 0 0 0 0 0 0 0.542197 99.4578 
475487 1471887 0 0.3821 0 0 0 0 0 0 0.616007 99.384 
477487 1471887 0 0.392586 0 0 0 0 0 0 0.696825 99.3032 
479487 1471887 0 0.403142 0 0 0 0 0 0 0.784815 99.2152 
481487 1471887 0 0.41375 0 0 0 0 0 0 0.880054 99.1199 
483487 1471887 0 0.424388 0 0 0 0 0 0 0.98253 99.0175 
485487 1471887 0 0.435033 0 0 0 0 0 0 1.09212 98.9079 
487487 1471887 0 0.445658 0 0 0 0 0 0 1.2086 98.7914 
489487 1471887 0 0.456236 0 0 0 0 0 0 1.3316 98.6684 
491487 1471887 0 0.466737 0 0 0 0 0 0 1.46064 98.5394 
493487 1471887 0 0.477127 0 0 0 0 0 0 1.5951 98.4049 
495487 1471887 0 0.487373 0 0 0 0 0 0 1.73422 98.2658 
497487 1471887 0 0.497437 0 0 0 0 0 0 1.87712 98.1229 
499487 1471887 0 0.507279 0 0 0 0 0 0 2.02277 97.9772 
501487 1471887 0 0.516859 0 0 0 0 0 0 2.17006 97.8299 
503487 1471887 0 0.526133 0 0 0 0 0 0 2.31774 97.6823 
505487 1471887 0 0.535059 0 0 0 0 0 0 2.46449 97.5355 
507487 1471887 0 0.543591 0 0 0 0 0 0 2.60891 97.3911 
509487 1471887 0 0.551683 0 0 0 0 0 0 2.74956 97.2504 
511487 1471887 0 0.559292 0 0 0 0 0 0 2.88496 97.115 
513487 1471887 0 0.566371 0 0 0 0 0 0 3.01364 96.9864 
515487 1471887 0 0.572878 0 0 0 0 0 0 3.13416 96.8658 
517487 1471887 0 0.578771 0 0 0 0 0 0 3.24512 96.7549 
519487 1471887 0 0.584012 0 0 0 0 0 0 3.3452 96.6548 
521487 1471887 0 0.588565 0 0 0 0 0 0 3.4332 96.5668 
523487 1471887 0 0.592399 0 0 0 0 0 0 3.50803 96.492 
525487 1471887 0 0.595485 0 0 0 0 0 0 3.56874 96.4313 
527487 1471887 0 0.597802 0 0 0 0 0 0 3.61459 96.3854 
529487 1471887 0 0.599333 0 0 0 0 0 0 3.64497 96.355 
531487 1471887 0 0.600065 0 0 0 0 0 0 3.6595 96.3405 
533487 1471887 0 0.599995 0 0 0 0 0 0 3.65799 96.342 
535487 1471887 0 0.599122 0 0 0 0 0 0 3.64046 96.3595 
537487 1471887 0 0.597452 0 0 0 0 0 0 3.60714 96.3929 
539487 1471887 0 0.594999 0 0 0 0 0 0 3.55845 96.4415 
541487 1471887 0 0.59178 0 0 0 0 0 0 3.49502 96.505 
543487 1471887 0 0.587818 0 0 0 0 0 0 3.41765 96.5824 
545487 1471887 0 0.583143 0 0 0 0 0 0 3.32729 96.6727 
547487 1471887 0 0.577785 0 0 0 0 0 0 3.22507 96.7749 
549487 1471887 0 0.571782 0 0 0 0 0 0 3.11221 96.8878 
551487 1471887 0 0.565173 0 0 0 0 0 0 2.99006 97.0099 
553487 1471887 0 0.557999 0 0 0 0 0 0 2.86 97.14 
555487 1471887 0 0.550304 0 0 0 0 0 0 2.72351 97.2765 
557487 1471887 0 0.542133 0 0 0 0 0 0 2.58204 97.418 
559487 1471887 0 0.53353 0 0 0 0 0 0 2.43708 97.5629 
561487 1471887 0 0.524542 0 0 0 0 0 0 2.29005 97.7099 
563487 1471887 0 0.515212 0 0 0 0 0 0 2.14235 97.8576 
565487 1471887 0 0.505585 0 0 0 0 0 0 1.99528 98.0047 
567487 1471887 0 0.495704 0 0 0 0 0 0 1.85006 98.1499 
569487 1471887 0 0.485607 0 0 0 0 0 0 1.7078 98.2922 
571487 1471887 0 0.475336 0 0 0 0 0 0 1.5695 98.4305 
573487 1471887 0 0.464926 0 0 0 0 0 0 1.436 98.564 
575487 1471887 0 0.454411 0 0 0 0 0 0 1.30806 98.6919 
577487 1471887 0 0.443825 0 0 0 0 0 0 1.18625 98.8138 
579487 1471887 0 0.433196 0 0 0 0 0 0 1.07104 98.929 
581487 1471887 0 0.422553 0 0 0 0 0 0 0.962769 99.0372 
583487 1471887 0 0.411921 0 0 0 0 0 0 0.861646 99.1384 
585487 1471887 0 0.401323 0 0 0 0 0 0 0.76777 99.2322 
587487 1471887 0 0.390779 0 0 0 0 0 0 0.681135 99.3189 
589487 1471887 0 0.380309 0 0 0 0 0 0 0.601647 99.3984 
591487 1471887 0 0.36993 0 0 0 0 0 0 0.529128 99.4709 
593487 1471887 0 0.359658 0 0 0 0 0 0 0.463337 99.5367 
595487 1471887 0 0.349505 0 0 0 0 0 0 0.403977 99.596 
597487 1471887 0 0.339484 0 0 0 0 0 0 0.350707 99.6493 
599487 1471887 0 0.329606 0 0 0 0 0 0 0.303155 99.6968 
601487 1471887 0 0.31988 0 0 0 0 0 0 0.260931 99.7391 
603487 1471887 0 0.310315 0 0 0 0 0 0 0.223631 99.7764 
605487 1471887 0 0.300917 0 0 0 0 0 0 0.190848 99.8092 
607487 1471887 0 0.291693 0 0 0 0 0 0 0.162181 99.8378 
609487 1471887 0 0.282648 0 0 0 0 0 0 0.137237 99.8628 
611487 1471887 0 0.273786 0 0 0 0 0 0 0.11564 99.8844 
613487 1471887 0 0.26511 0 0 0 0 0 0 0.0970312 99.903 
615487 1471887 0 0.256624 0 0 0 0 0 0 0.0810753 99.9189 
617487 1471887 0 0.248329 0 0 0 0 0 0 0.0674593 99.9325 
619487 1471887 0 0.240227 0 0 0 0 0 0 0.0558953 99.9441 
621487 1471887 0 0.23232 0 0 0 0 0 0 0.0461202 99.9539 
623487 1471887 0 0.224606 0 0 0 0 0 0 0.037896 99.9621 
625487 1471887 0 0.217087 0 0 0 0 0 0 0.0310087 99.969 
627487 1471887 0 0.209761 0 0 0 0 0 0 0.0252677 99.9747 
629487 1471887 0 0.202628 0 0 0 0 0 0 0.0205041 99.9795 
433487 1469887 0 0.203109 0 0 0 0 0 0 0.0208864 99.9791 
435487 1469887 0 0.210393 0 0 0 0 0 0 0.0258305 99.9742 
437487 1469887 0 0.217884 0 0 0 0 0 0 0.0318125 99.9682 
439487 1469887 0 0.225583 0 0 0 0 0 0 0.0390172 99.961 
441487 1469887 0 0.233492 0 0 0 0 0 0 0.0476547 99.9523 
443487 1469887 0 0.241612 0 0 0 0 0 0 0.0579623 99.942 
445487 1469887 0 0.249944 0 0 0 0 0 0 0.0702054 99.9298 
447487 1469887 0 0.258487 0 0 0 0 0 0 0.0846794 99.9153 
449487 1469887 0 0.267242 0 0 0 0 0 0 0.10171 99.8983 
451487 1469887 0 0.276208 0 0 0 0 0 0 0.121654 99.8783 
453487 1469887 0 0.285383 0 0 0 0 0 0 0.144898 99.8551 
455487 1469887 0 0.294765 0 0 0 0 0 0 0.171855 99.8281 
457487 1469887 0 0.304351 0 0 0 0 0 0 0.202967 99.797 
459487 1469887 0 0.314138 0 0 0 0 0 0 0.238696 99.7613 
461487 1469887 0 0.324121 0 0 0 0 0 0 0.279523 99.7205 
463487 1469887 0 0.334294 0 0 0 0 0 0 0.325939 99.6741 
465487 1469887 0 0.344651 0 0 0 0 0 0 0.378439 99.6216 
467487 1469887 0 0.355185 0 0 0 0 0 0 0.437512 99.5625 
469487 1469887 0 0.365885 0 0 0 0 0 0 0.503631 99.4964 
471487 1469887 0 0.376742 0 0 0 0 0 0 0.577242 99.4228 
473487 1469887 0 0.387743 0 0 0 0 0 0 0.658748 99.3413 
475487 1469887 0 0.398875 0 0 0 0 0 0 0.748499 99.2515 
477487 1469887 0 0.410121 0 0 0 0 0 0 0.846772 99.1532 
479487 1469887 0 0.421466 0 0 0 0 0 0 0.953763 99.0462 
481487 1469887 0 0.432887 0 0 0 0 0 0 1.06956 98.9304 
483487 1469887 0 0.444364 0 0 0 0 0 0 1.19415 98.8058 
485487 1469887 0 0.455872 0 0 0 0 0 0 1.32738 98.6726 
487487 1469887 0 0.467383 0 0 0 0 0 0 1.46895 98.5311 
489487 1469887 0 0.478867 0 0 0 0 0 0 1.61842 98.3816 
491487 1469887 0 0.490291 0 0 0 0 0 0 1.7752 98.2248 
493487 1469887 0 0.50162 0 0 0 0 0 0 1.93853 98.0615 
495487 1469887 0 0.512815 0 0 0 0 0 0 2.10747 97.8925 
497487 1469887 0 0.523835 0 0 0 0 0 0 2.28094 97.7191 
499487 1469887 0 0.534635 0 0 0 0 0 0 2.45771 97.5423 
501487 1469887 0 0.54517 0 0 0 0 0 0 2.63639 97.3636 
503487 1469887 0 0.555389 0 0 0 0 0 0 2.81549 97.1845 
505487 1469887 0 0.565244 0 0 0 0 0 0 2.99339 97.0066 
507487 1469887 0 0.574681 0 0 0 0 0 0 3.16841 96.8316 
509487 1469887 0 0.583649 0 0 0 0 0 0 3.33879 96.6612 
511487 1469887 0 0.592095 0 0 0 0 0 0 3.50275 96.4973 
513487 1469887 0 0.599967 0 0 0 0 0 0 3.65852 96.3415 
515487 1469887 0 0.607213 0 0 0 0 0 0 3.80436 96.1956 
517487 1469887 0 0.613784 0 0 0 0 0 0 3.93859 96.0614 
519487 1469887 0 0.619636 0 0 0 0 0 0 4.05962 95.9404 
521487 1469887 0 0.624724 0 0 0 0 0 0 4.16601 95.834 
523487 1469887 0 0.629013 0 0 0 0 0 0 4.25645 95.7435 
525487 1469887 0 0.632468 0 0 0 0 0 0 4.32983 95.6702 
527487 1469887 0 0.635064 0 0 0 0 0 0 4.38522 95.6148 
529487 1469887 0 0.636779 0 0 0 0 0 0 4.42193 95.5781 
531487 1469887 0 0.6376 0 0 0 0 0 0 4.43948 95.5605 
533487 1469887 0 0.637521 0 0 0 0 0 0 4.43766 95.5623 
535487 1469887 0 0.636542 0 0 0 0 0 0 4.41648 95.5835 
537487 1469887 0 0.634671 0 0 0 0 0 0 4.37622 95.6238 
539487 1469887 0 0.631922 0 0 0 0 0 0 4.31739 95.6826 
541487 1469887 0 0.628318 0 0 0 0 0 0 4.24073 95.7593 
543487 1469887 0 0.623887 0 0 0 0 0 0 4.1472 95.8528 
545487 1469887 0 0.618662 0 0 0 0 0 0 4.03796 95.962 
547487 1469887 0 0.612681 0 0 0 0 0 0 3.91433 96.0857 
549487 1469887 0 0.605988 0 0 0 0 0 0 3.7778 96.2222 
551487 1469887 0 0.59863 0 0 0 0 0 0 3.62997 96.37 
553487 1469887 0 0.590655 0 0 0 0 0 0 3.47253 96.5275 
555487 1469887 0 0.582115 0 0 0 0 0 0 3.30723 96.6928 
557487 1469887 0 0.573062 0 0 0 0 0 0 3.13584 96.8642 
559487 1469887 0 0.563549 0 0 0 0 0 0 2.96016 97.0398 
561487 1469887 0 0.553629 0 0 0 0 0 0 2.78191 97.2181 
563487 1469887 0 0.543353 0 0 0 0 0 0 2.60277 97.3972 
565487 1469887 0 0.53277 0 0 0 0 0 0 2.42434 97.5757 
567487 1469887 0 0.521931 0 0 0 0 0 0 2.24809 97.7519 
569487 1469887 0 0.510879 0 0 0 0 0 0 2.07538 97.9246 
571487 1469887 0 0.49966 0 0 0 0 0 0 1.90742 98.0926 
573487 1469887 0 0.488314 0 0 0 0 0 0 1.74526 98.2547 
575487 1469887 0 0.476879 0 0 0 0 0 0 1.5898 98.4102 
577487 1469887 0 0.465391 0 0 0 0 0 0 1.44177 98.5582 
579487 1469887 0 0.453881 0 0 0 0 0 0 1.30174 98.6983 
581487 1469887 0 0.442379 0 0 0 0 0 0 1.17012 98.8299 
583487 1469887 0 0.430912 0 0 0 0 0 0 1.04718 98.9528 
585487 1469887 0 0.419505 0 0 0 0 0 0 0.933033 99.067 
587487 1469887 0 0.408178 0 0 0 0 0 0 0.82769 99.1723 
589487 1469887 0 0.396952 0 0 0 0 0 0 0.731034 99.269 
591487 1469887 0 0.385844 0 0 0 0 0 0 0.642854 99.3571 
593487 1469887 0 0.374869 0 0 0 0 0 0 0.562858 99.4371 
595487 1469887 0 0.364041 0 0 0 0 0 0 0.490685 99.5093 
597487 1469887 0 0.353371 0 0 0 0 0 0 0.425922 99.5741 
599487 1469887 0 0.342869 0 0 0 0 0 0 0.368119 99.6319 
601487 1469887 0 0.332545 0 0 0 0 0 0 0.316797 99.6832 
603487 1469887 0 0.322406 0 0 0 0 0 0 0.271467 99.7285 
605487 1469887 0 0.312458 0 0 0 0 0 0 0.231632 99.7684 
607487 1469887 0 0.302707 0 0 0 0 0 0 0.196805 99.8032 
609487 1469887 0 0.293157 0 0 0 0 0 0 0.166506 99.8335 
611487 1469887 0 0.283812 0 0 0 0 0 0 0.140277 99.8597 
613487 1469887 0 0.274674 0 0 0 0 0 0 0.117683 99.8823 
615487 1469887 0 0.265745 0 0 0 0 0 0 0.0983128 99.9017 
617487 1469887 0 0.257028 0 0 0 0 0 0 0.0817869 99.9182 
619487 1469887 0 0.248522 0 0 0 0 0 0 0.0677545 99.9322 
621487 1469887 0 0.240227 0 0 0 0 0 0 0.0558953 99.9441 
623487 1469887 0 0.232144 0 0 0 0 0 0 0.0459197 99.9541 
625487 1469887 0 0.224272 0 0 0 0 0 0 0.0375675 99.9624 
627487 1469887 0 0.216609 0 0 0 0 0 0 0.0306068 99.9694 
629487 1469887 0 0.209155 0 0 0 0 0 0 0.0248323 99.9752 
433487 1467887 0 0.209506 0 0 0 0 0 0 0.0251861 99.9748 
435487 1467887 0 0.217112 0 0 0 0 0 0 0.0311533 99.9688 
437487 1467887 0 0.22494 0 0 0 0 0 0 0.0383748 99.9616 
439487 1467887 0 0.232993 0 0 0 0 0 0 0.0470741 99.9529 
441487 1467887 0 0.241274 0 0 0 0 0 0 0.0575057 99.9425 
443487 1467887 0 0.249783 0 0 0 0 0 0 0.0699566 99.93 
445487 1467887 0 0.258522 0 0 0 0 0 0 0.0847487 99.9153 
447487 1467887 0 0.267493 0 0 0 0 0 0 0.10224 99.8978 
449487 1467887 0 0.276696 0 0 0 0 0 0 0.122825 99.8772 
451487 1467887 0 0.286131 0 0 0 0 0 0 0.146936 99.8531 
453487 1467887 0 0.295797 0 0 0 0 0 0 0.175042 99.825 
455487 1467887 0 0.305694 0 0 0 0 0 0 0.207644 99.7924 
457487 1467887 0 0.31582 0 0 0 0 0 0 0.245277 99.7547 
459487 1467887 0 0.326171 0 0 0 0 0 0 0.288503 99.7115 
461487 1467887 0 0.336745 0 0 0 0 0 0 0.337904 99.6621 
463487 1467887 0 0.347537 0 0 0 0 0 0 0.394075 99.6059 
465487 1467887 0 0.358541 0 0 0 0 0 0 0.457616 99.5424 
467487 1467887 0 0.36975 0 0 0 0 0 0 0.52912 99.4709 
469487 1467887 0 0.381157 0 0 0 0 0 0 0.609158 99.3908 
471487 1467887 0 0.392751 0 0 0 0 0 0 0.69827 99.3017 
473487 1467887 0 0.404521 0 0 0 0 0 0 0.796941 99.2031 
475487 1467887 0 0.416454 0 0 0 0 0 0 0.905592 99.0944 
477487 1467887 0 0.428534 0 0 0 0 0 0 1.02456 98.9754 
479487 1467887 0 0.440744 0 0 0 0 0 0 1.15406 98.8459 
481487 1467887 0 0.453063 0 0 0 0 0 0 1.29421 98.7058 
483487 1467887 0 0.46547 0 0 0 0 0 0 1.44498 98.555 
485487 1467887 0 0.477937 0 0 0 0 0 0 1.60617 98.3938 
487487 1467887 0 0.490436 0 0 0 0 0 0 1.77741 98.2226 
489487 1467887 0 0.502936 0 0 0 0 0 0 1.95818 98.0418 
491487 1467887 0 0.515399 0 0 0 0 0 0 2.14771 97.8523 
493487 1467887 0 0.527787 0 0 0 0 0 0 2.34509 97.6549 
495487 1467887 0 0.540058 0 0 0 0 0 0 2.54919 97.4508 
497487 1467887 0 0.552165 0 0 0 0 0 0 2.75867 97.2413 
499487 1467887 0 0.564058 0 0 0 0 0 0 2.97205 97.0279 
501487 1467887 0 0.575685 0 0 0 0 0 0 3.18765 96.8124 
503487 1467887 0 0.586989 0 0 0 0 0 0 3.40364 96.5964 
505487 1467887 0 0.597914 0 0 0 0 0 0 3.61809 96.3819 
507487 1467887 0 0.608398 0 0 0 0 0 0 3.82896 96.171 
509487 1467887 0 0.61838 0 0 0 0 0 0 4.03415 95.9659 
511487 1467887 0 0.627798 0 0 0 0 0 0 4.23152 95.7685 
513487 1467887 0 0.636592 0 0 0 0 0 0 4.41894 95.5811 
515487 1467887 0 0.6447 0 0 0 0 0 0 4.59433 95.4057 
517487 1467887 0 0.652064 0 0 0 0 0 0 4.7557 95.2443 
519487 1467887 0 0.65863 0 0 0 0 0 0 4.90115 95.0989 
521487 1467887 0 0.664347 0 0 0 0 0 0 5.02896 94.971 
523487 1467887 0 0.669169 0 0 0 0 0 0 5.13758 94.8624 
525487 1467887 0 0.673058 0 0 0 0 0 0 5.22568 94.7743 
527487 1467887 0 0.675981 0 0 0 0 0 0 5.29217 94.7078 
529487 1467887 0 0.677914 0 0 0 0 0 0 5.33622 94.6638 
531487 1467887 0 0.678839 0 0 0 0 0 0 5.35729 94.6427 
533487 1467887 0 0.678749 0 0 0 0 0 0 5.3551 94.6449 
535487 1467887 0 0.677645 0 0 0 0 0 0 5.32969 94.6703 
537487 1467887 0 0.675537 0 0 0 0 0 0 5.28136 94.7186 
539487 1467887 0 0.672441 0 0 0 0 0 0 5.21074 94.7893 
541487 1467887 0 0.668385 0 0 0 0 0 0 5.11869 94.8813 
543487 1467887 0 0.663403 0 0 0 0 0 0 5.00636 94.9936 
545487 1467887 0 0.657533 0 0 0 0 0 0 4.87511 95.1249 
547487 1467887 0 0.650823 0 0 0 0 0 0 4.72654 95.2735 
549487 1467887 0 0.643325 0 0 0 0 0 0 4.56239 95.4376 
551487 1467887 0 0.635093 0 0 0 0 0 0 4.38458 95.6154 
553487 1467887 0 0.626186 0 0 0 0 0 0 4.19513 95.8049 
555487 1467887 0 0.616666 0 0 0 0 0 0 3.99614 96.0039 
557487 1467887 0 0.606592 0 0 0 0 0 0 3.78973 96.2103 
559487 1467887 0 0.596028 0 0 0 0 0 0 3.57803 96.422 
561487 1467887 0 0.585035 0 0 0 0 0 0 3.36314 96.6369 
563487 1467887 0 0.573672 0 0 0 0 0 0 3.14707 96.8529 
565487 1467887 0 0.561997 0 0 0 0 0 0 2.93177 97.0682 
567487 1467887 0 0.550065 0 0 0 0 0 0 2.719 97.281 
569487 1467887 0 0.537928 0 0 0 0 0 0 2.51042 97.4896 
571487 1467887 0 0.525636 0 0 0 0 0 0 2.3075 97.6925 
573487 1467887 0 0.513235 0 0 0 0 0 0 2.11151 97.8885 
575487 1467887 0 0.500765 0 0 0 0 0 0 1.92356 98.0764 
577487 1467887 0 0.488266 0 0 0 0 0 0 1.74454 98.2555 
579487 1467887 0 0.475773 0 0 0 0 0 0 1.57515 98.4249 
581487 1467887 0 0.463317 0 0 0 0 0 0 1.4159 98.5841 
583487 1467887 0 0.450927 0 0 0 0 0 0 1.26711 98.7329 
585487 1467887 0 0.438627 0 0 0 0 0 0 1.12896 98.871 
587487 1467887 0 0.426441 0 0 0 0 0 0 1.00145 98.9985 
589487 1467887 0 0.414388 0 0 0 0 0 0 0.884445 99.1156 
591487 1467887 0 0.402485 0 0 0 0 0 0 0.777696 99.2223 
593487 1467887 0 0.390746 0 0 0 0 0 0 0.680853 99.3191 
595487 1467887 0 0.379186 0 0 0 0 0 0 0.593483 99.4065 
597487 1467887 0 0.367815 0 0 0 0 0 0 0.515088 99.4849 
599487 1467887 0 0.356643 0 0 0 0 0 0 0.445123 99.5549 
601487 1467887 0 0.345677 0 0 0 0 0 0 0.383009 99.617 
603487 1467887 0 0.334925 0 0 0 0 0 0 0.328154 99.6718 
605487 1467887 0 0.324391 0 0 0 0 0 0 0.279956 99.72 
607487 1467887 0 0.31408 0 0 0 0 0 0 0.237822 99.7622 
609487 1467887 0 0.303995 0 0 0 0 0 0 0.201173 99.7988 
611487 1467887 0 0.294139 0 0 0 0 0 0 0.169453 99.8305 
613487 1467887 0 0.284513 0 0 0 0 0 0 0.142134 99.8579 
615487 1467887 0 0.275119 0 0 0 0 0 0 0.118718 99.8813 
617487 1467887 0 0.265958 0 0 0 0 0 0 0.0987438 99.9013 
619487 1467887 0 0.257028 0 0 0 0 0 0 0.0817869 99.9182 
621487 1467887 0 0.248329 0 0 0 0 0 0 0.0674593 99.9325 
623487 1467887 0 0.23986 0 0 0 0 0 0 0.0554098 99.9446 
625487 1467887 0 0.23162 0 0 0 0 0 0 0.0453233 99.9547 
627487 1467887 0 0.223607 0 0 0 0 0 0 0.036919 99.9631 
629487 1467887 0 0.215817 0 0 0 0 0 0 0.0299484 99.9701 
433487 1465887 0 0.216027 0 0 0 0 0 0 0.0302437 99.9698 
435487 1465887 0 0.223967 0 0 0 0 0 0 0.0374158 99.9626 
437487 1465887 0 0.232146 0 0 0 0 0 0 0.046097 99.9539 
439487 1465887 0 0.240567 0 0 0 0 0 0 0.0565571 99.9434 
441487 1465887 0 0.249234 0 0 0 0 0 0 0.0691026 99.9309 
443487 1465887 0 0.258149 0 0 0 0 0 0 0.0840799 99.9159 
445487 1465887 0 0.267315 0 0 0 0 0 0 0.101877 99.8981 
447487 1465887 0 0.276734 0 0 0 0 0 0 0.122926 99.8771 
449487 1465887 0 0.286407 0 0 0 0 0 0 0.147703 99.8523 
451487 1465887 0 0.296336 0 0 0 0 0 0 0.17673 99.8233 
453487 1465887 0 0.306522 0 0 0 0 0 0 0.210571 99.7894 
455487 1465887 0 0.316964 0 0 0 0 0 0 0.249834 99.7502 
457487 1465887 0 0.327662 0 0 0 0 0 0 0.295164 99.7048 
459487 1465887 0 0.338615 0 0 0 0 0 0 0.347238 99.6528 
461487 1465887 0 0.34982 0 0 0 0 0 0 0.406759 99.5932 
463487 1465887 0 0.361273 0 0 0 0 0 0 0.474444 99.5256 
465487 1465887 0 0.372972 0 0 0 0 0 0 0.551018 99.449 
467487 1465887 0 0.38491 0 0 0 0 0 0 0.637193 99.3628 
469487 1465887 0 0.397081 0 0 0 0 0 0 0.733658 99.2663 
471487 1465887 0 0.409475 0 0 0 0 0 0 0.841059 99.1589 
473487 1465887 0 0.422083 0 0 0 0 0 0 0.959978 99.04 
475487 1465887 0 0.434892 0 0 0 0 0 0 1.09092 98.9091 
477487 1465887 0 0.447887 0 0 0 0 0 0 1.23427 98.7657 
479487 1465887 0 0.461052 0 0 0 0 0 0 1.3903 98.6097 
481487 1465887 0 0.474365 0 0 0 0 0 0 1.55913 98.4409 
483487 1465887 0 0.487804 0 0 0 0 0 0 1.74071 98.2593 
