#EAST NORTH ELEV Kg/m^2 [-4.5->-3.375) [-3.375->-2.25) [-2.25->-1.125) [-1.125->0) [0->1.125) [1.125->2.25) [2.25->3.375) [3.375->4.5) (percent)
433487 1479887 0 0.173062 0 0 0 0 0 0 0.00768727 99.9923 
435487 1479887 0 0.178909 0 0 0 0 0 0 0.00949785 99.9905 
437487 1479887 0 0.184898 0 0 0 0 0 0 0.0116858 99.9883 
439487 1479887 0 0.19103 0 0 0 0 0 0 0.0143177 99.9857 
441487 1479887 0 0.197302 0 0 0 0 0 0 0.0174688 99.9825 
443487 1479887 0 0.203714 0 0 0 0 0 0 0.021224 99.9788 
445487 1479887 0 0.210265 0 0 0 0 0 0 0.0256781 99.9743 
447487 1479887 0 0.216951 0 0 0 0 0 0 0.030936 99.9691 
449487 1479887 0 0.22377 0 0 0 0 0 0 0.0371134 99.9629 
451487 1479887 0 0.23072 0 0 0 0 0 0 0.044336 99.9557 
453487 1479887 0 0.237795 0 0 0 0 0 0 0.0527399 99.9473 
455487 1479887 0 0.244992 0 0 0 0 0 0 0.0624705 99.9375 
457487 1479887 0 0.252305 0 0 0 0 0 0 0.0736817 99.9263 
459487 1479887 0 0.259728 0 0 0 0 0 0 0.0865343 99.9135 
461487 1479887 0 0.267256 0 0 0 0 0 0 0.101195 99.8988 
463487 1479887 0 0.27488 0 0 0 0 0 0 0.117832 99.8822 
465487 1479887 0 0.282591 0 0 0 0 0 0 0.136615 99.8634 
467487 1479887 0 0.290383 0 0 0 0 0 0 0.157712 99.8423 
469487 1479887 0 0.298243 0 0 0 0 0 0 0.18128 99.8187 
471487 1479887 0 0.306161 0 0 0 0 0 0 0.207471 99.7925 
473487 1479887 0 0.314125 0 0 0 0 0 0 0.236416 99.7636 
475487 1479887 0 0.322123 0 0 0 0 0 0 0.268231 99.7318 
477487 1479887 0 0.330139 0 0 0 0 0 0 0.303004 99.697 
479487 1479887 0 0.33816 0 0 0 0 0 0 0.340793 99.6592 
481487 1479887 0 0.346168 0 0 0 0 0 0 0.381623 99.6184 
483487 1479887 0 0.354146 0 0 0 0 0 0 0.425476 99.5745 
485487 1479887 0 0.362076 0 0 0 0 0 0 0.472292 99.5277 
487487 1479887 0 0.369939 0 0 0 0 0 0 0.521964 99.478 
489487 1479887 0 0.377712 0 0 0 0 0 0 0.57433 99.4257 
491487 1479887 0 0.385375 0 0 0 0 0 0 0.629177 99.3708 
493487 1479887 0 0.392905 0 0 0 0 0 0 0.686237 99.3138 
495487 1479887 0 0.400278 0 0 0 0 0 0 0.745186 99.2548 
497487 1479887 0 0.40747 0 0 0 0 0 0 0.805647 99.1944 
499487 1479887 0 0.414454 0 0 0 0 0 0 0.867192 99.1328 
501487 1479887 0 0.421206 0 0 0 0 0 0 0.929346 99.0707 
503487 1479887 0 0.4277 0 0 0 0 0 0 0.991591 99.0084 
505487 1479887 0 0.433909 0 0 0 0 0 0 1.05337 98.9466 
507487 1479887 0 0.439806 0 0 0 0 0 0 1.11411 98.8859 
509487 1479887 0 0.445367 0 0 0 0 0 0 1.17321 98.8268 
511487 1479887 0 0.450564 0 0 0 0 0 0 1.23005 98.7699 
513487 1479887 0 0.455375 0 0 0 0 0 0 1.28403 98.716 
515487 1479887 0 0.459774 0 0 0 0 0 0 1.33455 98.6654 
517487 1479887 0 0.463741 0 0 0 0 0 0 1.38104 98.619 
519487 1479887 0 0.467254 0 0 0 0 0 0 1.42295 98.5771 
521487 1479887 0 0.470295 0 0 0 0 0 0 1.45978 98.5402 
523487 1479887 0 0.472848 0 0 0 0 0 0 1.49108 98.5089 
525487 1479887 0 0.474898 0 0 0 0 0 0 1.51648 98.4835 
527487 1479887 0 0.476434 0 0 0 0 0 0 1.53565 98.4644 
529487 1479887 0 0.477447 0 0 0 0 0 0 1.54835 98.4517 
531487 1479887 0 0.477932 0 0 0 0 0 0 1.55442 98.4456 
533487 1479887 0 0.477886 0 0 0 0 0 0 1.55379 98.4462 
535487 1479887 0 0.477309 0 0 0 0 0 0 1.54647 98.4535 
537487 1479887 0 0.476205 0 0 0 0 0 0 1.53254 98.4675 
539487 1479887 0 0.474579 0 0 0 0 0 0 1.51218 98.4878 
541487 1479887 0 0.472441 0 0 0 0 0 0 1.48565 98.5144 
543487 1479887 0 0.469803 0 0 0 0 0 0 1.45328 98.5467 
545487 1479887 0 0.466679 0 0 0 0 0 0 1.41546 98.5845 
547487 1479887 0 0.463086 0 0 0 0 0 0 1.37265 98.6273 
549487 1479887 0 0.459044 0 0 0 0 0 0 1.32537 98.6746 
551487 1479887 0 0.454572 0 0 0 0 0 0 1.27416 98.7258 
553487 1479887 0 0.449693 0 0 0 0 0 0 1.21959 98.7804 
555487 1479887 0 0.444431 0 0 0 0 0 0 1.16228 98.8377 
557487 1479887 0 0.438812 0 0 0 0 0 0 1.10283 98.8972 
559487 1479887 0 0.432859 0 0 0 0 0 0 1.04185 98.9581 
561487 1479887 0 0.4266 0 0 0 0 0 0 0.979941 99.0201 
563487 1479887 0 0.420061 0 0 0 0 0 0 0.917673 99.0823 
565487 1479887 0 0.413268 0 0 0 0 0 0 0.855595 99.1444 
567487 1479887 0 0.406246 0 0 0 0 0 0 0.794219 99.2058 
569487 1479887 0 0.399023 0 0 0 0 0 0 0.734011 99.266 
571487 1479887 0 0.391622 0 0 0 0 0 0 0.675389 99.3246 
573487 1479887 0 0.384069 0 0 0 0 0 0 0.618722 99.3813 
575487 1479887 0 0.376386 0 0 0 0 0 0 0.564322 99.4357 
577487 1479887 0 0.368597 0 0 0 0 0 0 0.512447 99.4876 
579487 1479887 0 0.360723 0 0 0 0 0 0 0.463301 99.5367 
581487 1479887 0 0.352785 0 0 0 0 0 0 0.417033 99.583 
583487 1479887 0 0.344801 0 0 0 0 0 0 0.373744 99.6263 
585487 1479887 0 0.336791 0 0 0 0 0 0 0.333485 99.6665 
587487 1479887 0 0.328771 0 0 0 0 0 0 0.296264 99.7037 
589487 1479887 0 0.320758 0 0 0 0 0 0 0.262051 99.7379 
591487 1479887 0 0.312767 0 0 0 0 0 0 0.230782 99.7692 
593487 1479887 0 0.30481 0 0 0 0 0 0 0.202362 99.7976 
595487 1479887 0 0.296903 0 0 0 0 0 0 0.176673 99.8233 
597487 1479887 0 0.289055 0 0 0 0 0 0 0.153579 99.8464 
599487 1479887 0 0.281278 0 0 0 0 0 0 0.132929 99.8671 
601487 1479887 0 0.273581 0 0 0 0 0 0 0.11456 99.8854 
603487 1479887 0 0.265974 0 0 0 0 0 0 0.0983061 99.9017 
605487 1479887 0 0.258465 0 0 0 0 0 0 0.0839971 99.916 
607487 1479887 0 0.251061 0 0 0 0 0 0 0.0714643 99.9285 
609487 1479887 0 0.243768 0 0 0 0 0 0 0.0605424 99.9395 
611487 1479887 0 0.236593 0 0 0 0 0 0 0.0510716 99.9489 
613487 1479887 0 0.22954 0 0 0 0 0 0 0.0428996 99.9571 
615487 1479887 0 0.222613 0 0 0 0 0 0 0.0358826 99.9641 
617487 1479887 0 0.215817 0 0 0 0 0 0 0.0298866 99.9701 
619487 1479887 0 0.209155 0 0 0 0 0 0 0.0247875 99.9752 
621487 1479887 0 0.202628 0 0 0 0 0 0 0.0204719 99.9795 
623487 1479887 0 0.19624 0 0 0 0 0 0 0.0168366 99.9832 
625487 1479887 0 0.189992 0 0 0 0 0 0 0.0137887 99.9862 
627487 1479887 0 0.183886 0 0 0 0 0 0 0.0112453 99.9888 
629487 1479887 0 0.177921 0 0 0 0 0 0 0.00913266 99.9909 
433487 1477887 0 0.178807 0 0 0 0 0 0 0.0094645 99.9905 
435487 1477887 0 0.18492 0 0 0 0 0 0 0.0116953 99.9883 
437487 1477887 0 0.191186 0 0 0 0 0 0 0.0143915 99.9856 
439487 1477887 0 0.197605 0 0 0 0 0 0 0.0176352 99.9824 
441487 1477887 0 0.204177 0 0 0 0 0 0 0.0215195 99.9785 
443487 1477887 0 0.210901 0 0 0 0 0 0 0.026149 99.9739 
445487 1477887 0 0.217776 0 0 0 0 0 0 0.0316409 99.9684 
447487 1477887 0 0.224799 0 0 0 0 0 0 0.0381248 99.9619 
449487 1477887 0 0.231968 0 0 0 0 0 0 0.0457435 99.9543 
451487 1477887 0 0.239281 0 0 0 0 0 0 0.0546525 99.9453 
453487 1477887 0 0.246732 0 0 0 0 0 0 0.0650197 99.935 
455487 1477887 0 0.254319 0 0 0 0 0 0 0.0770248 99.923 
457487 1477887 0 0.262036 0 0 0 0 0 0 0.0908577 99.9091 
459487 1477887 0 0.269878 0 0 0 0 0 0 0.106717 99.8933 
461487 1477887 0 0.277837 0 0 0 0 0 0 0.124808 99.8752 
463487 1477887 0 0.285907 0 0 0 0 0 0 0.14534 99.8547 
465487 1477887 0 0.29408 0 0 0 0 0 0 0.168521 99.8315 
467487 1477887 0 0.302346 0 0 0 0 0 0 0.194556 99.8054 
469487 1477887 0 0.310695 0 0 0 0 0 0 0.223642 99.7764 
471487 1477887 0 0.319116 0 0 0 0 0 0 0.255962 99.744 
473487 1477887 0 0.327596 0 0 0 0 0 0 0.291681 99.7083 
475487 1477887 0 0.336122 0 0 0 0 0 0 0.330936 99.6691 
477487 1477887 0 0.34468 0 0 0 0 0 0 0.373837 99.6262 
479487 1477887 0 0.353254 0 0 0 0 0 0 0.420453 99.5795 
481487 1477887 0 0.361826 0 0 0 0 0 0 0.470812 99.5292 
483487 1477887 0 0.370378 0 0 0 0 0 0 0.524891 99.4751 
485487 1477887 0 0.37889 0 0 0 0 0 0 0.582611 99.4174 
487487 1477887 0 0.387341 0 0 0 0 0 0 0.643838 99.3562 
489487 1477887 0 0.395708 0 0 0 0 0 0 0.708369 99.2916 
491487 1477887 0 0.403969 0 0 0 0 0 0 0.775939 99.2241 
493487 1477887 0 0.412097 0 0 0 0 0 0 0.846214 99.1538 
495487 1477887 0 0.420067 0 0 0 0 0 0 0.918793 99.0812 
497487 1477887 0 0.427852 0 0 0 0 0 0 0.993209 99.0068 
499487 1477887 0 0.435424 0 0 0 0 0 0 1.06893 98.9311 
501487 1477887 0 0.442753 0 0 0 0 0 0 1.14538 98.8546 
503487 1477887 0 0.449811 0 0 0 0 0 0 1.22191 98.7781 
505487 1477887 0 0.456568 0 0 0 0 0 0 1.29784 98.7022 
507487 1477887 0 0.462994 0 0 0 0 0 0 1.37247 98.6275 
509487 1477887 0 0.46906 0 0 0 0 0 0 1.44505 98.5549 
511487 1477887 0 0.474736 0 0 0 0 0 0 1.51484 98.4852 
513487 1477887 0 0.479995 0 0 0 0 0 0 1.58109 98.4189 
515487 1477887 0 0.484809 0 0 0 0 0 0 1.64308 98.3569 
517487 1477887 0 0.489154 0 0 0 0 0 0 1.7001 98.2999 
519487 1477887 0 0.493004 0 0 0 0 0 0 1.75149 98.2485 
521487 1477887 0 0.49634 0 0 0 0 0 0 1.79664 98.2034 
523487 1477887 0 0.499141 0 0 0 0 0 0 1.83501 98.165 
525487 1477887 0 0.501392 0 0 0 0 0 0 1.86613 98.1339 
527487 1477887 0 0.503079 0 0 0 0 0 0 1.88962 98.1104 
529487 1477887 0 0.504192 0 0 0 0 0 0 1.90519 98.0948 
531487 1477887 0 0.504725 0 0 0 0 0 0 1.91263 98.0874 
533487 1477887 0 0.504674 0 0 0 0 0 0 1.91186 98.0881 
535487 1477887 0 0.50404 0 0 0 0 0 0 1.90288 98.0971 
537487 1477887 0 0.502827 0 0 0 0 0 0 1.88581 98.1142 
539487 1477887 0 0.501041 0 0 0 0 0 0 1.86087 98.1391 
541487 1477887 0 0.498693 0 0 0 0 0 0 1.82835 98.1716 
543487 1477887 0 0.495798 0 0 0 0 0 0 1.78867 98.2113 
545487 1477887 0 0.492372 0 0 0 0 0 0 1.74231 98.2577 
547487 1477887 0 0.488435 0 0 0 0 0 0 1.68981 98.3102 
549487 1477887 0 0.484007 0 0 0 0 0 0 1.63181 98.3682 
551487 1477887 0 0.479115 0 0 0 0 0 0 1.56897 98.431 
553487 1477887 0 0.473782 0 0 0 0 0 0 1.502 98.498 
555487 1477887 0 0.468037 0 0 0 0 0 0 1.43163 98.5684 
557487 1477887 0 0.461907 0 0 0 0 0 0 1.35861 98.6414 
559487 1477887 0 0.455423 0 0 0 0 0 0 1.28368 98.7163 
561487 1477887 0 0.448612 0 0 0 0 0 0 1.20758 98.7924 
563487 1477887 0 0.441506 0 0 0 0 0 0 1.13102 98.869 
565487 1477887 0 0.434134 0 0 0 0 0 0 1.05466 98.9453 
567487 1477887 0 0.426524 0 0 0 0 0 0 0.979142 99.0209 
569487 1477887 0 0.418707 0 0 0 0 0 0 0.905033 99.095 
571487 1477887 0 0.410709 0 0 0 0 0 0 0.832853 99.1671 
573487 1477887 0 0.402557 0 0 0 0 0 0 0.763058 99.2369 
575487 1477887 0 0.394278 0 0 0 0 0 0 0.696035 99.304 
577487 1477887 0 0.385895 0 0 0 0 0 0 0.632106 99.3679 
579487 1477887 0 0.377434 0 0 0 0 0 0 0.571524 99.4285 
581487 1477887 0 0.368915 0 0 0 0 0 0 0.514478 99.4855 
583487 1477887 0 0.360359 0 0 0 0 0 0 0.461094 99.5389 
585487 1477887 0 0.351787 0 0 0 0 0 0 0.411437 99.5886 
587487 1477887 0 0.343217 0 0 0 0 0 0 0.365521 99.6345 
589487 1477887 0 0.334664 0 0 0 0 0 0 0.32331 99.6767 
591487 1477887 0 0.326146 0 0 0 0 0 0 0.284727 99.7153 
593487 1477887 0 0.317676 0 0 0 0 0 0 0.249656 99.7503 
595487 1477887 0 0.309269 0 0 0 0 0 0 0.217955 99.782 
597487 1477887 0 0.300934 0 0 0 0 0 0 0.189455 99.8105 
599487 1477887 0 0.292685 0 0 0 0 0 0 0.16397 99.836 
601487 1477887 0 0.284531 0 0 0 0 0 0 0.141302 99.8587 
603487 1477887 0 0.27648 0 0 0 0 0 0 0.121243 99.8788 
605487 1477887 0 0.268541 0 0 0 0 0 0 0.103586 99.8964 
607487 1477887 0 0.260722 0 0 0 0 0 0 0.0881213 99.9119 
609487 1477887 0 0.253028 0 0 0 0 0 0 0.0746456 99.9254 
611487 1477887 0 0.245464 0 0 0 0 0 0 0.0629613 99.937 
613487 1477887 0 0.238037 0 0 0 0 0 0 0.0528804 99.9471 
615487 1477887 0 0.23075 0 0 0 0 0 0 0.0442253 99.9558 
617487 1477887 0 0.223606 0 0 0 0 0 0 0.0368304 99.9632 
619487 1477887 0 0.216609 0 0 0 0 0 0 0.0305426 99.9695 
621487 1477887 0 0.209761 0 0 0 0 0 0 0.0252215 99.9748 
623487 1477887 0 0.203063 0 0 0 0 0 0 0.02074 99.9793 
625487 1477887 0 0.196518 0 0 0 0 0 0 0.0169831 99.983 
627487 1477887 0 0.190125 0 0 0 0 0 0 0.0138486 99.9862 
629487 1477887 0 0.183886 0 0 0 0 0 0 0.0112453 99.9888 
433487 1475887 0 0.184686 0 0 0 0 0 0 0.0116039 99.9884 
435487 1475887 0 0.191074 0 0 0 0 0 0 0.0143409 99.9857 
437487 1475887 0 0.197629 0 0 0 0 0 0 0.0176495 99.9824 
439487 1475887 0 0.204348 0 0 0 0 0 0 0.0216306 99.9784 
441487 1475887 0 0.211234 0 0 0 0 0 0 0.0263984 99.9736 
443487 1475887 0 0.218284 0 0 0 0 0 0 0.0320819 99.9679 
445487 1475887 0 0.225498 0 0 0 0 0 0 0.038825 99.9612 
447487 1475887 0 0.232875 0 0 0 0 0 0 0.0467871 99.9532 
449487 1475887 0 0.240411 0 0 0 0 0 0 0.0561439 99.9439 
451487 1475887 0 0.248105 0 0 0 0 0 0 0.0670865 99.9329 
453487 1475887 0 0.255954 0 0 0 0 0 0 0.0798215 99.9202 
455487 1475887 0 0.263953 0 0 0 0 0 0 0.0945697 99.9054 
457487 1475887 0 0.272098 0 0 0 0 0 0 0.111565 99.8884 
459487 1475887 0 0.280382 0 0 0 0 0 0 0.13105 99.8689 
461487 1475887 0 0.288801 0 0 0 0 0 0 0.153279 99.8467 
463487 1475887 0 0.297347 0 0 0 0 0 0 0.178506 99.8215 
465487 1475887 0 0.306011 0 0 0 0 0 0 0.206989 99.793 
467487 1475887 0 0.314785 0 0 0 0 0 0 0.238979 99.761 
469487 1475887 0 0.323658 0 0 0 0 0 0 0.274715 99.7253 
471487 1475887 0 0.332619 0 0 0 0 0 0 0.314422 99.6856 
473487 1475887 0 0.341656 0 0 0 0 0 0 0.358299 99.6417 
475487 1475887 0 0.350754 0 0 0 0 0 0 0.406516 99.5935 
477487 1475887 0 0.359898 0 0 0 0 0 0 0.459201 99.5408 
479487 1475887 0 0.369073 0 0 0 0 0 0 0.516439 99.4836 
481487 1475887 0 0.378259 0 0 0 0 0 0 0.578258 99.4217 
483487 1475887 0 0.387437 0 0 0 0 0 0 0.644627 99.3554 
485487 1475887 0 0.396587 0 0 0 0 0 0 0.715448 99.2846 
487487 1475887 0 0.405685 0 0 0 0 0 0 0.790546 99.2095 
489487 1475887 0 0.414707 0 0 0 0 0 0 0.869672 99.1303 
491487 1475887 0 0.423627 0 0 0 0 0 0 0.952495 99.0475 
493487 1475887 0 0.432418 0 0 0 0 0 0 1.0386 98.9614 
495487 1475887 0 0.441052 0 0 0 0 0 0 1.1275 98.8725 
497487 1475887 0 0.449498 0 0 0 0 0 0 1.2186 98.7814 
499487 1475887 0 0.457724 0 0 0 0 0 0 1.31127 98.6887 
501487 1475887 0 0.4657 0 0 0 0 0 0 1.40478 98.5952 
503487 1475887 0 0.473391 0 0 0 0 0 0 1.49835 98.5016 
505487 1475887 0 0.480764 0 0 0 0 0 0 1.59115 98.4088 
507487 1475887 0 0.487785 0 0 0 0 0 0 1.68232 98.3177 
509487 1475887 0 0.494421 0 0 0 0 0 0 1.77094 98.2291 
511487 1475887 0 0.500639 0 0 0 0 0 0 1.85612 98.1439 
513487 1475887 0 0.506406 0 0 0 0 0 0 1.93695 98.063 
515487 1475887 0 0.51169 0 0 0 0 0 0 2.01255 97.9874 
517487 1475887 0 0.516464 0 0 0 0 0 0 2.08206 97.9179 
519487 1475887 0 0.520698 0 0 0 0 0 0 2.14469 97.8553 
521487 1475887 0 0.524369 0 0 0 0 0 0 2.19971 97.8003 
523487 1475887 0 0.527453 0 0 0 0 0 0 2.24645 97.7536 
525487 1475887 0 0.529933 0 0 0 0 0 0 2.28435 97.7157 
527487 1475887 0 0.531792 0 0 0 0 0 0 2.31295 97.6871 
529487 1475887 0 0.53302 0 0 0 0 0 0 2.3319 97.6681 
531487 1475887 0 0.533607 0 0 0 0 0 0 2.34096 97.659 
533487 1475887 0 0.533551 0 0 0 0 0 0 2.34002 97.66 
535487 1475887 0 0.532852 0 0 0 0 0 0 2.32909 97.6709 
537487 1475887 0 0.531514 0 0 0 0 0 0 2.30831 97.6917 
539487 1475887 0 0.529545 0 0 0 0 0 0 2.27793 97.7221 
541487 1475887 0 0.526959 0 0 0 0 0 0 2.23834 97.7617 
543487 1475887 0 0.523771 0 0 0 0 0 0 2.19 97.81 
545487 1475887 0 0.520001 0 0 0 0 0 0 2.1335 97.8665 
547487 1475887 0 0.515671 0 0 0 0 0 0 2.06952 97.9305 
549487 1475887 0 0.510807 0 0 0 0 0 0 1.99881 98.0012 
551487 1475887 0 0.505437 0 0 0 0 0 0 1.92216 98.0778 
553487 1475887 0 0.49959 0 0 0 0 0 0 1.84045 98.1596 
555487 1475887 0 0.493299 0 0 0 0 0 0 1.75455 98.2454 
557487 1475887 0 0.486594 0 0 0 0 0 0 1.66538 98.3346 
559487 1475887 0 0.47951 0 0 0 0 0 0 1.57385 98.4262 
561487 1475887 0 0.47208 0 0 0 0 0 0 1.48084 98.5192 
563487 1475887 0 0.464339 0 0 0 0 0 0 1.38722 98.6128 
565487 1475887 0 0.456319 0 0 0 0 0 0 1.29381 98.7062 
567487 1475887 0 0.448053 0 0 0 0 0 0 1.20138 98.7986 
569487 1475887 0 0.439574 0 0 0 0 0 0 1.11064 98.8894 
571487 1475887 0 0.430912 0 0 0 0 0 0 1.02223 98.9778 
573487 1475887 0 0.422098 0 0 0 0 0 0 0.936706 99.0633 
575487 1475887 0 0.41316 0 0 0 0 0 0 0.854549 99.1455 
577487 1475887 0 0.404125 0 0 0 0 0 0 0.776156 99.2238 
579487 1475887 0 0.395018 0 0 0 0 0 0 0.701844 99.2982 
581487 1475887 0 0.385863 0 0 0 0 0 0 0.631848 99.3682 
583487 1475887 0 0.376684 0 0 0 0 0 0 0.566327 99.4337 
585487 1475887 0 0.3675 0 0 0 0 0 0 0.505367 99.4946 
587487 1475887 0 0.358331 0 0 0 0 0 0 0.448987 99.551 
589487 1475887 0 0.349195 0 0 0 0 0 0 0.397147 99.6029 
591487 1475887 0 0.340107 0 0 0 0 0 0 0.349756 99.6502 
593487 1475887 0 0.331084 0 0 0 0 0 0 0.306674 99.6933 
595487 1475887 0 0.322139 0 0 0 0 0 0 0.267727 99.7323 
597487 1475887 0 0.313284 0 0 0 0 0 0 0.232711 99.7673 
599487 1475887 0 0.304529 0 0 0 0 0 0 0.201398 99.7986 
601487 1475887 0 0.295886 0 0 0 0 0 0 0.173544 99.8265 
603487 1475887 0 0.287363 0 0 0 0 0 0 0.148898 99.8511 
605487 1475887 0 0.278968 0 0 0 0 0 0 0.127202 99.8728 
607487 1475887 0 0.270708 0 0 0 0 0 0 0.108202 99.8918 
609487 1475887 0 0.262589 0 0 0 0 0 0 0.0916464 99.9084 
611487 1475887 0 0.254616 0 0 0 0 0 0 0.0772926 99.9227 
613487 1475887 0 0.246795 0 0 0 0 0 0 0.0649096 99.9351 
615487 1475887 0 0.239129 0 0 0 0 0 0 0.0542791 99.9457 
617487 1475887 0 0.23162 0 0 0 0 0 0 0.0451974 99.9548 
619487 1475887 0 0.224272 0 0 0 0 0 0 0.0374762 99.9625 
621487 1475887 0 0.217087 0 0 0 0 0 0 0.0309431 99.9691 
623487 1475887 0 0.210065 0 0 0 0 0 0 0.0254414 99.9746 
625487 1475887 0 0.203209 0 0 0 0 0 0 0.0208301 99.9792 
627487 1475887 0 0.196518 0 0 0 0 0 0 0.0169831 99.983 
629487 1475887 0 0.189992 0 0 0 0 0 0 0.0137887 99.9862 
433487 1473887 0 0.190696 0 0 0 0 0 0 0.0141672 99.9858 
435487 1473887 0 0.197372 0 0 0 0 0 0 0.0175114 99.9825 
437487 1473887 0 0.204227 0 0 0 0 0 0 0.0215544 99.9784 
439487 1473887 0 0.21126 0 0 0 0 0 0 0.0264198 99.9736 
441487 1473887 0 0.218472 0 0 0 0 0 0 0.0322477 99.9678 
443487 1473887 0 0.225863 0 0 0 0 0 0 0.0391958 99.9608 
445487 1473887 0 0.233433 0 0 0 0 0 0 0.0474402 99.9526 
447487 1473887 0 0.24118 0 0 0 0 0 0 0.0571763 99.9428 
449487 1473887 0 0.249102 0 0 0 0 0 0 0.068619 99.9314 
451487 1473887 0 0.257199 0 0 0 0 0 0 0.0820024 99.918 
453487 1473887 0 0.265466 0 0 0 0 0 0 0.0975793 99.9024 
455487 1473887 0 0.2739 0 0 0 0 0 0 0.11562 99.8844 
457487 1473887 0 0.282497 0 0 0 0 0 0 0.13641 99.8636 
459487 1473887 0 0.291252 0 0 0 0 0 0 0.160248 99.8398 
461487 1473887 0 0.30016 0 0 0 0 0 0 0.187441 99.8126 
463487 1473887 0 0.309212 0 0 0 0 0 0 0.218304 99.7817 
465487 1473887 0 0.318401 0 0 0 0 0 0 0.253147 99.7469 
467487 1473887 0 0.327719 0 0 0 0 0 0 0.292278 99.7077 
469487 1473887 0 0.337155 0 0 0 0 0 0 0.335988 99.664 
471487 1473887 0 0.346698 0 0 0 0 0 0 0.384549 99.6155 
473487 1473887 0 0.356335 0 0 0 0 0 0 0.438203 99.5618 
475487 1473887 0 0.366053 0 0 0 0 0 0 0.497152 99.5028 
477487 1473887 0 0.375834 0 0 0 0 0 0 0.56155 99.4385 
479487 1473887 0 0.385663 0 0 0 0 0 0 0.631495 99.3685 
481487 1473887 0 0.39552 0 0 0 0 0 0 0.707018 99.293 
483487 1473887 0 0.405385 0 0 0 0 0 0 0.788074 99.2119 
485487 1473887 0 0.415235 0 0 0 0 0 0 0.874536 99.1255 
487487 1473887 0 0.425045 0 0 0 0 0 0 0.966185 99.0338 
489487 1473887 0 0.43479 0 0 0 0 0 0 1.06271 98.9373 
491487 1473887 0 0.444442 0 0 0 0 0 0 1.1637 98.8363 
493487 1473887 0 0.45397 0 0 0 0 0 0 1.26865 98.7314 
495487 1473887 0 0.463343 0 0 0 0 0 0 1.37693 98.6231 
497487 1473887 0 0.472527 0 0 0 0 0 0 1.48786 98.5121 
499487 1473887 0 0.481488 0 0 0 0 0 0 1.60063 98.3994 
501487 1473887 0 0.490189 0 0 0 0 0 0 1.71437 98.2856 
503487 1473887 0 0.498593 0 0 0 0 0 0 1.82811 98.1719 
505487 1473887 0 0.506661 0 0 0 0 0 0 1.94086 98.0591 
507487 1473887 0 0.514356 0 0 0 0 0 0 2.05156 97.9484 
509487 1473887 0 0.521639 0 0 0 0 0 0 2.15912 97.8409 
511487 1473887 0 0.528471 0 0 0 0 0 0 2.26245 97.7376 
513487 1473887 0 0.534815 0 0 0 0 0 0 2.36045 97.6396 
515487 1473887 0 0.540636 0 0 0 0 0 0 2.45206 97.5479 
517487 1473887 0 0.545898 0 0 0 0 0 0 2.53627 97.4637 
519487 1473887 0 0.550571 0 0 0 0 0 0 2.61211 97.3879 
521487 1473887 0 0.554625 0 0 0 0 0 0 2.6787 97.3213 
523487 1473887 0 0.558034 0 0 0 0 0 0 2.73526 97.2647 
525487 1473887 0 0.560776 0 0 0 0 0 0 2.78111 97.2189 
527487 1473887 0 0.562833 0 0 0 0 0 0 2.8157 97.1843 
529487 1473887 0 0.564191 0 0 0 0 0 0 2.83862 97.1614 
531487 1473887 0 0.564841 0 0 0 0 0 0 2.84957 97.1504 
533487 1473887 0 0.564779 0 0 0 0 0 0 2.84844 97.1516 
535487 1473887 0 0.564005 0 0 0 0 0 0 2.83522 97.1648 
537487 1473887 0 0.562524 0 0 0 0 0 0 2.81009 97.1899 
539487 1473887 0 0.560346 0 0 0 0 0 0 2.77335 97.2267 
541487 1473887 0 0.557486 0 0 0 0 0 0 2.72544 97.2746 
543487 1473887 0 0.553963 0 0 0 0 0 0 2.66695 97.3331 
545487 1473887 0 0.5498 0 0 0 0 0 0 2.59856 97.4014 
547487 1473887 0 0.545022 0 0 0 0 0 0 2.52108 97.4789 
549487 1473887 0 0.53966 0 0 0 0 0 0 2.43541 97.5646 
551487 1473887 0 0.533746 0 0 0 0 0 0 2.34252 97.6575 
553487 1473887 0 0.527315 0 0 0 0 0 0 2.24343 97.7566 
555487 1473887 0 0.520402 0 0 0 0 0 0 2.13923 97.8608 
557487 1473887 0 0.513046 0 0 0 0 0 0 2.031 97.969 
559487 1473887 0 0.505285 0 0 0 0 0 0 1.91984 98.0802 
561487 1473887 0 0.497156 0 0 0 0 0 0 1.80682 98.1932 
563487 1473887 0 0.488699 0 0 0 0 0 0 1.693 98.307 
565487 1473887 0 0.479952 0 0 0 0 0 0 1.57938 98.4206 
567487 1473887 0 0.470952 0 0 0 0 0 0 1.46689 98.5331 
569487 1473887 0 0.461734 0 0 0 0 0 0 1.3564 98.6436 
571487 1473887 0 0.452333 0 0 0 0 0 0 1.24869 98.7513 
573487 1473887 0 0.442783 0 0 0 0 0 0 1.14445 98.8556 
575487 1473887 0 0.433115 0 0 0 0 0 0 1.04426 98.9557 
577487 1473887 0 0.423358 0 0 0 0 0 0 0.948623 99.0514 
579487 1473887 0 0.413541 0 0 0 0 0 0 0.857927 99.1421 
581487 1473887 0 0.403689 0 0 0 0 0 0 0.772466 99.2275 
583487 1473887 0 0.393825 0 0 0 0 0 0 0.692441 99.3076 
585487 1473887 0 0.383974 0 0 0 0 0 0 0.617964 99.382 
587487 1473887 0 0.374153 0 0 0 0 0 0 0.549064 99.4509 
589487 1473887 0 0.364383 0 0 0 0 0 0 0.485697 99.5143 
591487 1473887 0 0.354681 0 0 0 0 0 0 0.427755 99.5722 
593487 1473887 0 0.345061 0 0 0 0 0 0 0.375073 99.6249 
595487 1473887 0 0.335537 0 0 0 0 0 0 0.327441 99.6726 
597487 1473887 0 0.326122 0 0 0 0 0 0 0.28461 99.7154 
599487 1473887 0 0.316827 0 0 0 0 0 0 0.246306 99.7537 
601487 1473887 0 0.307662 0 0 0 0 0 0 0.212232 99.7878 
603487 1473887 0 0.298635 0 0 0 0 0 0 0.182081 99.8179 
605487 1473887 0 0.289755 0 0 0 0 0 0 0.15554 99.8445 
607487 1473887 0 0.281028 0 0 0 0 0 0 0.132296 99.8677 
609487 1473887 0 0.272459 0 0 0 0 0 0 0.112043 99.888 
611487 1473887 0 0.264055 0 0 0 0 0 0 0.0944856 99.9055 
613487 1473887 0 0.255818 0 0 0 0 0 0 0.0793395 99.9207 
615487 1473887 0 0.247752 0 0 0 0 0 0 0.0663381 99.9337 
617487 1473887 0 0.23986 0 0 0 0 0 0 0.0552321 99.9448 
619487 1473887 0 0.232144 0 0 0 0 0 0 0.0457909 99.9542 
621487 1473887 0 0.224606 0 0 0 0 0 0 0.0378034 99.9622 
623487 1473887 0 0.217246 0 0 0 0 0 0 0.0310778 99.9689 
625487 1473887 0 0.210065 0 0 0 0 0 0 0.0254414 99.9746 
627487 1473887 0 0.203063 0 0 0 0 0 0 0.02074 99.9793 
629487 1473887 0 0.19624 0 0 0 0 0 0 0.0168366 99.9832 
433487 1471887 0 0.196838 0 0 0 0 0 0 0.0172243 99.9828 
435487 1471887 0 0.203812 0 0 0 0 0 0 0.021293 99.9787 
437487 1471887 0 0.210979 0 0 0 0 0 0 0.0262127 99.9738 
439487 1471887 0 0.218338 0 0 0 0 0 0 0.0321341 99.9679 
441487 1471887 0 0.225891 0 0 0 0 0 0 0.0392276 99.9608 
443487 1471887 0 0.233639 0 0 0 0 0 0 0.0476857 99.9523 
445487 1471887 0 0.241581 0 0 0 0 0 0 0.0577231 99.9423 
447487 1471887 0 0.249716 0 0 0 0 0 0 0.069578 99.9304 
449487 1471887 0 0.258045 0 0 0 0 0 0 0.0835122 99.9165 
451487 1471887 0 0.266564 0 0 0 0 0 0 0.099811 99.9002 
453487 1471887 0 0.275273 0 0 0 0 0 0 0.118782 99.8812 
455487 1471887 0 0.284167 0 0 0 0 0 0 0.140755 99.8592 
457487 1471887 0 0.293244 0 0 0 0 0 0 0.166078 99.8339 
459487 1471887 0 0.302498 0 0 0 0 0 0 0.195113 99.8049 
461487 1471887 0 0.311925 0 0 0 0 0 0 0.228235 99.7718 
463487 1471887 0 0.321518 0 0 0 0 0 0 0.265824 99.7342 
465487 1471887 0 0.33127 0 0 0 0 0 0 0.308259 99.6917 
467487 1471887 0 0.341171 0 0 0 0 0 0 0.35591 99.6441 
469487 1471887 0 0.351213 0 0 0 0 0 0 0.409131 99.5909 
471487 1471887 0 0.361383 0 0 0 0 0 0 0.468248 99.5318 
473487 1471887 0 0.37167 0 0 0 0 0 0 0.533551 99.4664 
475487 1471887 0 0.382058 0 0 0 0 0 0 0.605282 99.3947 
477487 1471887 0 0.392533 0 0 0 0 0 0 0.683622 99.3164 
479487 1471887 0 0.403076 0 0 0 0 0 0 0.768682 99.2313 
481487 1471887 0 0.413668 0 0 0 0 0 0 0.860492 99.1395 
483487 1471887 0 0.424286 0 0 0 0 0 0 0.95899 99.041 
485487 1471887 0 0.434908 0 0 0 0 0 0 1.06401 98.936 
487487 1471887 0 0.445506 0 0 0 0 0 0 1.17528 98.8247 
489487 1471887 0 0.456053 0 0 0 0 0 0 1.29241 98.7076 
491487 1471887 0 0.466518 0 0 0 0 0 0 1.41489 98.5851 
493487 1471887 0 0.476867 0 0 0 0 0 0 1.54209 98.4579 
495487 1471887 0 0.487067 0 0 0 0 0 0 1.67327 98.3267 
497487 1471887 0 0.497079 0 0 0 0 0 0 1.80756 98.1924 
499487 1471887 0 0.506866 0 0 0 0 0 0 1.944 98.056 
501487 1471887 0 0.516384 0 0 0 0 0 0 2.08151 97.9185 
503487 1471887 0 0.525594 0 0 0 0 0 0 2.21895 97.7811 
505487 1471887 0 0.53445 0 0 0 0 0 0 2.35509 97.6449 
507487 1471887 0 0.54291 0 0 0 0 0 0 2.48867 97.5113 
509487 1471887 0 0.550928 0 0 0 0 0 0 2.61839 97.3816 
511487 1471887 0 0.558461 0 0 0 0 0 0 2.74292 97.2571 
513487 1471887 0 0.565465 0 0 0 0 0 0 2.86096 97.139 
515487 1471887 0 0.571899 0 0 0 0 0 0 2.97125 97.0287 
517487 1471887 0 0.577722 0 0 0 0 0 0 3.07257 96.9274 
519487 1471887 0 0.582898 0 0 0 0 0 0 3.16378 96.8362 
521487 1471887 0 0.587392 0 0 0 0 0 0 3.24383 96.7562 
523487 1471887 0 0.591174 0 0 0 0 0 0 3.3118 96.6882 
525487 1471887 0 0.594218 0 0 0 0 0 0 3.36689 96.6331 
527487 1471887 0 0.596502 0 0 0 0 0 0 3.40844 96.5916 
529487 1471887 0 0.598011 0 0 0 0 0 0 3.43595 96.564 
531487 1471887 0 0.598733 0 0 0 0 0 0 3.44911 96.5509 
533487 1471887 0 0.598663 0 0 0 0 0 0 3.44775 96.5523 
535487 1471887 0 0.597803 0 0 0 0 0 0 3.43188 96.5681 
537487 1471887 0 0.596157 0 0 0 0 0 0 3.40169 96.5983 
539487 1471887 0 0.593739 0 0 0 0 0 0 3.35756 96.6424 
541487 1471887 0 0.590564 0 0 0 0 0 0 3.3 96.7 
543487 1471887 0 0.586656 0 0 0 0 0 0 3.2297 96.7703 
545487 1471887 0 0.58204 0 0 0 0 0 0 3.14748 96.8525 
547487 1471887 0 0.576749 0 0 0 0 0 0 3.05429 96.9457 
549487 1471887 0 0.570817 0 0 0 0 0 0 2.9512 97.0488 
551487 1471887 0 0.564281 0 0 0 0 0 0 2.83936 97.1606 
553487 1471887 0 0.557182 0 0 0 0 0 0 2.72 97.28 
555487 1471887 0 0.549563 0 0 0 0 0 0 2.5944 97.4056 
557487 1471887 0 0.541465 0 0 0 0 0 0 2.46386 97.5361 
559487 1471887 0 0.532935 0 0 0 0 0 0 2.32971 97.6703 
561487 1471887 0 0.524015 0 0 0 0 0 0 2.19322 97.8068 
563487 1471887 0 0.51475 0 0 0 0 0 0 2.05568 97.9443 
565487 1471887 0 0.505183 0 0 0 0 0 0 1.91829 98.0817 
567487 1471887 0 0.495356 0 0 0 0 0 0 1.78218 98.2178 
569487 1471887 0 0.48531 0 0 0 0 0 0 1.6484 98.3516 
571487 1471887 0 0.475084 0 0 0 0 0 0 1.51791 98.4821 
573487 1471887 0 0.464714 0 0 0 0 0 0 1.39154 98.6085 
575487 1471887 0 0.454234 0 0 0 0 0 0 1.27002 98.73 
577487 1471887 0 0.443678 0 0 0 0 0 0 1.15396 98.846 
579487 1471887 0 0.433076 0 0 0 0 0 0 1.04384 98.9562 
581487 1471887 0 0.422455 0 0 0 0 0 0 0.940023 99.06 
583487 1471887 0 0.411842 0 0 0 0 0 0 0.842772 99.1572 
585487 1471887 0 0.401259 0 0 0 0 0 0 0.752226 99.2478 
587487 1471887 0 0.390729 0 0 0 0 0 0 0.668432 99.3316 
589487 1471887 0 0.38027 0 0 0 0 0 0 0.591343 99.4087 
591487 1471887 0 0.369899 0 0 0 0 0 0 0.520834 99.4792 
593487 1471887 0 0.359634 0 0 0 0 0 0 0.456711 99.5433 
595487 1471887 0 0.349486 0 0 0 0 0 0 0.398723 99.6013 
597487 1471887 0 0.33947 0 0 0 0 0 0 0.346572 99.6534 
599487 1471887 0 0.329595 0 0 0 0 0 0 0.299926 99.7001 
601487 1471887 0 0.319872 0 0 0 0 0 0 0.258428 99.7416 
603487 1471887 0 0.310309 0 0 0 0 0 0 0.221705 99.7783 
605487 1471887 0 0.300913 0 0 0 0 0 0 0.189378 99.8106 
607487 1471887 0 0.29169 0 0 0 0 0 0 0.161067 99.8389 
609487 1471887 0 0.282645 0 0 0 0 0 0 0.136399 99.8636 
611487 1471887 0 0.273784 0 0 0 0 0 0 0.115014 99.885 
613487 1471887 0 0.265109 0 0 0 0 0 0 0.0965674 99.9034 
615487 1471887 0 0.256623 0 0 0 0 0 0 0.0807342 99.9193 
617487 1471887 0 0.248328 0 0 0 0 0 0 0.0672103 99.9328 
619487 1471887 0 0.240227 0 0 0 0 0 0 0.0557148 99.9443 
621487 1471887 0 0.232319 0 0 0 0 0 0 0.0459904 99.954 
623487 1471887 0 0.224606 0 0 0 0 0 0 0.0378034 99.9622 
625487 1471887 0 0.217087 0 0 0 0 0 0 0.0309431 99.9691 
627487 1471887 0 0.209761 0 0 0 0 0 0 0.0252215 99.9748 
629487 1471887 0 0.202628 0 0 0 0 0 0 0.0204719 99.9795 
433487 1469887 0 0.203108 0 0 0 0 0 0 0.0208531 99.9791 
435487 1469887 0 0.210393 0 0 0 0 0 0 0.0257825 99.9742 
437487 1469887 0 0.217884 0 0 0 0 0 0 0.0317438 99.9683 
439487 1469887 0 0.225583 0 0 0 0 0 0 0.0389197 99.9611 
441487 1469887 0 0.233492 0 0 0 0 0 0 0.0475174 99.9525 
443487 1469887 0 0.241612 0 0 0 0 0 0 0.0577701 99.9422 
445487 1469887 0 0.249943 0 0 0 0 0 0 0.0699386 99.9301 
447487 1469887 0 0.258486 0 0 0 0 0 0 0.0843119 99.9157 
449487 1469887 0 0.267241 0 0 0 0 0 0 0.101207 99.8988 
451487 1469887 0 0.276206 0 0 0 0 0 0 0.120972 99.879 
453487 1469887 0 0.28538 0 0 0 0 0 0 0.143978 99.856 
455487 1469887 0 0.294761 0 0 0 0 0 0 0.170624 99.8294 
457487 1469887 0 0.304346 0 0 0 0 0 0 0.201333 99.7987 
459487 1469887 0 0.314131 0 0 0 0 0 0 0.236544 99.7635 
461487 1469887 0 0.324112 0 0 0 0 0 0 0.276709 99.7233 
463487 1469887 0 0.334282 0 0 0 0 0 0 0.322286 99.6777 
465487 1469887 0 0.344635 0 0 0 0 0 0 0.373734 99.6263 
467487 1469887 0 0.355163 0 0 0 0 0 0 0.431497 99.5685 
469487 1469887 0 0.365857 0 0 0 0 0 0 0.495999 99.504 
471487 1469887 0 0.376705 0 0 0 0 0 0 0.567631 99.4324 
473487 1469887 0 0.387695 0 0 0 0 0 0 0.646738 99.3533 
475487 1469887 0 0.398814 0 0 0 0 0 0 0.733603 99.2664 
477487 1469887 0 0.410045 0 0 0 0 0 0 0.828439 99.1716 
479487 1469887 0 0.421369 0 0 0 0 0 0 0.931368 99.0686 
481487 1469887 0 0.432767 0 0 0 0 0 0 1.04242 98.9576 
483487 1469887 0 0.444216 0 0 0 0 0 0 1.16149 98.8385 
485487 1469887 0 0.45569 0 0 0 0 0 0 1.28839 98.7116 
487487 1469887 0 0.467161 0 0 0 0 0 0 1.42275 98.5772 
489487 1469887 0 0.478599 0 0 0 0 0 0 1.56411 98.4359 
491487 1469887 0 0.489971 0 0 0 0 0 0 1.71183 98.2882 
493487 1469887 0 0.50124 0 0 0 0 0 0 1.86514 98.1349 
495487 1469887 0 0.512367 0 0 0 0 0 0 2.02312 97.9769 
497487 1469887 0 0.523312 0 0 0 0 0 0 2.18474 97.8153 
499487 1469887 0 0.53403 0 0 0 0 0 0 2.34881 97.6512 
501487 1469887 0 0.544474 0 0 0 0 0 0 2.51404 97.486 
503487 1469887 0 0.554598 0 0 0 0 0 0 2.67907 97.3209 
505487 1469887 0 0.56435 0 0 0 0 0 0 2.84241 97.1576 
507487 1469887 0 0.573681 0 0 0 0 0 0 3.00255 96.9975 
509487 1469887 0 0.58254 0 0 0 0 0 0 3.15793 96.8421 
511487 1469887 0 0.590874 0 0 0 0 0 0 3.30701 96.693 
513487 1469887 0 0.598635 0 0 0 0 0 0 3.44822 96.5518 
515487 1469887 0 0.605773 0 0 0 0 0 0 3.58006 96.4199 
517487 1469887 0 0.612241 0 0 0 0 0 0 3.70112 96.2989 
519487 1469887 0 0.617995 0 0 0 0 0 0 3.81003 96.19 
521487 1469887 0 0.622997 0 0 0 0 0 0 3.90557 96.0944 
523487 1469887 0 0.627209 0 0 0 0 0 0 3.98665 96.0133 
525487 1469887 0 0.630601 0 0 0 0 0 0 4.05235 95.9477 
527487 1469887 0 0.633148 0 0 0 0 0 0 4.10189 95.8981 
529487 1469887 0 0.634831 0 0 0 0 0 0 4.13469 95.8653 
531487 1469887 0 0.635637 0 0 0 0 0 0 4.15037 95.8496 
533487 1469887 0 0.635559 0 0 0 0 0 0 4.14874 95.8513 
535487 1469887 0 0.634598 0 0 0 0 0 0 4.12982 95.8702 
537487 1469887 0 0.632763 0 0 0 0 0 0 4.09385 95.9062 
539487 1469887 0 0.630066 0 0 0 0 0 0 4.04123 95.9588 
541487 1469887 0 0.626528 0 0 0 0 0 0 3.97258 96.0274 
543487 1469887 0 0.622175 0 0 0 0 0 0 3.8887 96.1113 
545487 1469887 0 0.617039 0 0 0 0 0 0 3.79056 96.2094 
547487 1469887 0 0.611156 0 0 0 0 0 0 3.67928 96.3207 
549487 1469887 0 0.604568 0 0 0 0 0 0 3.5561 96.4439 
551487 1469887 0 0.597319 0 0 0 0 0 0 3.42238 96.5776 
553487 1469887 0 0.589455 0 0 0 0 0 0 3.27958 96.7204 
555487 1469887 0 0.581026 0 0 0 0 0 0 3.1292 96.8708 
557487 1469887 0 0.572082 0 0 0 0 0 0 2.97281 97.0272 
559487 1469887 0 0.562675 0 0 0 0 0 0 2.81195 97.188 
561487 1469887 0 0.552856 0 0 0 0 0 0 2.64818 97.3518 
563487 1469887 0 0.542675 0 0 0 0 0 0 2.48301 97.517 
565487 1469887 0 0.532181 0 0 0 0 0 0 2.31789 97.6821 
567487 1469887 0 0.521422 0 0 0 0 0 0 2.15419 97.8458 
569487 1469887 0 0.510445 0 0 0 0 0 0 1.99317 98.0068 
571487 1469887 0 0.499292 0 0 0 0 0 0 1.83599 98.164 
573487 1469887 0 0.488004 0 0 0 0 0 0 1.68367 98.3163 
575487 1469887 0 0.476621 0 0 0 0 0 0 1.5371 98.4629 
577487 1469887 0 0.465177 0 0 0 0 0 0 1.39701 98.603 
579487 1469887 0 0.453705 0 0 0 0 0 0 1.26401 98.736 
581487 1469887 0 0.442236 0 0 0 0 0 0 1.13856 98.8614 
583487 1469887 0 0.430797 0 0 0 0 0 0 1.02098 98.979 
585487 1469887 0 0.419412 0 0 0 0 0 0 0.911456 99.0885 
587487 1469887 0 0.408105 0 0 0 0 0 0 0.81005 99.1899 
589487 1469887 0 0.396895 0 0 0 0 0 0 0.716723 99.2833 
591487 1469887 0 0.385799 0 0 0 0 0 0 0.631332 99.3687 
593487 1469887 0 0.374834 0 0 0 0 0 0 0.553651 99.4463 
595487 1469887 0 0.364014 0 0 0 0 0 0 0.483383 99.5166 
597487 1469887 0 0.35335 0 0 0 0 0 0 0.420176 99.5798 
599487 1469887 0 0.342853 0 0 0 0 0 0 0.36363 99.6364 
601487 1469887 0 0.332533 0 0 0 0 0 0 0.313317 99.6867 
603487 1469887 0 0.322397 0 0 0 0 0 0 0.268789 99.7312 
605487 1469887 0 0.312451 0 0 0 0 0 0 0.229588 99.7704 
607487 1469887 0 0.302702 0 0 0 0 0 0 0.195255 99.8047 
609487 1469887 0 0.293153 0 0 0 0 0 0 0.16534 99.8347 
611487 1469887 0 0.283809 0 0 0 0 0 0 0.139407 99.8606 
613487 1469887 0 0.274672 0 0 0 0 0 0 0.117038 99.883 
615487 1469887 0 0.265744 0 0 0 0 0 0 0.0978385 99.9022 
617487 1469887 0 0.257027 0 0 0 0 0 0 0.0814407 99.9186 
619487 1469887 0 0.248521 0 0 0 0 0 0 0.0675036 99.9325 
621487 1469887 0 0.240227 0 0 0 0 0 0 0.0557148 99.9443 
623487 1469887 0 0.232144 0 0 0 0 0 0 0.0457909 99.9542 
625487 1469887 0 0.224272 0 0 0 0 0 0 0.0374762 99.9625 
627487 1469887 0 0.216609 0 0 0 0 0 0 0.0305426 99.9695 
629487 1469887 0 0.209155 0 0 0 0 0 0 0.0247875 99.9752 
433487 1467887 0 0.209506 0 0 0 0 0 0 0.0251402 99.9749 
435487 1467887 0 0.217112 0 0 0 0 0 0 0.0310871 99.9689 
437487 1467887 0 0.22494 0 0 0 0 0 0 0.0382801 99.9617 
439487 1467887 0 0.232993 0 0 0 0 0 0 0.0469396 99.9531 
441487 1467887 0 0.241273 0 0 0 0 0 0 0.0573161 99.9427 
443487 1467887 0 0.249782 0 0 0 0 0 0 0.0696915 99.9303 
445487 1467887 0 0.258521 0 0 0 0 0 0 0.0843806 99.9156 
447487 1467887 0 0.267491 0 0 0 0 0 0 0.101733 99.8983 
449487 1467887 0 0.276694 0 0 0 0 0 0 0.122131 99.8779 
451487 1467887 0 0.286128 0 0 0 0 0 0 0.145994 99.854 
453487 1467887 0 0.295793 0 0 0 0 0 0 0.173772 99.8262 
455487 1467887 0 0.305689 0 0 0 0 0 0 0.205946 99.7941 
457487 1467887 0 0.315813 0 0 0 0 0 0 0.243023 99.757 
459487 1467887 0 0.326162 0 0 0 0 0 0 0.285533 99.7145 
461487 1467887 0 0.336732 0 0 0 0 0 0 0.334021 99.666 
463487 1467887 0 0.347519 0 0 0 0 0 0 0.389036 99.611 
465487 1467887 0 0.358517 0 0 0 0 0 0 0.451125 99.5489 
467487 1467887 0 0.369719 0 0 0 0 0 0 0.520823 99.4792 
469487 1467887 0 0.381116 0 0 0 0 0 0 0.598634 99.4014 
471487 1467887 0 0.392698 0 0 0 0 0 0 0.68502 99.315 
473487 1467887 0 0.404453 0 0 0 0 0 0 0.780386 99.2196 
475487 1467887 0 0.416367 0 0 0 0 0 0 0.885065 99.1149 
477487 1467887 0 0.428423 0 0 0 0 0 0 0.999298 99.0007 
479487 1467887 0 0.440605 0 0 0 0 0 0 1.12322 98.8768 
481487 1467887 0 0.45289 0 0 0 0 0 0 1.25684 98.7432 
483487 1467887 0 0.465255 0 0 0 0 0 0 1.40004 98.6 
485487 1467887 0 0.477673 0 0 0 0 0 0 1.55254 98.4475 
487487 1467887 0 0.490115 0 0 0 0 0 0 1.71391 98.2861 
489487 1467887 0 0.502548 0 0 0 0 0 0 1.88354 98.1165 
491487 1467887 0 0.514934 0 0 0 0 0 0 2.06067 97.9393 
493487 1467887 0 0.527235 0 0 0 0 0 0 2.24435 97.7556 
495487 1467887 0 0.539407 0 0 0 0 0 0 2.43348 97.5665 
497487 1467887 0 0.551404 0 0 0 0 0 0 2.62678 97.3732 
499487 1467887 0 0.563177 0 0 0 0 0 0 2.82284 97.1772 
501487 1467887 0 0.574673 0 0 0 0 0 0 3.02011 96.9799 
503487 1467887 0 0.585836 0 0 0 0 0 0 3.21695 96.7831 
505487 1467887 0 0.596611 0 0 0 0 0 0 3.4116 96.5884 
507487 1467887 0 0.606939 0 0 0 0 0 0 3.60227 96.3977 
509487 1467887 0 0.61676 0 0 0 0 0 0 3.78712 96.2129 
511487 1467887 0 0.626016 0 0 0 0 0 0 3.9643 96.0357 
513487 1467887 0 0.634646 0 0 0 0 0 0 4.13201 95.868 
515487 1467887 0 0.642595 0 0 0 0 0 0 4.28847 95.7115 
517487 1467887 0 0.649807 0 0 0 0 0 0 4.43203 95.568 
519487 1467887 0 0.656231 0 0 0 0 0 0 4.5611 95.4389 
521487 1467887 0 0.661819 0 0 0 0 0 0 4.67426 95.3257 
523487 1467887 0 0.66653 0 0 0 0 0 0 4.77026 95.2297 
525487 1467887 0 0.670326 0 0 0 0 0 0 4.848 95.152 
527487 1467887 0 0.673177 0 0 0 0 0 0 4.9066 95.0934 
529487 1467887 0 0.675062 0 0 0 0 0 0 4.94539 95.0546 
531487 1467887 0 0.675964 0 0 0 0 0 0 4.96394 95.0361 
533487 1467887 0 0.675877 0 0 0 0 0 0 4.96201 95.038 
535487 1467887 0 0.674801 0 0 0 0 0 0 4.93964 95.0604 
537487 1467887 0 0.672744 0 0 0 0 0 0 4.89709 95.1029 
539487 1467887 0 0.669725 0 0 0 0 0 0 4.83483 95.1652 
541487 1467887 0 0.665765 0 0 0 0 0 0 4.75359 95.2464 
543487 1467887 0 0.660898 0 0 0 0 0 0 4.65429 95.3457 
545487 1467887 0 0.65516 0 0 0 0 0 0 4.53803 95.462 
547487 1467887 0 0.648594 0 0 0 0 0 0 4.40613 95.5939 
549487 1467887 0 0.64125 0 0 0 0 0 0 4.26003 95.74 
551487 1467887 0 0.633178 0 0 0 0 0 0 4.10133 95.8987 
553487 1467887 0 0.624434 0 0 0 0 0 0 3.93171 96.0683 
555487 1467887 0 0.615076 0 0 0 0 0 0 3.75295 96.2471 
557487 1467887 0 0.605163 0 0 0 0 0 0 3.56687 96.4331 
559487 1467887 0 0.594754 0 0 0 0 0 0 3.37531 96.6247 
561487 1467887 0 0.583909 0 0 0 0 0 0 3.18012 96.8199 
563487 1467887 0 0.572685 0 0 0 0 0 0 2.98307 97.0169 
565487 1467887 0 0.561139 0 0 0 0 0 0 2.7859 97.2141 
567487 1467887 0 0.549326 0 0 0 0 0 0 2.59025 97.4097 
569487 1467887 0 0.537297 0 0 0 0 0 0 2.39763 97.6024 
571487 1467887 0 0.525101 0 0 0 0 0 0 2.20944 97.7906 
573487 1467887 0 0.512785 0 0 0 0 0 0 2.02691 97.9731 
575487 1467887 0 0.50039 0 0 0 0 0 0 1.85112 98.1489 
577487 1467887 0 0.487956 0 0 0 0 0 0 1.68299 98.317 
579487 1467887 0 0.475519 0 0 0 0 0 0 1.52325 98.4768 
581487 1467887 0 0.463111 0 0 0 0 0 0 1.37247 98.6275 
583487 1467887 0 0.45076 0 0 0 0 0 0 1.23105 98.7689 
585487 1467887 0 0.438494 0 0 0 0 0 0 1.09925 98.9008 
587487 1467887 0 0.426335 0 0 0 0 0 0 0.977149 99.0229 
589487 1467887 0 0.414305 0 0 0 0 0 0 0.864723 99.1353 
591487 1467887 0 0.40242 0 0 0 0 0 0 0.761813 99.2382 
593487 1467887 0 0.390696 0 0 0 0 0 0 0.668159 99.3318 
595487 1467887 0 0.379148 0 0 0 0 0 0 0.583414 99.4166 
597487 1467887 0 0.367786 0 0 0 0 0 0 0.507162 99.4928 
599487 1467887 0 0.356621 0 0 0 0 0 0 0.438931 99.5611 
601487 1467887 0 0.345661 0 0 0 0 0 0 0.378209 99.6218 
603487 1467887 0 0.334912 0 0 0 0 0 0 0.32446 99.6755 
605487 1467887 0 0.324381 0 0 0 0 0 0 0.277135 99.7229 
607487 1467887 0 0.314073 0 0 0 0 0 0 0.235684 99.7643 
609487 1467887 0 0.30399 0 0 0 0 0 0 0.199565 99.8004 
611487 1467887 0 0.294135 0 0 0 0 0 0 0.168253 99.8317 
613487 1467887 0 0.284511 0 0 0 0 0 0 0.141244 99.8588 
615487 1467887 0 0.275118 0 0 0 0 0 0 0.118063 99.8819 
617487 1467887 0 0.265956 0 0 0 0 0 0 0.098266 99.9017 
619487 1467887 0 0.257027 0 0 0 0 0 0 0.0814407 99.9186 
621487 1467887 0 0.248328 0 0 0 0 0 0 0.0672103 99.9328 
623487 1467887 0 0.23986 0 0 0 0 0 0 0.0552321 99.9448 
625487 1467887 0 0.23162 0 0 0 0 0 0 0.0451974 99.9548 
627487 1467887 0 0.223606 0 0 0 0 0 0 0.0368304 99.9632 
629487 1467887 0 0.215817 0 0 0 0 0 0 0.0298866 99.9701 
433487 1465887 0 0.216027 0 0 0 0 0 0 0.0301808 99.9698 
435487 1465887 0 0.223966 0 0 0 0 0 0 0.0373251 99.9627 
437487 1465887 0 0.232145 0 0 0 0 0 0 0.0459673 99.954 
439487 1465887 0 0.240566 0 0 0 0 0 0 0.0563729 99.9436 
441487 1465887 0 0.249233 0 0 0 0 0 0 0.068843 99.9312 
443487 1465887 0 0.258148 0 0 0 0 0 0 0.0837167 99.9163 
445487 1465887 0 0.267313 0 0 0 0 0 0 0.101373 99.8986 
447487 1465887 0 0.276732 0 0 0 0 0 0 0.122231 99.8778 
449487 1465887 0 0.286404 0 0 0 0 0 0 0.146752 99.8532 
451487 1465887 0 0.296333 0 0 0 0 0 0 0.175439 99.8246 
453487 1465887 0 0.306517 0 0 0 0 0 0 0.208832 99.7912 
455487 1465887 0 0.316957 0 0 0 0 0 0 0.247509 99.7525 
457487 1465887 0 0.327652 0 0 0 0 0 0 0.292077 99.7079 
459487 1465887 0 0.338601 0 0 0 0 0 0 0.343171 99.6568 
461487 1465887 0 0.349801 0 0 0 0 0 0 0.401441 99.5986 
463487 1465887 0 0.361248 0 0 0 0 0 0 0.467545 99.5325 
465487 1465887 0 0.372939 0 0 0 0 0 0 0.542133 99.4579 
467487 1465887 0 0.384866 0 0 0 0 0 0 0.625838 99.3742 
469487 1465887 0 0.397023 0 0 0 0 0 0 0.719256 99.2807 
471487 1465887 0 0.4094 0 0 0 0 0 0 0.822932 99.1771 
473487 1465887 0 0.421986 0 0 0 0 0 0 0.937338 99.0627 
475487 1465887 0 0.434767 0 0 0 0 0 0 1.06285 98.9371 
477487 1465887 0 0.447729 0 0 0 0 0 0 1.19975 98.8002 
479487 1465887 0 0.460853 0 0 0 0 0 0 1.34817 98.6518 
481487 1465887 0 0.474116 0 0 0 0 0 0 1.5081 98.4919 
