#EAST NORTH ELEV Kg/m^2 [-4.5->-3.375) [-3.375->-2.25) [-2.25->-1.125) [-1.125->0) [0->1.125) [1.125->2.25) [2.25->3.375) [3.375->4.5) (percent)
433487 1479887 0 0.00212705 0 0 9.58957e-289 1.90676e-172 1.07469e-71 1.32967e-19 0.021799 99.9782 
435487 1479887 0 0.00219898 0 0 7.69347e-283 7.47428e-169 3.62546e-70 3.79819e-19 0.0269359 99.9731 
437487 1479887 0 0.00227268 0 0 4.76966e-277 2.47326e-165 1.13792e-68 1.06205e-18 0.0331446 99.9669 
439487 1479887 0 0.00234816 0 0 2.28259e-271 6.90853e-162 3.32305e-67 2.90699e-18 0.0406142 99.9594 
441487 1479887 0 0.0024254 0 0 8.41691e-266 1.62895e-158 9.029e-66 7.78883e-18 0.0495592 99.9504 
443487 1479887 0 0.0025044 0 0 2.3859e-260 3.24214e-155 2.28258e-64 2.04282e-17 0.0602214 99.9398 
445487 1479887 0 0.00258514 0 0 5.1857e-255 5.44692e-152 5.3691e-63 5.24464e-17 0.0728707 99.9271 
447487 1479887 0 0.00266761 0 0 8.61989e-250 7.7244e-149 1.17508e-61 1.31803e-16 0.0878069 99.9122 
449487 1479887 0 0.00275177 0 0 1.09318e-244 9.24636e-146 2.39294e-60 3.24235e-16 0.10536 99.8946 
451487 1479887 0 0.00283761 0 0 1.05546e-239 9.34264e-143 4.53415e-59 7.80755e-16 0.125888 99.8741 
453487 1479887 0 0.00292508 0 0 7.74413e-235 7.96824e-140 7.994e-58 1.84029e-15 0.149782 99.8502 
455487 1479887 0 0.00301415 0 0 4.31143e-230 5.73654e-137 1.31141e-56 4.24592e-15 0.177456 99.8225 
457487 1479887 0 0.00310476 0 0 1.81911e-225 3.48607e-134 2.00182e-55 9.58889e-15 0.209352 99.7906 
459487 1479887 0 0.00319687 0 1.79272e-317 5.81114e-221 1.78823e-131 2.8433e-54 2.11969e-14 0.24593 99.7541 
461487 1479887 0 0.00329042 0 2.75805e-311 1.40441e-216 7.74309e-129 3.75783e-53 4.58647e-14 0.287667 99.7123 
463487 1479887 0 0.00338533 0 2.71835e-305 2.56623e-212 2.83018e-126 4.62135e-52 9.71367e-14 0.335049 99.665 
465487 1479887 0 0.00348152 0 1.81964e-299 3.54377e-208 8.73227e-124 5.28837e-51 2.01364e-13 0.388562 99.6114 
467487 1479887 0 0.00357891 0 8.28448e-294 3.69697e-204 2.27435e-121 5.63114e-50 4.08573e-13 0.448685 99.5513 
469487 1479887 0 0.0036774 0 2.56877e-288 2.91283e-200 5.00048e-119 5.5795e-49 8.11414e-13 0.515877 99.4841 
471487 1479887 0 0.00377688 0 5.43037e-283 1.73294e-196 9.28098e-117 5.14423e-48 1.57723e-12 0.590566 99.4094 
473487 1479887 0 0.00387723 0 7.83183e-278 7.78355e-193 1.45416e-114 4.41339e-47 3.00069e-12 0.673137 99.3269 
475487 1479887 0 0.00397831 0 7.70696e-273 2.63905e-189 1.9234e-112 3.52332e-46 5.58751e-12 0.763917 99.2361 
477487 1479887 0 0.00407997 0 5.17237e-268 6.75388e-186 2.14772e-110 2.61736e-45 1.01831e-11 0.86316 99.1368 
479487 1479887 0 0.00418206 0 2.36504e-263 1.30457e-182 2.02461e-108 1.80928e-44 1.81636e-11 0.971034 99.029 
481487 1479887 0 0.00428439 0 7.35674e-259 1.9018e-179 1.61128e-106 1.16381e-43 3.17087e-11 1.0876 98.9124 
483487 1479887 0 0.00438675 0 1.55396e-254 2.09236e-176 1.08261e-104 6.96615e-43 5.41762e-11 1.21282 98.7872 
485487 1479887 0 0.00448895 0 2.22455e-250 1.73729e-173 6.14121e-103 3.88009e-42 9.05915e-11 1.3465 98.6535 
487487 1479887 0 0.00459074 0 2.1539e-246 1.0886e-170 2.94123e-101 2.01109e-41 1.48256e-10 1.48834 98.5117 
489487 1479887 0 0.00469186 0 1.40787e-242 5.14786e-168 1.18934e-99 9.69979e-41 2.37453e-10 1.63785 98.3621 
491487 1479887 0 0.00479203 2.08244e-315 6.20157e-239 1.83716e-165 4.06064e-98 4.35352e-40 3.72208e-10 1.79444 98.2056 
493487 1479887 0 0.00489097 6.56446e-311 1.83814e-235 4.94808e-163 1.1706e-96 1.81831e-39 5.70997e-10 1.9573 98.0427 
495487 1479887 0 0.00498835 1.23176e-306 3.66123e-232 1.00578e-160 2.84944e-95 7.06722e-39 8.57275e-10 2.12552 97.8745 
497487 1479887 0 0.00508384 1.37628e-302 4.89522e-229 1.54295e-158 5.85678e-94 2.55616e-38 1.25964e-09 2.298 97.702 
499487 1479887 0 0.00517708 9.15771e-299 4.38956e-226 1.78649e-156 1.01653e-92 8.60382e-38 1.81139e-09 2.4735 97.5265 
501487 1479887 0 0.0052677 3.62901e-295 2.63788e-223 1.56118e-154 1.4899e-91 2.69502e-37 2.54928e-09 2.65067 97.3493 
503487 1479887 0 0.00535531 8.56436e-292 1.06173e-220 1.02974e-152 1.84409e-90 7.85614e-37 3.51129e-09 2.82801 97.172 
505487 1479887 0 0.00543951 1.20353e-288 2.86088e-218 5.12667e-151 1.92756e-89 2.13126e-36 4.73328e-09 3.00395 96.996 
507487 1479887 0 0.00551989 1.00688e-285 5.15875e-216 1.9266e-149 1.70158e-88 5.38085e-36 6.24462e-09 3.17683 96.8232 
509487 1479887 0 0.00559606 5.01329e-283 6.22328e-214 5.46522e-148 1.2686e-87 1.26433e-35 8.0631e-09 3.34493 96.6551 
511487 1479887 0 0.00566759 1.48501e-280 5.02141e-212 1.17031e-146 7.98802e-87 2.76483e-35 1.01895e-08 3.50654 96.4935 
513487 1479887 0 0.00573408 2.61575e-278 2.70947e-210 1.89183e-145 4.24825e-86 5.62711e-35 1.26028e-08 3.65992 96.3401 
515487 1479887 0 0.00579515 2.73847e-276 9.77544e-209 2.3087e-144 1.90831e-85 1.0659e-34 1.52561e-08 3.80339 96.1966 
517487 1479887 0 0.00585042 1.7031e-274 2.35794e-207 2.127e-143 7.24047e-85 1.87917e-34 1.80754e-08 3.93534 96.0647 
519487 1479887 0 0.00589954 6.28868e-273 3.80225e-206 1.47944e-142 2.32047e-84 3.0835e-34 2.09607e-08 4.05423 95.9458 
521487 1479887 0 0.00594219 1.378e-271 4.09857e-205 7.76897e-142 6.28181e-84 4.70927e-34 2.37902e-08 4.15867 95.8413 
523487 1479887 0 0.00597808 1.79103e-270 2.95316e-204 3.0802e-141 1.43649e-83 6.69421e-34 2.64285e-08 4.2474 95.7526 
525487 1479887 0 0.00600697 1.38021e-269 1.4223e-203 9.2204e-141 2.77484e-83 8.85699e-34 2.87362e-08 4.31937 95.6806 
527487 1479887 0 0.00602864 6.3041e-269 4.57863e-203 2.08394e-140 4.52788e-83 1.09073e-33 3.05824e-08 4.37367 95.6263 
529487 1479887 0 0.00604296 1.70618e-268 9.85171e-203 3.55621e-140 6.24134e-83 1.25025e-33 3.18567e-08 4.40965 95.5904 
531487 1479887 0 0.00604982 2.73573e-268 1.41682e-202 4.58207e-140 7.26761e-83 1.3339e-33 3.24802e-08 4.42685 95.5731 
533487 1479887 0 0.00604916 2.59856e-268 1.3619e-202 4.45768e-140 7.14886e-83 1.32465e-33 3.24135e-08 4.42507 95.5749 
535487 1479887 0 0.006041 1.46219e-268 8.74987e-203 3.27438e-140 5.94036e-83 1.22441e-33 3.16609e-08 4.40432 95.5957 
537487 1479887 0 0.00602538 4.87455e-269 3.75739e-203 1.81602e-140 4.16983e-83 1.05343e-33 3.02697e-08 4.36486 95.6351 
539487 1479887 0 0.00600243 9.62958e-270 1.07846e-203 7.60467e-141 2.47258e-83 8.43581e-34 2.83257e-08 4.30719 95.6928 
541487 1479887 0 0.00597231 1.12757e-270 2.06902e-204 2.40437e-141 1.23852e-83 6.28773e-34 2.59441e-08 4.23201 95.768 
543487 1479887 0 0.00593522 7.82893e-272 2.65323e-205 5.73955e-142 5.24049e-84 4.36215e-34 2.32584e-08 4.14024 95.8598 
545487 1479887 0 0.00589143 3.22451e-273 2.27433e-206 1.03443e-142 1.87304e-84 2.81672e-34 2.04079e-08 4.03299 95.967 
547487 1479887 0 0.00584121 7.882e-275 1.30323e-207 1.40754e-143 5.65486e-85 1.69285e-34 1.75265e-08 3.91154 96.0885 
549487 1479887 0 0.00578491 1.14404e-276 4.99236e-209 1.44592e-144 1.44207e-85 9.46927e-35 1.4732e-08 3.77731 96.2227 
551487 1479887 0 0.00572288 9.86535e-279 1.27863e-210 1.12135e-145 3.10617e-86 4.92986e-35 1.21198e-08 3.63186 96.3681 
553487 1479887 0 0.00565548 5.05675e-281 2.1897e-212 6.56508e-147 5.65108e-87 2.38872e-35 9.75875e-09 3.47681 96.5232 
555487 1479887 0 0.00558313 1.54146e-283 2.5078e-214 2.90152e-148 8.68343e-88 1.07722e-35 7.69045e-09 3.31385 96.6861 
557487 1479887 0 0.00550621 2.79569e-286 1.9211e-216 9.6802e-150 1.12691e-88 4.52106e-36 5.9315e-09 3.14472 96.8553 
559487 1479887 0 0.00542514 3.01788e-289 9.84602e-219 2.43782e-151 1.23514e-89 1.76592e-36 4.47744e-09 2.97114 97.0289 
561487 1479887 0 0.00534034 1.93952e-292 3.37723e-221 4.63409e-153 1.14329e-90 6.41927e-37 3.30782e-09 2.79482 97.2052 
563487 1479887 0 0.00525219 7.42258e-296 7.75569e-224 6.64902e-155 8.93713e-92 2.17161e-37 2.39167e-09 2.61739 97.3826 
565487 1479887 0 0.00516111 1.69172e-299 1.19304e-226 7.20061e-157 5.89962e-93 6.83677e-38 1.69239e-09 2.44043 97.5596 
567487 1479887 0 0.00506747 2.29625e-303 1.23007e-229 5.88554e-159 3.28868e-94 2.00303e-38 1.17204e-09 2.26539 97.7346 
569487 1479887 0 0.00497165 1.85612e-307 8.50711e-233 3.63075e-161 1.54803e-95 5.4612e-39 7.94374e-10 2.09363 97.9064 
571487 1479887 0 0.004874 8.93368e-312 3.95018e-236 1.69041e-163 6.15297e-97 1.38562e-39 5.26921e-10 1.92634 98.0737 
573487 1479887 0 0.00477484 2.55267e-316 1.2329e-239 5.93963e-166 2.06502e-98 3.27157e-40 3.42063e-10 1.76459 98.2354 
575487 1479887 0 0.0046745 0 2.58999e-243 1.57506e-168 5.85173e-100 7.18813e-41 2.17323e-10 1.60928 98.3907 
577487 1479887 0 0.00457327 0 3.66785e-247 3.15206e-171 1.40009e-101 1.46967e-41 1.35129e-10 1.46116 98.5388 
579487 1479887 0 0.00447141 0 3.50781e-251 4.76052e-174 2.82832e-103 2.7962e-42 8.22303e-11 1.32082 98.6792 
581487 1479887 0 0.00436919 0 2.26992e-255 5.42594e-177 4.82381e-105 4.95057e-43 4.89737e-11 1.18871 98.8113 
583487 1479887 0 0.00426684 0 9.95874e-260 4.66726e-180 6.94597e-107 8.15605e-44 2.85458e-11 1.06511 98.9349 
585487 1479887 0 0.00416456 0 2.96804e-264 3.02987e-183 8.44397e-109 1.25037e-44 1.62846e-11 0.950166 99.0498 
587487 1479887 0 0.00406255 0 6.01966e-269 1.48448e-186 8.66609e-111 1.78374e-45 9.09214e-12 0.84392 99.1561 
589487 1479887 0 0.00396099 0 8.31997e-274 5.48958e-190 7.50852e-113 2.36786e-46 4.96841e-12 0.746279 99.2537 
591487 1479887 0 0.00386005 0 7.84365e-279 1.5323e-193 5.49203e-115 2.92489e-47 2.65727e-12 0.65706 99.3429 
593487 1479887 0 0.00375986 0 5.04556e-284 3.22875e-197 3.39118e-117 3.36196e-48 1.39099e-12 0.575993 99.424 
595487 1479887 0 0.00366056 0 2.21407e-289 5.13648e-201 1.76768e-119 3.59586e-49 7.12668e-13 0.50274 99.4973 
597487 1479887 0 0.00356227 0 6.62274e-295 6.17035e-205 7.77829e-122 3.5788e-50 3.57381e-13 0.436906 99.5631 
599487 1479887 0 0.0034651 0 1.34883e-300 5.59842e-209 2.88926e-124 3.31434e-51 1.75413e-13 0.378057 99.6219 
601487 1479887 0 0.00336913 0 1.86792e-306 3.83759e-213 9.05954e-127 2.85613e-52 8.42717e-14 0.32573 99.6743 
603487 1479887 0 0.00327447 0 1.75635e-312 1.98818e-217 2.39794e-129 2.29023e-53 3.96275e-14 0.279442 99.7206 
605487 1479887 0 0.00318118 0 1.08694e-318 7.78875e-222 5.35768e-132 1.70883e-54 1.82394e-14 0.238708 99.7613 
607487 1479887 0 0.00308933 0 0 2.30872e-226 1.01046e-134 1.1864e-55 8.21732e-15 0.203042 99.797 
609487 1479887 0 0.00299899 0 0 5.18219e-231 1.60866e-137 7.66441e-57 3.62373e-15 0.171971 99.828 
611487 1479887 0 0.0029102 0 0 8.81738e-236 2.16175e-140 4.60718e-58 1.56421e-15 0.145038 99.855 
613487 1479887 0 0.00282302 0 0 1.13869e-240 2.45212e-143 2.57691e-59 6.60916e-16 0.121805 99.8782 
615487 1479887 0 0.00273748 0 0 1.11786e-245 2.34785e-146 1.34111e-60 2.73349e-16 0.101862 99.8981 
617487 1479887 0 0.00265361 0 0 8.35814e-251 1.89755e-149 6.49429e-62 1.10665e-16 0.0848253 99.9152 
619487 1479887 0 0.00257145 0 0 4.77003e-256 1.29452e-152 2.92613e-63 4.38555e-17 0.0703411 99.9297 
621487 1479887 0 0.00249101 0 0 2.08299e-261 7.4545e-156 1.22672e-64 1.70124e-17 0.0580855 99.9419 
623487 1479887 0 0.00241232 0 0 6.97802e-267 3.62347e-159 4.78506e-66 6.46002e-18 0.0477642 99.9522 
625487 1479887 0 0.00233539 0 0 1.79788e-272 1.48673e-162 1.73665e-67 2.40122e-18 0.0391126 99.9609 
627487 1479887 0 0.00226022 0 0 3.57068e-278 5.14932e-166 5.86426e-69 8.73696e-19 0.0318944 99.9681 
629487 1479887 0 0.00218682 0 0 5.47565e-284 1.50551e-169 1.84242e-70 3.11187e-19 0.0258997 99.9741 
433487 1477887 0 0.00219773 0 0 6.15122e-283 6.52288e-169 3.42119e-70 3.73285e-19 0.0268413 99.9732 
435487 1477887 0 0.00227295 0 0 5.03722e-277 2.55633e-165 1.15391e-68 1.06642e-18 0.0331714 99.9668 
437487 1477887 0 0.00235008 0 0 3.18683e-271 8.45679e-162 3.6211e-67 2.98231e-18 0.0408236 99.9592 
439487 1477887 0 0.00242914 0 0 1.55469e-265 2.36154e-158 1.05726e-65 8.16409e-18 0.0500316 99.95 
441487 1477887 0 0.00251011 0 0 5.83416e-260 5.56647e-155 2.87214e-64 2.18774e-17 0.0610603 99.9389 
443487 1477887 0 0.00259299 0 0 1.67953e-254 1.10752e-151 7.2596e-63 5.73868e-17 0.0742083 99.9258 
445487 1477887 0 0.00267778 0 0 3.69904e-249 1.86e-148 1.7073e-61 1.47352e-16 0.0898094 99.9102 
447487 1477887 0 0.00276447 0 0 6.21708e-244 2.63668e-145 3.73594e-60 3.70362e-16 0.108234 99.8918 
449487 1477887 0 0.00285304 0 0 7.95624e-239 3.1549e-142 7.60654e-59 9.11212e-16 0.12989 99.8701 
451487 1477887 0 0.00294346 0 0 7.73804e-234 3.18639e-139 1.44104e-57 2.19448e-15 0.155221 99.8448 
453487 1477887 0 0.0030357 0 0 5.71053e-229 2.71643e-136 2.54019e-56 5.17322e-15 0.184708 99.8153 
455487 1477887 0 0.00312974 0 0 3.19374e-224 1.95473e-133 4.16645e-55 1.19372e-14 0.218865 99.7811 
457487 1477887 0 0.00322554 0 1.58519e-315 1.35228e-219 1.18731e-130 6.35879e-54 2.69621e-14 0.258237 99.7418 
459487 1477887 0 0.00332304 0 3.42519e-309 4.33149e-215 6.0875e-128 9.03017e-53 5.96085e-14 0.303393 99.6966 
461487 1477887 0 0.0034222 0 5.02868e-303 1.04893e-210 2.63457e-125 1.19325e-51 1.28992e-13 0.354922 99.6451 
463487 1477887 0 0.00352294 0 5.02088e-297 1.91954e-206 9.62457e-123 1.46718e-50 2.7322e-13 0.413424 99.5866 
465487 1477887 0 0.00362521 0 3.415e-291 2.65354e-202 2.96797e-120 1.67863e-49 5.66435e-13 0.479498 99.5205 
467487 1477887 0 0.00372892 0 1.58469e-285 2.77022e-198 7.72588e-118 1.78708e-48 1.14941e-12 0.553732 99.4463 
469487 1477887 0 0.00383397 0 5.02265e-280 2.1836e-194 1.69767e-115 1.77034e-47 2.28284e-12 0.636694 99.3633 
471487 1477887 0 0.00394026 0 1.08798e-274 1.29937e-190 3.14905e-113 1.63188e-46 4.43761e-12 0.728906 99.2711 
473487 1477887 0 0.00404768 0 1.61055e-269 5.83633e-187 4.931e-111 1.39973e-45 8.4429e-12 0.830841 99.1692 
475487 1477887 0 0.00415609 0 1.62799e-264 1.97859e-183 6.51815e-109 1.11718e-44 1.57216e-11 0.942895 99.0571 
477487 1477887 0 0.00426535 0 1.12211e-259 5.06239e-180 7.27371e-107 8.29716e-44 2.86522e-11 1.06537 98.9346 
479487 1477887 0 0.00437529 0 5.26381e-255 9.775e-177 6.85232e-105 5.73405e-43 5.11059e-11 1.19848 98.8015 
481487 1477887 0 0.00448572 0 1.67684e-250 1.42439e-173 5.44975e-103 3.68741e-42 8.92137e-11 1.34228 98.6577 
483487 1477887 0 0.00459644 0 3.61925e-246 1.56632e-170 3.65918e-101 2.20653e-41 1.52418e-10 1.49669 98.5033 
485487 1477887 0 0.00470722 2.09978e-319 5.28099e-242 1.29979e-167 2.07428e-99 1.22866e-40 2.54846e-10 1.6615 98.3385 
487487 1477887 0 0.00481782 3.2764e-314 5.19875e-238 8.13959e-165 9.92745e-98 6.36631e-40 4.17021e-10 1.83629 98.1637 
489487 1477887 0 0.00492794 2.92616e-309 3.44656e-234 3.84659e-162 4.01151e-96 3.0696e-39 6.67838e-10 2.02046 97.9795 
491487 1477887 0 0.0050373 1.55687e-304 1.53642e-230 1.37183e-159 1.36863e-94 1.37726e-38 1.04669e-09 2.21326 97.7867 
493487 1477887 0 0.00514557 4.93617e-300 4.59954e-227 3.69215e-157 3.94267e-93 5.75036e-38 1.60544e-09 2.41369 97.5863 
495487 1477887 0 0.00525239 9.32895e-296 9.23728e-224 7.49943e-155 9.59024e-92 2.23421e-37 2.40992e-09 2.62059 97.3794 
497487 1477887 0 0.00535738 1.05115e-291 1.24346e-220 1.14963e-152 1.96979e-90 8.07809e-37 3.54032e-09 2.83262 97.1674 
499487 1477887 0 0.00546013 7.06195e-288 1.12121e-217 1.33008e-150 3.41644e-89 2.71803e-36 5.08999e-09 3.04825 96.9518 
501487 1477887 0 0.00556023 2.82877e-284 6.76822e-215 1.16147e-148 5.00388e-88 8.51077e-36 7.16189e-09 3.26578 96.7342 
503487 1477887 0 0.00565723 6.75468e-281 2.73412e-212 7.65532e-147 6.18922e-87 2.48003e-35 9.86229e-09 3.4834 96.5166 
505487 1477887 0 0.00575065 9.61182e-278 7.38883e-210 3.80853e-145 6.46509e-86 6.72557e-35 1.32914e-08 3.69916 96.3008 
507487 1477887 0 0.00584003 8.14701e-275 1.33549e-207 1.43023e-143 5.70347e-85 1.69742e-34 1.75312e-08 3.91103 96.089 
509487 1477887 0 0.00592489 4.11082e-272 1.61409e-205 4.05443e-142 4.24958e-84 3.98704e-34 2.26311e-08 4.11692 95.8831 
511487 1477887 0 0.00600473 1.23396e-269 1.3043e-203 8.67645e-141 2.67429e-83 8.71598e-34 2.85928e-08 4.31473 95.6853 
513487 1477887 0 0.00607909 2.20186e-267 7.04602e-202 1.40172e-139 1.42149e-82 1.77336e-33 3.53567e-08 4.50237 95.4976 
515487 1477887 0 0.00614749 2.33379e-265 2.54443e-200 1.70963e-138 6.38209e-82 3.35816e-33 4.27914e-08 4.67779 95.3222 
517487 1477887 0 0.00620949 1.46818e-263 6.14176e-199 1.57427e-137 2.42037e-81 5.91883e-33 5.06892e-08 4.83903 95.161 
519487 1477887 0 0.00626466 5.47806e-262 9.90911e-198 1.09448e-136 7.75378e-81 9.70974e-33 5.87698e-08 4.98424 95.0158 
521487 1477887 0 0.00631262 1.21144e-260 1.06857e-196 5.74512e-136 2.0983e-80 1.4826e-32 6.66927e-08 5.11175 94.8882 
523487 1477887 0 0.00635302 1.58689e-259 7.70172e-196 2.27702e-135 4.79684e-80 2.10713e-32 7.40785e-08 5.22006 94.7799 
525487 1477887 0 0.00638556 1.23065e-258 3.71011e-195 6.81425e-135 9.26369e-80 2.7875e-32 8.05379e-08 5.30786 94.6921 
527487 1477887 0 0.00641 5.64779e-258 1.19452e-194 1.53979e-134 1.51134e-79 3.4324e-32 8.57048e-08 5.3741 94.6259 
529487 1477887 0 0.00642615 1.53337e-257 2.57045e-194 2.62728e-134 2.08302e-79 3.9341e-32 8.9271e-08 5.41797 94.582 
531487 1477887 0 0.00643388 2.46232e-257 3.69685e-194 3.38495e-134 2.42539e-79 4.19718e-32 9.10158e-08 5.43895 94.561 
533487 1477887 0 0.00643314 2.33847e-257 3.55353e-194 3.29308e-134 2.38577e-79 4.16808e-32 9.08292e-08 5.43677 94.5632 
535487 1477887 0 0.00642392 1.31345e-257 2.28294e-194 2.41912e-134 1.9826e-79 3.85285e-32 8.87231e-08 5.41147 94.5885 
537487 1477887 0 0.00640631 4.36353e-258 9.80244e-195 1.34188e-134 1.39187e-79 3.31507e-32 8.48299e-08 5.36335 94.6367 
539487 1477887 0 0.00638044 8.57647e-259 2.81308e-195 5.62042e-135 8.25495e-80 2.65501e-32 7.9389e-08 5.29299 94.707 
541487 1477887 0 0.0063465 9.97634e-260 5.39562e-196 1.77752e-135 4.13598e-80 1.97924e-32 7.27225e-08 5.20126 94.7987 
543487 1477887 0 0.00630475 6.87096e-261 6.91693e-197 4.24467e-136 1.75058e-80 1.37337e-32 6.52034e-08 5.08925 94.9108 
545487 1477887 0 0.00625551 2.80336e-262 5.92659e-198 7.65325e-137 6.25917e-81 8.87002e-33 5.72217e-08 4.9583 95.0417 
547487 1477887 0 0.00619912 6.77998e-264 3.3941e-199 1.04186e-137 1.89048e-81 5.33219e-33 4.91514e-08 4.80994 95.1901 
549487 1477887 0 0.00613597 9.7267e-266 1.29923e-200 1.07083e-138 4.82323e-82 2.98348e-33 4.13228e-08 4.6459 95.3541 
551487 1477887 0 0.00606651 8.28353e-268 3.32437e-202 8.30936e-140 1.03944e-82 1.55371e-33 3.40031e-08 4.46804 95.532 
553487 1477887 0 0.00599117 4.19097e-270 5.68616e-204 4.8678e-141 1.89211e-83 7.53075e-34 2.73851e-08 4.27834 95.7217 
555487 1477887 0 0.00591042 1.26065e-272 6.50208e-206 2.15279e-142 2.90911e-84 3.39719e-34 2.1586e-08 4.07885 95.9212 
557487 1477887 0 0.00582475 2.25622e-275 4.97117e-208 7.18714e-144 3.77771e-85 1.42628e-34 1.66528e-08 3.87168 96.1283 
559487 1477887 0 0.00573465 2.40412e-278 2.54158e-210 1.81126e-145 4.1432e-86 5.573e-35 1.25735e-08 3.65892 96.3411 
561487 1477887 0 0.00564058 1.52605e-281 8.69109e-213 3.44555e-147 3.83765e-87 2.02657e-35 9.29116e-09 3.44267 96.5573 
563487 1477887 0 0.00554303 5.77306e-285 1.98831e-215 4.94736e-149 3.00195e-88 6.85828e-36 6.71935e-09 3.22492 96.7751 
565487 1477887 0 0.00544246 1.30197e-288 3.04426e-218 5.36178e-151 1.98305e-89 2.15994e-36 4.75579e-09 3.00762 96.9924 
567487 1477887 0 0.00533931 1.75071e-292 3.12072e-221 4.38581e-153 1.10621e-90 6.33047e-37 3.29424e-09 2.79254 97.2075 
569487 1477887 0 0.00523399 1.40363e-296 2.14312e-224 2.70758e-155 5.21083e-92 1.72659e-37 2.23316e-09 2.58137 97.4186 
571487 1477887 0 0.00512692 6.70914e-301 9.86645e-228 1.26151e-157 2.07264e-93 4.38226e-38 1.48155e-09 2.37558 97.6244 
573487 1477887 0 0.00501846 1.91146e-305 3.04778e-231 4.43574e-160 6.96102e-95 1.03504e-38 9.61936e-10 2.1765 97.8235 
575487 1477887 0 0.00490897 3.24505e-310 6.32394e-235 1.17706e-162 1.97398e-96 2.27488e-39 6.11233e-10 1.98526 98.0147 
577487 1477887 0 0.00479877 3.28185e-315 8.82574e-239 2.3571e-165 4.7263e-98 4.65265e-40 3.80102e-10 1.80279 98.1972 
579487 1477887 0 0.00468814 0 8.29781e-243 3.56204e-168 9.55425e-100 8.85483e-41 2.31328e-10 1.62984 98.3702 
581487 1477887 0 0.00457738 0 5.26536e-247 4.06219e-171 1.63064e-101 1.56817e-41 1.37782e-10 1.46696 98.533 
583487 1477887 0 0.00446672 0 2.25968e-251 3.49591e-174 2.34959e-103 2.58428e-42 8.0315e-11 1.31452 98.6855 
585487 1477887 0 0.00435638 0 6.5735e-256 2.27041e-177 2.85821e-105 3.9629e-43 4.5819e-11 1.17273 98.8273 
587487 1477887 0 0.00424657 0 1.29917e-260 1.11275e-180 2.9353e-107 5.65478e-44 2.55825e-11 1.04163 98.9584 
589487 1477887 0 0.00413747 0 1.74819e-265 4.11584e-184 2.54482e-109 7.50835e-45 1.39795e-11 0.921121 99.0789 
591487 1477887 0 0.00402924 0 1.60458e-270 1.14896e-187 1.86253e-111 9.2768e-46 7.47653e-12 0.810991 99.189 
593487 1477887 0 0.00392203 0 1.00589e-275 2.42086e-191 1.15076e-113 1.06654e-46 3.91355e-12 0.710912 99.2891 
595487 1477887 0 0.00381596 0 4.30955e-281 3.85027e-195 6.00194e-116 1.14098e-47 2.00499e-12 0.620471 99.3795 
597487 1477887 0 0.00371115 0 1.26178e-286 4.62302e-199 2.64253e-118 1.13579e-48 1.00537e-12 0.539187 99.4608 
599487 1477887 0 0.00360771 0 2.52286e-292 4.19126e-203 9.82115e-121 1.05207e-49 4.93424e-13 0.466525 99.5335 
601487 1477887 0 0.00350572 0 3.44051e-298 2.86976e-207 3.08117e-123 9.06788e-51 2.37028e-13 0.401915 99.5981 
603487 1477887 0 0.00340525 0 3.19521e-304 1.48441e-211 8.15968e-126 7.27255e-52 1.11447e-13 0.344766 99.6552 
605487 1477887 0 0.00330639 0 2.01737e-310 5.80278e-216 1.82403e-128 5.42729e-53 5.12904e-14 0.294476 99.7055 
607487 1477887 0 0.00320919 0 8.49823e-317 1.71516e-220 3.44182e-131 3.76873e-54 2.31048e-14 0.250447 99.7496 
609487 1477887 0 0.00311371 0 0 3.83565e-225 5.48198e-134 2.4351e-55 1.01877e-14 0.212094 99.7879 
611487 1477887 0 0.00301999 0 0 6.4952e-230 7.37016e-137 1.46403e-56 4.39699e-15 0.178852 99.8211 
613487 1477887 0 0.00292806 0 0 8.33722e-235 8.36382e-140 8.1901e-58 1.85759e-15 0.150181 99.8498 
615487 1477887 0 0.00283797 0 0 8.12261e-240 8.01158e-143 4.26317e-59 7.68179e-16 0.125573 99.8744 
617487 1477887 0 0.00274974 0 0 6.01618e-245 6.47764e-146 2.06479e-60 3.10953e-16 0.104555 99.8954 
619487 1477887 0 0.00266338 0 0 3.39429e-250 4.42078e-149 9.30495e-62 1.23211e-16 0.086689 99.9133 
621487 1477887 0 0.00257893 0 0 1.46211e-255 2.54664e-152 3.90163e-63 4.77895e-17 0.0715739 99.9284 
623487 1477887 0 0.00249638 0 0 4.82092e-261 1.23829e-155 1.52218e-64 1.81444e-17 0.0588467 99.9412 
625487 1477887 0 0.00241574 0 0 1.22008e-266 5.08237e-159 5.52549e-66 6.74346e-18 0.0481803 99.9518 
627487 1477887 0 0.00233702 0 0 2.3764e-272 1.76079e-162 1.86618e-67 2.45333e-18 0.0392825 99.9607 
629487 1477887 0 0.00226022 0 0 3.57068e-278 5.14932e-166 5.86426e-69 8.73696e-19 0.0318944 99.9681 
433487 1475887 0 0.00227007 0 0 3.047e-277 1.88371e-165 1.01332e-68 1.02582e-18 0.0329119 99.9671 
435487 1475887 0 0.00234871 0 0 2.54627e-271 7.3804e-162 3.4171e-67 2.93099e-18 0.04068 99.9593 
437487 1475887 0 0.00242942 0 0 1.64216e-265 2.44086e-158 1.07212e-65 8.19773e-18 0.0500722 99.9499 
439487 1475887 0 0.00251221 0 0 8.15259e-260 6.81385e-155 3.12972e-64 2.24444e-17 0.0613757 99.9386 
441487 1475887 0 0.00259709 0 0 3.10677e-254 1.60556e-151 8.50058e-63 6.01524e-17 0.0749167 99.9251 
443487 1475887 0 0.00268405 0 0 9.06174e-249 3.19329e-148 2.14821e-61 1.57808e-16 0.0910624 99.9089 
445487 1475887 0 0.0027731 0 0 2.01766e-243 5.36077e-145 5.05123e-60 4.0526e-16 0.110224 99.8898 
447487 1475887 0 0.00286424 0 0 3.42136e-238 7.59613e-142 1.10512e-58 1.01874e-15 0.132856 99.8671 
449487 1475887 0 0.00295744 0 0 4.40965e-233 9.08517e-139 2.24968e-57 2.50677e-15 0.159462 99.8405 
451487 1475887 0 0.00305271 0 0 4.31279e-228 9.17173e-136 4.26121e-56 6.03789e-15 0.190587 99.8094 
453487 1475887 0 0.00315003 0 0 3.19665e-223 7.81533e-133 7.51014e-55 1.42354e-14 0.226824 99.7732 
455487 1475887 0 0.00324936 0 6.00024e-314 1.79378e-218 5.62114e-130 1.2316e-53 3.28523e-14 0.268804 99.7312 
457487 1475887 0 0.00335068 0 1.93051e-307 7.61433e-214 3.41259e-127 1.87932e-52 7.42109e-14 0.317198 99.6828 
459487 1475887 0 0.00345395 0 4.22155e-301 2.44351e-209 1.74876e-124 2.66834e-51 1.64085e-13 0.372706 99.6273 
461487 1475887 0 0.00355913 0 6.28668e-295 5.92532e-205 7.56427e-122 3.52529e-50 3.55114e-13 0.436051 99.5639 
463487 1475887 0 0.00366616 0 6.38784e-289 1.08534e-200 2.76183e-119 4.33374e-49 7.52239e-13 0.507968 99.492 
465487 1475887 0 0.00377499 0 4.43608e-283 1.50125e-196 8.51186e-117 4.9573e-48 1.55965e-12 0.589193 99.4108 
467487 1475887 0 0.00388555 0 2.10802e-277 1.56778e-192 2.21439e-114 5.27646e-47 3.16502e-12 0.680447 99.3196 
469487 1475887 0 0.00399775 0 6.85799e-272 1.23593e-188 4.86288e-112 5.22585e-46 6.28634e-12 0.782421 99.2176 
471487 1475887 0 0.0041115 0 1.52694e-266 7.35401e-185 9.01457e-110 4.81602e-45 1.22204e-11 0.895752 99.1042 
473487 1475887 0 0.00422668 0 2.32406e-261 3.30248e-181 1.41064e-107 4.12987e-44 2.32504e-11 1.02101 98.979 
475487 1475887 0 0.00434318 0 2.41363e-256 1.11921e-177 1.86343e-105 3.29536e-43 4.3294e-11 1.15868 98.8413 
477487 1475887 0 0.00446084 0 1.70642e-251 2.86236e-174 2.078e-103 2.44675e-42 7.88994e-11 1.30912 98.6909 
479487 1475887 0 0.00457951 0 8.19181e-247 5.52408e-171 1.95622e-101 1.69042e-41 1.40722e-10 1.47256 98.5274 
481487 1475887 0 0.004699 1.05236e-319 2.66346e-242 8.04478e-168 1.55468e-99 1.08672e-40 2.45632e-10 1.64907 98.3509 
483487 1475887 0 0.00481909 3.81962e-314 5.85121e-238 8.84064e-165 1.0431e-97 6.5008e-40 4.19606e-10 1.83854 98.1615 
485487 1475887 0 0.00493955 9.6625e-309 8.66664e-234 7.33111e-162 5.90853e-96 3.61859e-39 7.01498e-10 2.04067 97.9593 
487487 1475887 0 0.00506011 1.45703e-303 8.63909e-230 4.58749e-159 2.82563e-94 1.8743e-38 1.14772e-09 2.25493 97.7451 
489487 1475887 0 0.00518048 1.31031e-298 5.78677e-226 2.16625e-156 1.14089e-92 9.03377e-38 1.83768e-09 2.48058 97.5194 
491487 1475887 0 0.00530032 7.03113e-294 2.60146e-222 7.7193e-154 3.88937e-91 4.05167e-37 2.87956e-09 2.71664 97.2834 
493487 1475887 0 0.00541928 2.25216e-289 7.84114e-219 2.07584e-151 1.11953e-89 1.69098e-36 4.41575e-09 2.9619 97.0381 
495487 1475887 0 0.00553696 4.30754e-285 1.58337e-215 4.21282e-149 2.72099e-88 6.5673e-36 6.62681e-09 3.21491 96.7851 
497487 1475887 0 0.00565292 4.92003e-281 2.14072e-212 6.45249e-147 5.58431e-87 2.37349e-35 9.73261e-09 3.474 96.526 
499487 1475887 0 0.00576671 3.35572e-277 1.9369e-209 7.45888e-145 9.67787e-86 7.98265e-35 1.39888e-08 3.73729 96.2627 
501487 1475887 0 0.00587784 1.36634e-273 1.17238e-206 6.50773e-143 1.41636e-84 2.49846e-34 1.96773e-08 4.00271 95.9973 
503487 1475887 0 0.00598579 3.31943e-270 4.7459e-204 4.28562e-141 1.75053e-83 7.27735e-34 2.70884e-08 4.26802 95.732 
505487 1475887 0 0.00609002 4.80831e-267 1.28461e-201 2.13032e-139 1.82719e-82 1.97269e-33 3.64958e-08 4.53086 95.4691 
507487 1475887 0 0.00618997 4.14924e-264 2.32468e-199 7.99362e-138 1.61077e-81 4.97665e-33 4.81227e-08 4.78876 95.2112 
509487 1475887 0 0.00628506 2.13091e-261 2.81218e-197 2.26427e-136 1.19933e-80 1.16847e-32 6.21027e-08 5.0392 94.9608 
511487 1475887 0 0.00637473 6.50613e-259 2.27393e-195 4.84193e-135 7.54253e-80 2.55337e-32 7.84391e-08 5.27962 94.7204 
513487 1475887 0 0.00645839 1.17973e-256 1.22897e-193 7.8169e-134 4.00668e-79 5.19318e-32 9.69668e-08 5.50751 94.4925 
515487 1475887 0 0.00653549 1.26911e-254 4.43939e-192 9.52783e-133 1.79787e-78 9.83073e-32 1.17325e-07 5.72042 94.2796 
517487 1475887 0 0.00660548 8.0918e-253 1.0718e-190 8.7683e-132 6.81477e-78 1.73213e-31 1.38943e-07 5.91598 94.084 
519487 1475887 0 0.00666786 3.05524e-251 1.72944e-189 6.09276e-131 2.18213e-77 2.84071e-31 1.61056e-07 6.09202 93.908 
521487 1475887 0 0.00672216 6.82589e-250 1.86508e-188 3.19673e-130 5.90282e-77 4.33644e-31 1.82732e-07 6.24651 93.7535 
523487 1475887 0 0.00676794 9.01783e-249 1.34429e-187 1.26649e-129 1.34896e-76 6.1618e-31 2.02933e-07 6.37766 93.6223 
525487 1475887 0 0.00680485 7.04101e-248 6.47577e-187 3.78895e-129 2.60439e-76 8.14994e-31 2.20596e-07 6.48395 93.5161 
527487 1475887 0 0.00683259 3.24767e-247 2.08495e-186 8.55973e-129 4.24809e-76 1.00341e-30 2.34724e-07 6.56411 93.4359 
529487 1475887 0 0.00685093 8.84654e-247 4.48648e-186 1.46028e-128 5.85417e-76 1.14998e-30 2.44473e-07 6.6172 93.3828 
531487 1475887 0 0.00685971 1.42283e-246 6.45245e-186 1.88126e-128 6.81594e-76 1.22683e-30 2.49243e-07 6.64258 93.3574 
533487 1475887 0 0.00685886 1.35103e-246 6.20229e-186 1.83021e-128 6.70465e-76 1.21833e-30 2.48733e-07 6.63995 93.3601 
535487 1475887 0 0.00684839 7.57384e-247 3.98464e-186 1.34461e-128 5.57207e-76 1.12624e-30 2.42975e-07 6.60933 93.3907 
537487 1475887 0 0.00682838 2.50702e-247 1.71094e-186 7.45981e-129 3.91242e-76 9.69133e-31 2.32331e-07 6.5511 93.4489 
539487 1475887 0 0.00679901 4.90105e-248 4.91006e-187 3.1253e-129 2.3209e-76 7.76279e-31 2.17455e-07 6.46596 93.534 
541487 1475887 0 0.00676052 5.66052e-249 9.41767e-188 9.88737e-130 1.16318e-76 5.78802e-31 1.99224e-07 6.3549 93.6451 
543487 1475887 0 0.00671321 3.86417e-250 1.20727e-188 2.36203e-130 4.92497e-77 4.01712e-31 1.78657e-07 6.21924 93.7808 
545487 1475887 0 0.00665747 1.56005e-251 1.03434e-189 4.26082e-131 1.76165e-77 2.59517e-31 1.5682e-07 6.06056 93.9394 
547487 1475887 0 0.00659372 3.72732e-253 5.92282e-191 5.80352e-132 5.3233e-78 1.56054e-31 1.34734e-07 5.8807 94.1193 
549487 1475887 0 0.00652245 5.27446e-255 2.26671e-192 5.96849e-133 1.35887e-78 8.73441e-32 1.13303e-07 5.68171 94.3183 
551487 1475887 0 0.00644417 4.4246e-257 5.7979e-194 4.63443e-134 2.93015e-79 4.55024e-32 9.32589e-08 5.46581 94.5342 
553487 1475887 0 0.00635942 2.20247e-259 9.9121e-196 2.71686e-135 5.33711e-80 2.20631e-32 7.51298e-08 5.23538 94.7646 
555487 1475887 0 0.00626878 6.51236e-262 1.13265e-197 1.20243e-136 8.21124e-81 9.95679e-33 5.92381e-08 4.99289 95.0071 
557487 1475887 0 0.00617281 1.14504e-264 8.65142e-200 4.01751e-138 1.06704e-81 4.18201e-33 4.5714e-08 4.74086 95.2591 
559487 1475887 0 0.00607209 1.19842e-267 4.41748e-202 1.01329e-139 1.17112e-82 1.63475e-33 3.45264e-08 4.48185 95.5182 
561487 1475887 0 0.00596719 7.4735e-271 1.50803e-204 1.9292e-141 1.08557e-83 5.94717e-34 2.5521e-08 4.21836 95.7816 
563487 1475887 0 0.00585867 2.77927e-274 3.44243e-207 2.77244e-143 8.49829e-85 2.0135e-34 1.84623e-08 3.95286 96.0471 
565487 1475887 0 0.00574706 6.16766e-278 5.25573e-210 3.00727e-145 5.61826e-86 6.34406e-35 1.3071e-08 3.68768 96.3123 
567487 1475887 0 0.00563288 8.17141e-282 5.36835e-213 2.46201e-147 3.13656e-87 1.86015e-35 9.05652e-09 3.42503 96.575 
569487 1475887 0 0.00551661 6.46496e-286 3.6699e-216 1.52123e-149 1.47866e-88 5.07557e-36 6.14102e-09 3.16694 96.8331 
571487 1475887 0 0.00539871 3.05451e-290 1.67992e-219 7.09371e-152 5.88616e-90 1.28876e-36 4.07516e-09 2.91527 97.0847 
573487 1475887 0 0.00527959 8.61688e-295 5.15261e-223 2.49638e-154 1.97846e-91 3.04512e-37 2.64649e-09 2.67164 97.3284 
575487 1475887 0 0.00515966 1.45095e-299 1.0598e-226 6.6297e-157 5.6149e-93 6.69537e-38 1.68197e-09 2.43745 97.5626 
577487 1475887 0 0.00503927 1.45766e-304 1.46328e-230 1.32865e-159 1.34543e-94 1.36987e-38 1.04614e-09 2.21387 97.7861 
579487 1475887 0 0.00491873 8.73264e-310 1.35801e-234 2.00934e-162 2.72189e-96 2.60803e-39 6.36773e-10 2.00184 97.9982 
581487 1475887 0 0.00479834 3.11904e-315 8.48472e-239 2.29307e-165 4.649e-98 4.62034e-40 3.79319e-10 1.80205 98.1979 
583487 1475887 0 0.00467837 0 3.57561e-243 1.97467e-168 6.70373e-100 7.61657e-41 2.21134e-10 1.615 98.385 
585487 1475887 0 0.00455904 0 1.01857e-247 1.28318e-171 8.16079e-102 1.16833e-41 1.26165e-10 1.44094 98.5591 
587487 1475887 0 0.00444056 0 1.96615e-252 6.2922e-175 8.38681e-104 1.66761e-42 7.04465e-11 1.27995 98.7201 
589487 1475887 0 0.00432311 0 2.57837e-257 2.32832e-178 7.27615e-106 2.21484e-43 3.84967e-11 1.13193 98.8681 
591487 1475887 0 0.00420685 0 2.30288e-262 6.50167e-182 5.32891e-108 2.73721e-44 2.0589e-11 0.996618 99.0034 
593487 1475887 0 0.00409193 0 1.40403e-267 1.37015e-185 3.29458e-110 3.14769e-45 1.07771e-11 0.873634 99.1264 
595487 1475887 0 0.00397847 0 5.85336e-273 2.17924e-189 1.71942e-112 3.36817e-46 5.52114e-12 0.762478 99.2375 
597487 1475887 0 0.00386657 0 1.6703e-278 2.61621e-193 7.57484e-115 3.35361e-47 2.76836e-12 0.662564 99.3374 
599487 1475887 0 0.00375632 0 3.26298e-284 2.37098e-197 2.81691e-117 3.10704e-48 1.35859e-12 0.573243 99.4268 
601487 1475887 0 0.00364782 0 4.36099e-290 1.62235e-201 8.8425e-120 2.67854e-49 6.5258e-13 0.493818 99.5062 
603487 1475887 0 0.00354111 0 3.98235e-296 8.38331e-206 2.34301e-122 2.14864e-50 3.06806e-13 0.423563 99.5764 
605487 1475887 0 0.00343628 0 2.48038e-302 3.27243e-210 5.24042e-125 1.60377e-51 1.41184e-13 0.361743 99.6383 
607487 1475887 0 0.00333335 0 1.05166e-308 9.65332e-215 9.89343e-128 1.11386e-52 6.35923e-14 0.307622 99.6924 
609487 1475887 0 0.00323239 0 3.03022e-315 2.15303e-219 1.57657e-130 7.19836e-54 2.80365e-14 0.260482 99.7395 
611487 1475887 0 0.00313342 0 0 3.63308e-224 2.12062e-133 4.32856e-55 1.20991e-14 0.219627 99.7804 
613487 1475887 0 0.00303647 0 0 4.6421e-229 2.40765e-136 2.42192e-56 5.11081e-15 0.184394 99.8156 
615487 1475887 0 0.00294156 0 0 4.49613e-234 2.30728e-139 1.26089e-57 2.11322e-15 0.154158 99.8458 
617487 1475887 0 0.00284872 0 0 3.30551e-239 1.86631e-142 6.10798e-59 8.55298e-16 0.128337 99.8717 
619487 1475887 0 0.00275796 0 0 1.84778e-244 1.27422e-145 2.75305e-60 3.38855e-16 0.106391 99.8936 
621487 1475887 0 0.00266927 0 0 7.86977e-250 7.34314e-149 1.15458e-61 1.31412e-16 0.0878269 99.9122 
623487 1475887 0 0.00258268 0 0 2.55991e-255 3.57187e-152 4.50528e-63 4.9887e-17 0.0721984 99.9278 
625487 1475887 0 0.00249817 0 0 6.37701e-261 1.46652e-155 1.63571e-64 1.85383e-17 0.0591027 99.9409 
627487 1475887 0 0.00241574 0 0 1.22008e-266 5.08237e-159 5.52549e-66 6.74346e-18 0.0481803 99.9518 
629487 1475887 0 0.00233539 0 0 1.79788e-272 1.48673e-162 1.73665e-67 2.40122e-18 0.0391126 99.9609 
433487 1473887 0 0.00234406 0 0 1.16434e-271 4.59207e-162 2.79248e-67 2.75948e-18 0.040187 99.9598 
435487 1473887 0 0.00242627 0 0 9.91893e-266 1.79866e-158 9.41502e-66 7.88549e-18 0.0496799 99.9503 
437487 1473887 0 0.00251071 0 0 6.51001e-260 5.94665e-155 2.95342e-64 2.2058e-17 0.0611595 99.9388 
439487 1473887 0 0.00259741 0 0 3.28199e-254 1.65948e-151 8.62002e-63 6.04003e-17 0.0749776 99.925 
441487 1473887 0 0.00268637 0 0 1.26714e-248 3.9088e-148 2.34085e-61 1.61899e-16 0.0915336 99.9085 
443487 1473887 0 0.00277761 0 0 3.73616e-243 7.77113e-145 5.9146e-60 4.24796e-16 0.111278 99.8887 
445487 1473887 0 0.00287113 0 0 8.39203e-238 1.30404e-141 1.39049e-58 1.09105e-15 0.134713 99.8653 
447487 1473887 0 0.00296695 0 0 1.433e-232 1.84701e-138 3.04161e-57 2.74305e-15 0.162398 99.8376 
449487 1473887 0 0.00306507 0 0 1.85703e-227 2.20806e-135 6.19067e-56 6.7506e-15 0.194947 99.8051 
451487 1473887 0 0.00316547 0 1.56125e-319 1.82391e-222 2.22804e-132 1.17239e-54 1.62618e-14 0.233031 99.767 
453487 1473887 0 0.00326816 0 1.03146e-312 1.35622e-217 1.8976e-129 2.0659e-53 3.8345e-14 0.277373 99.7226 
455487 1473887 0 0.00337313 0 4.93649e-306 7.6286e-213 1.36414e-126 3.38728e-52 8.85024e-14 0.328749 99.6713 
457487 1473887 0 0.00348035 0 1.60751e-299 3.2439e-208 8.27728e-124 5.16774e-51 1.99942e-13 0.387977 99.612 
459487 1473887 0 0.0035898 0 3.56966e-293 1.04229e-203 4.2393e-121 7.33597e-50 4.42129e-13 0.455915 99.5441 
461487 1473887 0 0.00370146 0 5.41726e-287 2.52957e-199 1.83266e-118 9.69001e-49 9.5694e-13 0.533445 99.4666 
463487 1473887 0 0.00381529 0 5.62876e-281 4.63572e-195 6.68734e-116 1.19097e-47 2.02723e-12 0.621466 99.3785 
465487 1473887 0 0.00393124 0 4.00919e-275 6.41373e-191 2.05975e-113 1.36203e-46 4.20339e-12 0.720874 99.2791 
467487 1473887 0 0.00404925 0 1.95825e-269 6.69817e-187 5.3551e-111 1.44939e-45 8.53032e-12 0.832545 99.1675 
469487 1473887 0 0.00416926 0 6.5551e-264 5.27959e-183 1.17522e-108 1.43513e-44 1.69432e-11 0.957317 99.0427 
471487 1473887 0 0.00429119 0 1.50147e-258 3.14055e-179 2.17708e-106 1.32223e-43 3.29366e-11 1.09596 98.904 
473487 1473887 0 0.00441493 0 2.34793e-253 1.40976e-175 3.40438e-104 1.13354e-42 6.26631e-11 1.24916 98.7508 
475487 1473887 0 0.00454038 0 2.49978e-248 4.77525e-172 4.49386e-102 9.04217e-42 1.16677e-10 1.41749 98.5825 
477487 1473887 0 0.0046674 0 1.80682e-243 1.22053e-168 5.00752e-100 6.71151e-41 2.12617e-10 1.60137 98.3986 
479487 1473887 0 0.00479582 3.29963e-315 8.84134e-239 2.35393e-165 4.71041e-98 4.6353e-40 3.79173e-10 1.80105 98.1989 
481487 1473887 0 0.00492547 2.36315e-309 2.92152e-234 3.42553e-162 3.74055e-96 2.97884e-39 6.61762e-10 2.01661 97.9834 
483487 1473887 0 0.00505613 1.0092e-303 6.50482e-230 3.76144e-159 2.50763e-94 1.78127e-38 1.13028e-09 2.24788 97.7521 
485487 1473887 0 0.00518756 2.57212e-298 9.74093e-226 3.11655e-156 1.41923e-92 9.91123e-38 1.88923e-09 2.49444 97.5056 
487487 1473887 0 0.00531947 3.9153e-293 9.79615e-222 1.94849e-153 6.78134e-91 5.13149e-37 3.09028e-09 2.75564 97.2444 
489487 1473887 0 0.00545154 3.56211e-288 6.60821e-218 9.19246e-151 2.73568e-89 2.47219e-36 4.94675e-09 3.03054 96.9695 
491487 1473887 0 0.00558342 1.9381e-283 2.98729e-214 3.27258e-148 9.3179e-88 1.10827e-35 7.74914e-09 3.3179 96.6821 
493487 1473887 0 0.0057147 6.30867e-279 9.04323e-211 8.79199e-146 2.67971e-86 4.62319e-35 1.18795e-08 3.61622 96.3838 
495487 1473887 0 0.00584494 1.22871e-274 1.83223e-207 1.78254e-143 6.50714e-85 1.79464e-34 1.7822e-08 3.9237 96.0763 
497487 1473887 0 0.00597366 1.43165e-270 2.48348e-204 2.72748e-141 1.33427e-83 6.48274e-34 2.61654e-08 4.23829 95.7617 
499487 1473887 0 0.00610032 9.97414e-267 2.2513e-201 3.14975e-139 2.31029e-82 2.17919e-33 3.75942e-08 4.55769 95.4423 
501487 1473887 0 0.00622437 4.15161e-263 1.36456e-198 2.74539e-137 3.37814e-81 6.81707e-33 5.28615e-08 4.87936 95.1206 
503487 1473887 0 0.00634519 1.03133e-259 5.52925e-196 1.80619e-135 4.17155e-80 1.98461e-32 7.27427e-08 5.2006 94.7994 
505487 1473887 0 0.00646215 1.52712e-256 1.49762e-193 8.96977e-134 4.35056e-79 5.37698e-32 9.79668e-08 5.51853 94.4815 
507487 1473887 0 0.00657458 1.34604e-253 2.71123e-191 3.36261e-132 3.83215e-78 1.35581e-31 1.29127e-07 5.83019 94.1698 
509487 1473887 0 0.00668181 7.05255e-251 3.28044e-189 9.51645e-131 2.85108e-77 3.18178e-31 1.66575e-07 6.13255 93.8675 
511487 1473887 0 0.00678314 2.19358e-248 2.65272e-187 2.03328e-129 1.7917e-76 6.94964e-31 2.10314e-07 6.42254 93.5775 
513487 1473887 0 0.00687789 4.04509e-246 1.43362e-185 3.27995e-128 9.51106e-76 1.41283e-30 2.59897e-07 6.69718 93.3028 
515487 1473887 0 0.00696537 4.41747e-244 5.17801e-184 3.99491e-127 4.26503e-75 2.67338e-30 3.14354e-07 6.95354 93.0465 
517487 1473887 0 0.00704493 2.85396e-242 1.24991e-182 3.67397e-126 1.6157e-74 4.70858e-30 3.72162e-07 7.18885 92.8112 
519487 1473887 0 0.00711594 1.08986e-240 2.01645e-181 2.55136e-125 5.17085e-74 7.71947e-30 4.31268e-07 7.4005 92.5995 
521487 1473887 0 0.00717783 2.45825e-239 2.17418e-180 1.33794e-124 1.39811e-73 1.17805e-29 4.89185e-07 7.58612 92.4139 
523487 1473887 0 0.00723008 3.27303e-238 1.56679e-179 5.29833e-124 3.19383e-73 1.6735e-29 5.43148e-07 7.74363 92.2564 
525487 1473887 0 0.00727225 2.57119e-237 7.54638e-179 1.58452e-123 6.16432e-73 2.21301e-29 5.90321e-07 7.8712 92.1288 
527487 1473887 0 0.00730396 1.19128e-236 2.42933e-178 3.57867e-123 1.00524e-72 2.72421e-29 6.28043e-07 7.96739 92.0326 
529487 1473887 0 0.00732493 3.25447e-236 5.22708e-178 6.10407e-123 1.38508e-72 3.12179e-29 6.54071e-07 8.03108 91.9689 
531487 1473887 0 0.00733497 5.24148e-236 7.51726e-178 7.86313e-123 1.61251e-72 3.33025e-29 6.66804e-07 8.06151 91.9385 
533487 1473887 0 0.007334 4.97625e-236 7.22586e-178 7.64985e-123 1.58619e-72 3.30719e-29 6.65442e-07 8.05836 91.9416 
535487 1473887 0 0.00732201 2.78501e-236 4.64246e-178 5.62072e-123 1.31836e-72 3.0574e-29 6.50071e-07 8.02164 91.9784 
537487 1473887 0 0.00729913 9.18911e-237 1.99359e-178 3.11895e-123 9.25844e-73 2.6312e-29 6.21654e-07 7.95178 92.0482 
539487 1473887 0 0.00726555 1.78781e-237 5.72196e-179 1.30707e-123 5.49361e-73 2.10795e-29 5.8193e-07 7.8496 92.1504 
541487 1473887 0 0.00722157 2.05162e-238 1.09768e-179 4.13666e-124 2.75416e-73 1.57205e-29 5.3324e-07 7.71629 92.2837 
543487 1473887 0 0.00716759 1.38921e-239 1.40739e-180 9.88677e-125 1.1666e-73 1.09136e-29 4.78298e-07 7.55336 92.4466 
545487 1473887 0 0.00710405 5.55337e-241 1.20604e-181 1.78442e-125 4.17485e-74 7.05263e-30 4.19944e-07 7.36268 92.6373 
547487 1473887 0 0.0070315 1.31139e-242 6.90727e-183 2.432e-126 1.26222e-74 4.24241e-30 3.60906e-07 7.1464 92.8536 
