#EAST NORTH ELEV Kg/m^2 [-4.5->-3.375) [-3.375->-2.25) [-2.25->-1.125) [-1.125->0) [0->1.125) [1.125->2.25) [2.25->3.375) [3.375->4.5) (percent)
433487 1479887 0 0.00212705 0 0 0 0 0 1.32967e-19 0.021799 99.9782 
435487 1479887 0 0.00219898 0 0 0 0 0 3.79819e-19 0.0269359 99.9731 
437487 1479887 0 0.00227268 0 0 0 0 0 1.06205e-18 0.0331446 99.9669 
439487 1479887 0 0.00234816 0 0 0 0 0 2.90699e-18 0.0406142 99.9594 
441487 1479887 0 0.0024254 0 0 0 0 0 7.78883e-18 0.0495592 99.9504 
443487 1479887 0 0.0025044 0 0 0 0 0 2.04282e-17 0.0602214 99.9398 
445487 1479887 0 0.00258514 0 0 0 0 0 5.24464e-17 0.0728707 99.9271 
447487 1479887 0 0.00266761 0 0 0 0 0 1.31803e-16 0.0878069 99.9122 
449487 1479887 0 0.00275177 0 0 0 0 0 3.24235e-16 0.10536 99.8946 
451487 1479887 0 0.00283761 0 0 0 0 0 7.80755e-16 0.125888 99.8741 
453487 1479887 0 0.00292508 0 0 0 0 0 1.84029e-15 0.149782 99.8502 
455487 1479887 0 0.00301415 0 0 0 0 0 4.24592e-15 0.177456 99.8225 
457487 1479887 0 0.00310476 0 0 0 0 2.00697e-314 9.58889e-15 0.209352 99.7906 
459487 1479887 0 0.00319687 0 0 0 0 3.52563e-308 2.11969e-14 0.24593 99.7541 
461487 1479887 0 0.00329042 0 0 0 0 4.19823e-302 4.58647e-14 0.287667 99.7123 
463487 1479887 0 0.00338533 0 0 0 0 3.38773e-296 9.71367e-14 0.335049 99.665 
465487 1479887 0 0.00348152 0 0 0 0 1.85211e-290 2.01364e-13 0.388562 99.6114 
467487 1479887 0 0.00357891 0 0 0 0 6.85909e-285 4.08573e-13 0.448685 99.5513 
469487 1479887 0 0.0036774 0 0 0 0 1.72049e-279 8.11414e-13 0.515877 99.4841 
471487 1479887 0 0.00377688 0 0 0 0 2.92266e-274 1.57723e-12 0.590566 99.4094 
473487 1479887 0 0.00387723 0 0 0 0 3.36215e-269 3.00069e-12 0.673137 99.3269 
475487 1479887 0 0.00397831 0 0 0 0 2.61905e-264 5.58751e-12 0.763917 99.2361 
477487 1479887 0 0.00407997 0 0 0 0 1.38148e-259 1.01831e-11 0.86316 99.1368 
479487 1479887 0 0.00418206 0 0 0 0 4.93405e-255 1.81636e-11 0.971034 99.029 
481487 1479887 0 0.00428439 0 0 0 0 1.19322e-250 3.17087e-11 1.0876 98.9124 
483487 1479887 0 0.00438675 0 0 0 0 1.95383e-246 5.41762e-11 1.21282 98.7872 
485487 1479887 0 0.00448895 0 0 0 0 2.16625e-242 9.05915e-11 1.3465 98.6535 
487487 1479887 0 0.00459074 0 0 0 0 1.62624e-238 1.48256e-10 1.48834 98.5117 
489487 1479887 0 0.00469186 0 0 0 0 8.26654e-235 2.37453e-10 1.63785 98.3621 
491487 1479887 0 0.00479203 0 0 0 0 2.84532e-231 3.72208e-10 1.79444 98.2056 
493487 1479887 0 0.00489097 0 0 0 4.93967e-317 6.63154e-228 5.70997e-10 1.9573 98.0427 
495487 1479887 0 0.00498835 0 0 0 1.29612e-312 1.04661e-224 8.57275e-10 2.12552 97.8745 
497487 1479887 0 0.00508384 0 0 0 2.01122e-308 1.11855e-221 1.25964e-09 2.298 97.702 
499487 1479887 0 0.00517708 0 0 0 1.82565e-304 8.09532e-219 1.81139e-09 2.4735 97.5265 
501487 1479887 0 0.0052677 0 0 0 9.68671e-301 3.96769e-216 2.54928e-09 2.65067 97.3493 
503487 1479887 0 0.00535531 0 0 0 3.00231e-297 1.31698e-213 3.51129e-09 2.82801 97.172 
505487 1479887 0 0.00543951 0 0 0 5.43287e-294 2.96054e-211 4.73328e-09 3.00395 96.996 
507487 1479887 0 0.00551989 0 0 0 5.73749e-291 4.50745e-209 6.24462e-09 3.17683 96.8232 
509487 1479887 0 0.00559606 0 0 0 3.53501e-288 4.64804e-207 8.0631e-09 3.34493 96.6551 
511487 1479887 0 0.00566759 0 0 0 1.27035e-285 3.24642e-205 1.01895e-08 3.50654 96.4935 
513487 1479887 0 0.00573408 0 0 0 2.66217e-283 1.53585e-203 1.26028e-08 3.65992 96.3401 
515487 1479887 0 0.00579515 0 0 0 3.25281e-281 4.92173e-202 1.52561e-08 3.80339 96.1966 
517487 1479887 0 0.00585042 0 0 0 2.31707e-279 1.06837e-200 1.80754e-08 3.93534 96.0647 
519487 1479887 0 0.00589954 0 0 0 9.62141e-278 1.57099e-199 2.09607e-08 4.05423 95.9458 
521487 1479887 0 0.00594219 0 0 0 2.32877e-276 1.56489e-198 2.37902e-08 4.15867 95.8413 
523487 1479887 0 0.00597808 0 0 0 3.28534e-275 1.05599e-197 2.64285e-08 4.2474 95.7526 
525487 1479887 0 0.00600697 0 0 0 2.70137e-274 4.82745e-197 2.87362e-08 4.31937 95.6806 
527487 1479887 0 0.00602864 0 0 0 1.29456e-273 1.49506e-196 3.05824e-08 4.37367 95.6263 
529487 1479887 0 0.00604296 0 0 0 3.6157e-273 3.13679e-196 3.18567e-08 4.40965 95.5904 
531487 1479887 0 0.00604982 0 0 0 5.88552e-273 4.45868e-196 3.24802e-08 4.42685 95.5731 
533487 1479887 0 0.00604916 0 0 0 5.5834e-273 4.29359e-196 3.24135e-08 4.42507 95.5749 
535487 1479887 0 0.006041 0 0 0 3.08699e-273 2.8011e-196 3.16609e-08 4.40432 95.5957 
537487 1479887 0 0.00602538 0 0 0 9.94708e-274 1.23802e-196 3.02697e-08 4.36486 95.6351 
539487 1479887 0 0.00600243 0 0 0 1.86804e-274 3.70694e-197 2.83257e-08 4.30719 95.6928 
541487 1479887 0 0.00597231 0 0 0 2.04464e-275 7.51943e-198 2.59441e-08 4.23201 95.768 
543487 1479887 0 0.00593522 0 0 0 1.30436e-276 1.03331e-198 2.32584e-08 4.14024 95.8598 
545487 1479887 0 0.00589143 0 0 0 4.8501e-278 9.61928e-200 2.04079e-08 4.03299 95.967 
547487 1479887 0 0.00584121 0 0 0 1.05123e-279 6.06613e-201 1.75265e-08 3.91154 96.0885 
549487 1479887 0 0.00578491 0 0 0 1.32821e-281 2.59136e-202 1.4732e-08 3.77731 96.2227 
551487 1479887 0 0.00572288 0 0 0 9.78379e-284 7.49853e-204 1.21198e-08 3.63186 96.3681 
553487 1479887 0 0.00565548 0 0 0 4.20213e-286 1.46976e-205 9.75875e-09 3.47681 96.5232 
555487 1479887 0 0.00558313 0 0 0 1.05251e-288 1.95129e-207 7.69045e-09 3.31385 96.6861 
557487 1479887 0 0.00550621 0 0 0 1.53768e-291 1.75465e-209 5.9315e-09 3.14472 96.8553 
559487 1479887 0 0.00542514 0 0 0 1.31071e-294 1.06865e-211 4.47744e-09 2.97114 97.0289 
561487 1479887 0 0.00534034 0 0 0 6.52078e-298 4.40806e-214 3.30782e-09 2.79482 97.2052 
563487 1479887 0 0.00525219 0 0 0 1.89421e-301 1.23142e-216 2.39167e-09 2.61739 97.3826 
565487 1479887 0 0.00516111 0 0 0 3.21459e-305 2.32971e-219 1.69239e-09 2.44043 97.5596 
567487 1479887 0 0.00506747 0 0 0 3.18923e-309 2.98482e-222 1.17204e-09 2.26539 97.7346 
569487 1479887 0 0.00497165 0 0 0 1.85124e-313 2.58965e-225 7.94374e-10 2.09363 97.9064 
571487 1479887 0 0.004874 0 0 0 6.99449e-318 1.52147e-228 5.26921e-10 1.92634 98.0737 
573487 1479887 0 0.00477484 0 0 0 0 6.05296e-232 3.42063e-10 1.76459 98.2354 
575487 1479887 0 0.0046745 0 0 0 0 1.6306e-235 2.17323e-10 1.60928 98.3907 
577487 1479887 0 0.00457327 0 0 0 0 2.97438e-239 1.35129e-10 1.46116 98.5388 
579487 1479887 0 0.00447141 0 0 0 0 3.6737e-243 8.22303e-11 1.32082 98.6792 
581487 1479887 0 0.00436919 0 0 0 0 3.07233e-247 4.89737e-11 1.18871 98.8113 
583487 1479887 0 0.00426684 0 0 0 0 1.73974e-251 2.85458e-11 1.06511 98.9349 
585487 1479887 0 0.00416456 0 0 0 0 6.67042e-256 1.62846e-11 0.950166 99.0498 
587487 1479887 0 0.00406255 0 0 0 0 1.73172e-260 9.09214e-12 0.84392 99.1561 
589487 1479887 0 0.00396099 0 0 0 0 3.04416e-265 4.96841e-12 0.746279 99.2537 
591487 1479887 0 0.00386005 0 0 0 0 3.62352e-270 2.65727e-12 0.65706 99.3429 
593487 1479887 0 0.00375986 0 0 0 0 2.9207e-275 1.39099e-12 0.575993 99.424 
595487 1479887 0 0.00366056 0 0 0 0 1.59426e-280 7.12668e-13 0.50274 99.4973 
597487 1479887 0 0.00356227 0 0 0 0 5.89361e-286 3.57381e-13 0.436906 99.5631 
599487 1479887 0 0.0034651 0 0 0 0 1.4757e-291 1.75413e-13 0.378057 99.6219 
601487 1479887 0 0.00336913 0 0 0 0 2.50306e-297 8.42717e-14 0.32573 99.6743 
603487 1479887 0 0.00327447 0 0 0 0 2.87658e-303 3.96275e-14 0.279442 99.7206 
605487 1479887 0 0.00318118 0 0 0 0 2.24035e-309 1.82394e-14 0.238708 99.7613 
607487 1479887 0 0.00308933 0 0 0 0 1.18266e-315 8.21732e-15 0.203042 99.797 
609487 1479887 0 0.00299899 0 0 0 0 0 3.62373e-15 0.171971 99.828 
611487 1479887 0 0.0029102 0 0 0 0 0 1.56421e-15 0.145038 99.855 
613487 1479887 0 0.00282302 0 0 0 0 0 6.60916e-16 0.121805 99.8782 
615487 1479887 0 0.00273748 0 0 0 0 0 2.73349e-16 0.101862 99.8981 
617487 1479887 0 0.00265361 0 0 0 0 0 1.10665e-16 0.0848253 99.9152 
619487 1479887 0 0.00257145 0 0 0 0 0 4.38555e-17 0.0703411 99.9297 
621487 1479887 0 0.00249101 0 0 0 0 0 1.70124e-17 0.0580855 99.9419 
623487 1479887 0 0.00241232 0 0 0 0 0 6.46002e-18 0.0477642 99.9522 
625487 1479887 0 0.00233539 0 0 0 0 0 2.40122e-18 0.0391126 99.9609 
627487 1479887 0 0.00226022 0 0 0 0 0 8.73696e-19 0.0318944 99.9681 
629487 1479887 0 0.00218682 0 0 0 0 0 3.11187e-19 0.0258997 99.9741 
433487 1477887 0 0.00219773 0 0 0 0 0 3.73285e-19 0.0268413 99.9732 
435487 1477887 0 0.00227295 0 0 0 0 0 1.06642e-18 0.0331714 99.9668 
437487 1477887 0 0.00235008 0 0 0 0 0 2.98231e-18 0.0408236 99.9592 
439487 1477887 0 0.00242914 0 0 0 0 0 8.16409e-18 0.0500316 99.95 
441487 1477887 0 0.00251011 0 0 0 0 0 2.18774e-17 0.0610603 99.9389 
443487 1477887 0 0.00259299 0 0 0 0 0 5.73868e-17 0.0742083 99.9258 
445487 1477887 0 0.00267778 0 0 0 0 0 1.47352e-16 0.0898094 99.9102 
447487 1477887 0 0.00276447 0 0 0 0 0 3.70362e-16 0.108234 99.8918 
449487 1477887 0 0.00285304 0 0 0 0 0 9.11212e-16 0.12989 99.8701 
451487 1477887 0 0.00294346 0 0 0 0 0 2.19448e-15 0.155221 99.8448 
453487 1477887 0 0.0030357 0 0 0 0 0 5.17322e-15 0.184708 99.8153 
455487 1477887 0 0.00312974 0 0 0 0 1.06532e-312 1.19372e-14 0.218865 99.7811 
457487 1477887 0 0.00322554 0 0 0 0 2.76383e-306 2.69621e-14 0.258237 99.7418 
459487 1477887 0 0.00332304 0 0 0 0 4.8603e-300 5.96085e-14 0.303393 99.6966 
461487 1477887 0 0.0034222 0 0 0 0 5.79174e-294 1.28992e-13 0.354922 99.6451 
463487 1477887 0 0.00352294 0 0 0 0 4.67573e-288 2.7322e-13 0.413424 99.5866 
465487 1477887 0 0.00362521 0 0 0 0 2.55688e-282 5.66435e-13 0.479498 99.5205 
467487 1477887 0 0.00372892 0 0 0 0 9.46969e-277 1.14941e-12 0.553732 99.4463 
469487 1477887 0 0.00383397 0 0 0 0 2.37511e-271 2.28284e-12 0.636694 99.3633 
471487 1477887 0 0.00394026 0 0 0 0 4.03386e-266 4.43761e-12 0.728906 99.2711 
473487 1477887 0 0.00404768 0 0 0 0 4.63902e-261 8.4429e-12 0.830841 99.1692 
475487 1477887 0 0.00415609 0 0 0 0 3.6123e-256 1.57216e-11 0.942895 99.0571 
477487 1477887 0 0.00426535 0 0 0 0 1.9045e-251 2.86522e-11 1.06537 98.9346 
479487 1477887 0 0.00437529 0 0 0 0 6.79853e-247 5.11059e-11 1.19848 98.8015 
481487 1477887 0 0.00448572 0 0 0 0 1.64316e-242 8.92137e-11 1.34228 98.6577 
483487 1477887 0 0.00459644 0 0 0 0 2.68893e-238 1.52418e-10 1.49669 98.5033 
485487 1477887 0 0.00470722 0 0 0 0 2.97931e-234 2.54846e-10 1.6615 98.3385 
487487 1477887 0 0.00481782 0 0 0 0 2.23508e-230 4.17021e-10 1.83629 98.1637 
489487 1477887 0 0.00492794 0 0 0 2.4879e-315 1.13533e-226 6.67838e-10 2.02046 97.9795 
491487 1477887 0 0.0050373 0 0 0 1.94017e-310 3.90489e-223 1.04669e-09 2.21326 97.7867 
493487 1477887 0 0.00514557 0 0 0 8.86584e-306 9.09423e-220 1.60544e-09 2.41369 97.5863 
495487 1477887 0 0.00525239 0 0 0 2.37073e-301 1.43419e-216 2.40992e-09 2.62059 97.3794 
497487 1477887 0 0.00535738 0 0 0 3.70618e-297 1.53159e-213 3.54032e-09 2.83262 97.1674 
499487 1477887 0 0.00546013 0 0 0 3.38483e-293 1.10761e-210 5.08999e-09 3.04825 96.9518 
501487 1477887 0 0.00556023 0 0 0 1.80493e-289 5.42451e-208 7.16189e-09 3.26578 96.7342 
503487 1477887 0 0.00565723 0 0 0 5.61693e-286 1.79918e-205 9.86229e-09 3.4834 96.5166 
505487 1477887 0 0.00575065 0 0 0 1.01976e-282 4.04157e-203 1.32914e-08 3.69916 96.3008 
507487 1477887 0 0.00584003 0 0 0 1.07978e-279 6.14894e-201 1.75312e-08 3.91103 96.089 
509487 1477887 0 0.00592489 0 0 0 6.66692e-277 6.33641e-199 2.26311e-08 4.11692 95.8831 
511487 1477887 0 0.00600473 0 0 0 2.39989e-274 4.4228e-197 2.85928e-08 4.31473 95.6853 
513487 1477887 0 0.00607909 0 0 0 5.03599e-272 2.09111e-195 3.53567e-08 4.50237 95.4976 
515487 1477887 0 0.00614749 0 0 0 6.15978e-270 6.69729e-194 4.27914e-08 4.67779 95.3222 
517487 1477887 0 0.00620949 0 0 0 4.39141e-268 1.45304e-192 5.06892e-08 4.83903 95.161 
519487 1477887 0 0.00626466 0 0 0 1.82465e-266 2.13565e-191 5.87698e-08 4.98424 95.0158 
521487 1477887 0 0.00631262 0 0 0 4.41854e-265 2.1265e-190 6.66927e-08 5.11175 94.8882 
523487 1477887 0 0.00635302 0 0 0 6.23578e-264 1.43449e-189 7.40785e-08 5.22006 94.7799 
525487 1477887 0 0.00638556 0 0 7.75683e-320 5.12871e-263 6.55593e-189 8.05379e-08 5.30786 94.6921 
527487 1477887 0 0.00641 0 0 6.93668e-319 2.45826e-262 2.02994e-188 8.57048e-08 5.3741 94.6259 
529487 1477887 0 0.00642615 0 0 5.15113e-318 6.86666e-262 4.25846e-188 8.9271e-08 5.41797 94.582 
531487 1477887 0 0.00643388 0 0 9.82944e-318 1.11779e-261 6.05264e-188 9.10158e-08 5.43895 94.561 
533487 1477887 0 0.00643314 0 0 9.52312e-318 1.06041e-261 5.82857e-188 9.08292e-08 5.43677 94.5632 
535487 1477887 0 0.00642392 0 0 4.76823e-318 5.86247e-262 3.80281e-188 8.87231e-08 5.41147 94.5885 
537487 1477887 0 0.00640631 0 0 5.40014e-319 1.8888e-262 1.681e-188 8.48299e-08 5.36335 94.6367 
539487 1477887 0 0.00638044 0 0 7.75683e-320 3.54643e-263 5.03444e-189 7.9389e-08 5.29299 94.707 
541487 1477887 0 0.0063465 0 0 0 3.88059e-264 1.02152e-189 7.27225e-08 5.20126 94.7987 
543487 1477887 0 0.00630475 0 0 0 2.47464e-265 1.40425e-190 6.52034e-08 5.08925 94.9108 
545487 1477887 0 0.00625551 0 0 0 9.1969e-267 1.30778e-191 5.72217e-08 4.9583 95.0417 
547487 1477887 0 0.00619912 0 0 0 1.99203e-268 8.25106e-193 4.91514e-08 4.80994 95.1901 
549487 1477887 0 0.00613597 0 0 0 2.51473e-270 3.52657e-194 4.13228e-08 4.6459 95.3541 
551487 1477887 0 0.00606651 0 0 0 1.85034e-272 1.02106e-195 3.40031e-08 4.46804 95.532 
553487 1477887 0 0.00599117 0 0 0 7.93603e-275 2.00257e-197 2.73851e-08 4.27834 95.7217 
555487 1477887 0 0.00591042 0 0 0 1.98423e-277 2.66041e-199 2.1586e-08 4.07885 95.9212 
557487 1477887 0 0.00582475 0 0 0 2.89249e-280 2.39396e-201 1.66528e-08 3.87168 96.1283 
559487 1477887 0 0.00573465 0 0 0 2.45876e-283 1.45906e-203 1.25735e-08 3.65892 96.3411 
561487 1477887 0 0.00564058 0 0 0 1.21906e-286 6.02288e-206 9.29116e-09 3.44267 96.5573 
563487 1477887 0 0.00554303 0 0 0 3.52629e-290 1.6838e-208 6.71935e-09 3.22492 96.7751 
565487 1477887 0 0.00544246 0 0 0 5.95337e-294 3.18799e-211 4.75579e-09 3.00762 96.9924 
567487 1477887 0 0.00533931 0 0 0 5.86902e-298 4.08758e-214 3.29424e-09 2.79254 97.2075 
569487 1477887 0 0.00523399 0 0 0 3.38057e-302 3.54914e-217 2.23316e-09 2.58137 97.4186 
571487 1477887 0 0.00512692 0 0 0 1.1386e-306 2.08677e-220 1.48155e-09 2.37558 97.6244 
573487 1477887 0 0.00501846 0 0 0 2.2445e-311 8.30816e-224 9.61936e-10 2.1765 97.8235 
575487 1477887 0 0.00490897 0 0 0 2.59464e-316 2.23977e-227 6.11233e-10 1.98526 98.0147 
577487 1477887 0 0.00479877 0 0 0 0 4.08846e-231 3.80102e-10 1.80279 98.1972 
579487 1477887 0 0.00468814 0 0 0 0 5.05318e-235 2.31328e-10 1.62984 98.3702 
581487 1477887 0 0.00457738 0 0 0 0 4.22874e-239 1.37782e-10 1.46696 98.533 
583487 1477887 0 0.00446672 0 0 0 0 2.39603e-243 8.0315e-11 1.31452 98.6855 
585487 1477887 0 0.00435638 0 0 0 0 9.19194e-248 4.5819e-11 1.17273 98.8273 
587487 1477887 0 0.00424657 0 0 0 0 2.38756e-252 2.55825e-11 1.04163 98.9584 
589487 1477887 0 0.00413747 0 0 0 0 4.19893e-257 1.39795e-11 0.921121 99.0789 
591487 1477887 0 0.00402924 0 0 0 0 4.99995e-262 7.47653e-12 0.810991 99.189 
593487 1477887 0 0.00392203 0 0 0 0 4.03131e-267 3.91355e-12 0.710912 99.2891 
595487 1477887 0 0.00381596 0 0 0 0 2.20089e-272 2.00499e-12 0.620471 99.3795 
597487 1477887 0 0.00371115 0 0 0 0 8.13669e-278 1.00537e-12 0.539187 99.4608 
599487 1477887 0 0.00360771 0 0 0 0 2.03716e-283 4.93424e-13 0.466525 99.5335 
601487 1477887 0 0.00350572 0 0 0 0 3.45444e-289 2.37028e-13 0.401915 99.5981 
603487 1477887 0 0.00340525 0 0 0 0 3.96793e-295 1.11447e-13 0.344766 99.6552 
605487 1477887 0 0.00330639 0 0 0 0 3.08789e-301 5.12904e-14 0.294476 99.7055 
607487 1477887 0 0.00320919 0 0 0 0 1.62846e-307 2.31048e-14 0.250447 99.7496 
609487 1477887 0 0.00311371 0 0 0 0 5.8215e-314 1.01877e-14 0.212094 99.7879 
611487 1477887 0 0.00301999 0 0 0 0 0 4.39699e-15 0.178852 99.8211 
613487 1477887 0 0.00292806 0 0 0 0 0 1.85759e-15 0.150181 99.8498 
615487 1477887 0 0.00283797 0 0 0 0 0 7.68179e-16 0.125573 99.8744 
617487 1477887 0 0.00274974 0 0 0 0 0 3.10953e-16 0.104555 99.8954 
619487 1477887 0 0.00266338 0 0 0 0 0 1.23211e-16 0.086689 99.9133 
621487 1477887 0 0.00257893 0 0 0 0 0 4.77895e-17 0.0715739 99.9284 
623487 1477887 0 0.00249638 0 0 0 0 0 1.81444e-17 0.0588467 99.9412 
625487 1477887 0 0.00241574 0 0 0 0 0 6.74346e-18 0.0481803 99.9518 
627487 1477887 0 0.00233702 0 0 0 0 0 2.45333e-18 0.0392825 99.9607 
629487 1477887 0 0.00226022 0 0 0 0 0 8.73696e-19 0.0318944 99.9681 
433487 1475887 0 0.00227007 0 0 0 0 0 1.02582e-18 0.0329119 99.9671 
435487 1475887 0 0.00234871 0 0 0 0 0 2.93099e-18 0.04068 99.9593 
437487 1475887 0 0.00242942 0 0 0 0 0 8.19773e-18 0.0500722 99.9499 
439487 1475887 0 0.00251221 0 0 0 0 0 2.24444e-17 0.0613757 99.9386 
441487 1475887 0 0.00259709 0 0 0 0 0 6.01524e-17 0.0749167 99.9251 
443487 1475887 0 0.00268405 0 0 0 0 0 1.57808e-16 0.0910624 99.9089 
445487 1475887 0 0.0027731 0 0 0 0 0 4.0526e-16 0.110224 99.8898 
447487 1475887 0 0.00286424 0 0 0 0 0 1.01874e-15 0.132856 99.8671 
449487 1475887 0 0.00295744 0 0 0 0 0 2.50677e-15 0.159462 99.8405 
451487 1475887 0 0.00305271 0 0 0 0 4.85518e-318 6.03789e-15 0.190587 99.8094 
453487 1475887 0 0.00315003 0 0 0 0 2.59423e-311 1.42354e-14 0.226824 99.7732 
455487 1475887 0 0.00324936 0 0 0 0 9.93934e-305 3.28523e-14 0.268804 99.7312 
457487 1475887 0 0.00335068 0 0 0 0 2.58115e-298 7.42109e-14 0.317198 99.6828 
459487 1475887 0 0.00345395 0 0 0 0 4.54199e-292 1.64085e-13 0.372706 99.6273 
461487 1475887 0 0.00355913 0 0 0 0 5.41448e-286 3.55114e-13 0.436051 99.5639 
463487 1475887 0 0.00366616 0 0 0 0 4.37189e-280 7.52239e-13 0.507968 99.492 
465487 1475887 0 0.00377499 0 0 0 0 2.39071e-274 1.55965e-12 0.589193 99.4108 
467487 1475887 0 0.00388555 0 0 0 0 8.85294e-269 3.16502e-12 0.680447 99.3196 
469487 1475887 0 0.00399775 0 0 0 0 2.21982e-263 6.28634e-12 0.782421 99.2176 
471487 1475887 0 0.0041115 0 0 0 0 3.76874e-258 1.22204e-11 0.895752 99.1042 
473487 1475887 0 0.00422668 0 0 0 0 4.33216e-253 2.32504e-11 1.02101 98.979 
475487 1475887 0 0.00434318 0 0 0 0 3.37158e-248 4.3294e-11 1.15868 98.8413 
477487 1475887 0 0.00446084 0 0 0 0 1.77654e-243 7.88994e-11 1.30912 98.6909 
479487 1475887 0 0.00457951 0 0 0 0 6.33767e-239 1.40722e-10 1.47256 98.5274 
481487 1475887 0 0.004699 0 0 0 0 1.53072e-234 2.45632e-10 1.64907 98.3509 
483487 1475887 0 0.00481909 0 0 0 0 2.50309e-230 4.19606e-10 1.83854 98.1615 
485487 1475887 0 0.00493955 0 0 0 8.55531e-315 2.77126e-226 7.01498e-10 2.04067 97.9593 
487487 1475887 0 0.00506011 0 0 0 1.96246e-309 2.07734e-222 1.14772e-09 2.25493 97.7451 
489487 1475887 0 0.00518048 0 0 0 2.63891e-304 1.05433e-218 1.83768e-09 2.48058 97.5194 
491487 1475887 0 0.00530032 0 0 0 2.07748e-299 3.62323e-215 2.87956e-09 2.71664 97.2834 
493487 1475887 0 0.00541928 0 0 0 9.56472e-295 8.43099e-212 4.41575e-09 2.9619 97.0381 
495487 1475887 0 0.00553696 0 0 0 2.57311e-290 1.32843e-208 6.62681e-09 3.21491 96.7851 
497487 1475887 0 0.00565292 0 0 0 4.04209e-286 1.4174e-205 9.73261e-09 3.474 96.526 
499487 1475887 0 0.00576671 0 0 0 3.70585e-282 1.02414e-202 1.39888e-08 3.73729 96.2627 
501487 1475887 0 0.00587784 0 0 0 1.98212e-278 5.01134e-200 1.96773e-08 4.00271 95.9973 
503487 1475887 0 0.00598579 0 0 0 6.18301e-275 1.66072e-197 2.70884e-08 4.26802 95.732 
505487 1475887 0 0.00609002 0 0 0 1.1246e-271 3.72741e-195 3.64958e-08 4.53086 95.4691 
507487 1475887 0 0.00618997 0 0 0 1.19248e-268 5.66638e-193 4.81227e-08 4.78876 95.2112 
509487 1475887 0 0.00628506 0 0 0 7.37056e-266 5.83459e-191 6.21027e-08 5.0392 94.9608 
511487 1475887 0 0.00637473 0 0 7.75683e-320 2.65528e-263 4.06951e-189 7.84391e-08 5.27962 94.7204 
513487 1475887 0 0.00645839 0 0 6.73965e-317 5.5751e-261 1.92274e-187 9.69668e-08 5.50751 94.4925 
515487 1475887 0 0.00653549 0 0 2.17691e-314 6.82195e-259 6.15407e-186 1.17325e-07 5.72042 94.2796 
517487 1475887 0 0.00660548 0 0 3.7149e-312 4.86482e-257 1.3344e-184 1.38943e-07 5.91598 94.084 
519487 1475887 0 0.00666786 0 0 3.31362e-310 2.02172e-255 1.96024e-183 1.61056e-07 6.09202 93.908 
521487 1475887 0 0.00672216 0 0 1.54386e-308 4.8963e-254 1.95095e-182 1.82732e-07 6.24651 93.7535 
523487 1475887 0 0.00676794 0 0 3.755e-307 6.91046e-253 1.31555e-181 2.02933e-07 6.37766 93.6223 
525487 1475887 0 0.00680485 0 0 4.76543e-306 5.68379e-252 6.01048e-181 2.20596e-07 6.48395 93.5161 
527487 1475887 0 0.00683259 0 0 3.15448e-305 2.72435e-251 1.86062e-180 2.34724e-07 6.56411 93.4359 
529487 1475887 0 0.00685093 0 0 1.08886e-304 7.60995e-251 3.90263e-180 2.44473e-07 6.6172 93.3828 
531487 1475887 0 0.00685971 0 0 1.95956e-304 1.23879e-250 5.54648e-180 2.49243e-07 6.64258 93.3574 
533487 1475887 0 0.00685886 0 0 1.83847e-304 1.17519e-250 5.34119e-180 2.48733e-07 6.63995 93.3601 
535487 1475887 0 0.00684839 0 0 8.99226e-305 6.49705e-251 3.48513e-180 2.42975e-07 6.60933 93.3907 
537487 1475887 0 0.00682838 0 0 2.29317e-305 2.09324e-251 1.54084e-180 2.32331e-07 6.5511 93.4489 
539487 1475887 0 0.00679901 0 0 3.04959e-306 3.93023e-252 4.61582e-181 2.17455e-07 6.46596 93.534 
541487 1475887 0 0.00676052 0 0 2.11547e-307 4.3004e-253 9.36885e-182 1.99224e-07 6.3549 93.6451 
543487 1475887 0 0.00671321 0 0 7.65773e-309 2.74216e-254 1.28842e-182 1.78657e-07 6.21924 93.7808 
545487 1475887 0 0.00665747 0 0 1.44722e-310 1.01899e-255 1.20048e-183 1.5682e-07 6.06056 93.9394 
547487 1475887 0 0.00659372 0 0 1.42882e-312 2.20667e-257 7.57815e-185 1.34734e-07 5.8807 94.1193 
549487 1475887 0 0.00652245 0 0 7.37351e-315 2.78485e-259 3.2409e-186 1.13303e-07 5.68171 94.3183 
551487 1475887 0 0.00644417 0 0 1.97804e-317 2.0482e-261 9.38962e-188 9.32589e-08 5.46581 94.5342 
553487 1475887 0 0.00635942 0 0 0 8.77929e-264 1.84286e-189 7.51298e-08 5.23538 94.7646 
555487 1475887 0 0.00626878 0 0 0 2.19323e-266 2.45006e-191 5.92381e-08 4.99289 95.0071 
557487 1475887 0 0.00617281 0 0 0 3.19355e-269 2.20641e-193 4.5714e-08 4.74086 95.2591 
559487 1475887 0 0.00607209 0 0 0 2.71065e-272 1.34585e-195 3.45264e-08 4.48185 95.5182 
561487 1475887 0 0.00596719 0 0 0 1.34134e-275 5.56025e-198 2.5521e-08 4.21836 95.7816 
563487 1475887 0 0.00585867 0 0 0 3.87034e-279 1.5558e-200 1.84623e-08 3.95286 96.0471 
565487 1475887 0 0.00574706 0 0 0 6.51346e-283 2.94821e-203 1.3071e-08 3.68768 96.3123 
567487 1475887 0 0.00563288 0 0 0 6.39536e-287 3.78346e-206 9.05652e-09 3.42503 96.575 
569487 1475887 0 0.00551661 0 0 0 3.66516e-291 3.28796e-209 6.14102e-09 3.16694 96.8331 
571487 1475887 0 0.00539871 0 0 0 1.22669e-295 1.93489e-212 4.07516e-09 2.91527 97.0847 
573487 1475887 0 0.00527959 0 0 0 2.39934e-300 7.71011e-216 2.64649e-09 2.67164 97.3284 
575487 1475887 0 0.00515966 0 0 0 2.74508e-305 2.0803e-219 1.68197e-09 2.43745 97.5626 
577487 1475887 0 0.00503927 0 0 0 1.83913e-310 3.80049e-223 1.04614e-09 2.21387 97.7861 
579487 1475887 0 0.00491873 0 0 0 7.23209e-316 4.70099e-227 6.36773e-10 2.00184 97.9982 
581487 1475887 0 0.00479834 0 0 0 0 3.937e-231 3.79319e-10 1.80205 98.1979 
583487 1475887 0 0.00467837 0 0 0 0 2.23235e-235 2.21134e-10 1.615 98.385 
585487 1475887 0 0.00455904 0 0 0 0 8.56986e-240 1.26165e-10 1.44094 98.5591 
587487 1475887 0 0.00444056 0 0 0 0 2.22739e-244 7.04465e-11 1.27995 98.7201 
589487 1475887 0 0.00432311 0 0 0 0 3.91951e-249 3.84967e-11 1.13193 98.8681 
591487 1475887 0 0.00420685 0 0 0 0 4.66961e-254 2.0589e-11 0.996618 99.0034 
593487 1475887 0 0.00409193 0 0 0 0 3.76662e-259 1.07771e-11 0.873634 99.1264 
595487 1475887 0 0.00397847 0 0 0 0 2.05711e-264 5.52114e-12 0.762478 99.2375 
597487 1475887 0 0.00386657 0 0 0 0 7.607e-270 2.76836e-12 0.662564 99.3374 
599487 1475887 0 0.00375632 0 0 0 0 1.90478e-275 1.35859e-12 0.573243 99.4268 
601487 1475887 0 0.00364782 0 0 0 0 3.22989e-281 6.5258e-13 0.493818 99.5062 
603487 1475887 0 0.00354111 0 0 0 0 3.70924e-287 3.06806e-13 0.423563 99.5764 
605487 1475887 0 0.00343628 0 0 0 0 2.88534e-293 1.41184e-13 0.361743 99.6383 
607487 1475887 0 0.00333335 0 0 0 0 1.52056e-299 6.35923e-14 0.307622 99.6924 
609487 1475887 0 0.00323239 0 0 0 0 5.43015e-306 2.80365e-14 0.260482 99.7395 
611487 1475887 0 0.00313342 0 0 0 0 1.31449e-312 1.20991e-14 0.219627 99.7804 
613487 1475887 0 0.00303647 0 0 0 0 0 5.11081e-15 0.184394 99.8156 
615487 1475887 0 0.00294156 0 0 0 0 0 2.11322e-15 0.154158 99.8458 
617487 1475887 0 0.00284872 0 0 0 0 0 8.55298e-16 0.128337 99.8717 
619487 1475887 0 0.00275796 0 0 0 0 0 3.38855e-16 0.106391 99.8936 
621487 1475887 0 0.00266927 0 0 0 0 0 1.31412e-16 0.0878269 99.9122 
623487 1475887 0 0.00258268 0 0 0 0 0 4.9887e-17 0.0721984 99.9278 
625487 1475887 0 0.00249817 0 0 0 0 0 1.85383e-17 0.0591027 99.9409 
627487 1475887 0 0.00241574 0 0 0 0 0 6.74346e-18 0.0481803 99.9518 
629487 1475887 0 0.00233539 0 0 0 0 0 2.40122e-18 0.0391126 99.9609 
433487 1473887 0 0.00234406 0 0 0 0 0 2.75948e-18 0.040187 99.9598 
435487 1473887 0 0.00242627 0 0 0 0 0 7.88549e-18 0.0496799 99.9503 
437487 1473887 0 0.00251071 0 0 0 0 0 2.2058e-17 0.0611595 99.9388 
439487 1473887 0 0.00259741 0 0 0 0 0 6.04003e-17 0.0749776 99.925 
441487 1473887 0 0.00268637 0 0 0 0 0 1.61899e-16 0.0915336 99.9085 
443487 1473887 0 0.00277761 0 0 0 0 0 4.24796e-16 0.111278 99.8887 
445487 1473887 0 0.00287113 0 0 0 0 0 1.09105e-15 0.134713 99.8653 
447487 1473887 0 0.00296695 0 0 0 0 0 2.74305e-15 0.162398 99.8376 
449487 1473887 0 0.00306507 0 0 0 0 3.51399e-317 6.7506e-15 0.194947 99.8051 
451487 1473887 0 0.00316547 0 0 0 0 2.89813e-310 1.62618e-14 0.233031 99.767 
453487 1473887 0 0.00326816 0 0 0 0 1.63969e-303 3.8345e-14 0.277373 99.7226 
455487 1473887 0 0.00337313 0 0 0 0 6.28787e-297 8.85024e-14 0.328749 99.6713 
457487 1473887 0 0.00348035 0 0 0 0 1.63385e-290 1.99942e-13 0.387977 99.612 
459487 1473887 0 0.0035898 0 0 0 0 2.87596e-284 4.42129e-13 0.455915 99.5441 
461487 1473887 0 0.00370146 0 0 0 0 3.42879e-278 9.5694e-13 0.533445 99.4666 
463487 1473887 0 0.00381529 0 0 0 0 2.76838e-272 2.02723e-12 0.621466 99.3785 
465487 1473887 0 0.00393124 0 0 0 0 1.51354e-266 4.20339e-12 0.720874 99.2791 
467487 1473887 0 0.00404925 0 0 0 0 5.60292e-261 8.53032e-12 0.832545 99.1675 
469487 1473887 0 0.00416926 0 0 0 0 1.4043e-255 1.69432e-11 0.957317 99.0427 
471487 1473887 0 0.00429119 0 0 0 0 2.38297e-250 3.29366e-11 1.09596 98.904 
473487 1473887 0 0.00441493 0 0 0 0 2.73762e-245 6.26631e-11 1.24916 98.7508 
475487 1473887 0 0.00454038 0 0 0 0 2.12921e-240 1.16677e-10 1.41749 98.5825 
477487 1473887 0 0.0046674 0 0 0 0 1.12113e-235 2.12617e-10 1.60137 98.3986 
479487 1473887 0 0.00479582 0 0 0 0 3.99648e-231 3.79173e-10 1.80105 98.1989 
481487 1473887 0 0.00492547 0 0 0 1.98881e-315 9.64481e-227 6.61762e-10 2.01661 97.9834 
483487 1473887 0 0.00505613 0 0 0 1.34041e-309 1.57582e-222 1.13028e-09 2.24788 97.7521 
485487 1473887 0 0.00518756 0 0 0 5.29911e-304 1.7431e-218 1.88923e-09 2.49444 97.5056 
487487 1473887 0 0.00531947 0 0 0 1.22733e-298 1.30544e-214 3.09028e-09 2.75564 97.2444 
489487 1473887 0 0.00545154 0 0 0 1.66325e-293 6.61934e-211 4.94675e-09 3.03054 96.9695 
491487 1473887 0 0.00558342 0 0 0 1.31748e-288 2.27255e-207 7.74914e-09 3.3179 96.6821 
493487 1473887 0 0.0057147 0 0 0 6.0951e-284 5.28287e-204 1.18795e-08 3.61622 96.3838 
495487 1473887 0 0.00584494 0 0 0 1.64588e-279 8.31569e-201 1.7822e-08 3.9237 96.0763 
497487 1473887 0 0.00597366 0 0 0 2.59298e-275 8.86378e-198 2.61654e-08 4.23829 95.7617 
499487 1473887 0 0.00610032 0 0 0 2.38247e-271 6.39811e-195 3.75942e-08 4.55769 95.4423 
501487 1473887 0 0.00622437 0 0 0 1.27635e-267 3.12764e-192 5.28615e-08 4.87936 95.1206 
503487 1473887 0 0.00634519 0 0 0 3.98608e-264 1.03547e-189 7.27427e-08 5.2006 94.7994 
505487 1473887 0 0.00646215 0 0 9.18231e-317 7.25596e-261 2.32184e-187 9.79668e-08 5.51853 94.4815 
507487 1473887 0 0.00657458 0 0 4.0357e-313 7.69795e-258 3.52639e-185 1.29127e-07 5.83019 94.1698 
509487 1473887 0 0.00668181 0 0 9.31098e-310 4.75948e-255 3.62786e-183 1.66575e-07 6.13255 93.8675 
511487 1473887 0 0.00678314 0 0 1.12519e-306 1.71488e-252 2.52823e-181 2.10314e-07 6.42254 93.5775 
513487 1473887 0 0.00687789 0 0 7.11377e-304 3.60069e-250 1.19358e-179 2.59897e-07 6.69718 93.3028 
515487 1473887 0 0.00696537 0 0 2.35055e-301 4.40569e-248 3.81746e-178 3.14354e-07 6.95354 93.0465 
517487 1473887 0 0.00704493 0 0 4.05564e-299 3.14139e-246 8.27196e-177 3.72162e-07 7.18885 92.8112 
519487 1473887 0 0.00711594 0 0 3.65137e-297 1.3053e-244 1.21443e-175 4.31268e-07 7.4005 92.5995 
521487 1473887 0 0.00717783 0 0 1.71437e-295 3.16072e-243 1.20804e-174 4.89185e-07 7.58612 92.4139 
523487 1473887 0 0.00723008 0 0 4.19565e-294 4.46022e-242 8.14239e-174 5.43148e-07 7.74363 92.2564 
525487 1473887 0 0.00727225 0 0 5.35033e-293 3.66797e-241 3.71876e-173 5.90321e-07 7.8712 92.1288 
527487 1473887 0 0.00730396 0 0 3.55408e-292 1.75793e-240 1.15088e-172 6.28043e-07 7.96739 92.0326 
529487 1473887 0 0.00732493 0 0 1.22957e-291 4.91005e-240 2.41353e-172 6.54071e-07 8.03108 91.9689 
531487 1473887 0 0.00733497 0 0 2.21514e-291 7.99253e-240 3.42985e-172 6.66804e-07 8.06151 91.9385 
533487 1473887 0 0.007334 0 0 2.07802e-291 7.58224e-240 3.30293e-172 6.65442e-07 8.05836 91.9416 
535487 1473887 0 0.00732201 0 0 1.01507e-291 4.19204e-240 2.15539e-172 6.50071e-07 8.02164 91.9784 
537487 1473887 0 0.00729913 0 0 2.58214e-292 1.35072e-240 9.53122e-173 6.21654e-07 7.95178 92.0482 
539487 1473887 0 0.00726555 0 0 3.42101e-293 2.53638e-241 2.85604e-173 5.8193e-07 7.8496 92.1504 
541487 1473887 0 0.00722157 0 0 2.36111e-294 2.77568e-242 5.79912e-174 5.3324e-07 7.71629 92.2837 
543487 1473887 0 0.00716759 0 0 8.49163e-296 1.7702e-243 7.97872e-175 4.78298e-07 7.55336 92.4466 
545487 1473887 0 0.00710405 0 0 1.59203e-297 6.57912e-245 7.43812e-176 4.19944e-07 7.36268 92.6373 
547487 1473887 0 0.0070315 0 0 1.5567e-299 1.42495e-246 4.69825e-177 3.60906e-07 7.1464 92.8536 
549487 1473887 0 0.0069505 0 0 7.94377e-302 1.79851e-248 2.01065e-178 3.03598e-07 6.90694 93.0931 
551487 1473887 0 0.00686171 0 0 2.11707e-304 1.32283e-250 5.82963e-180 2.49974e-07 6.64694 93.3531 
553487 1473887 0 0.00676576 0 0 2.94934e-307 5.66984e-253 1.14507e-181 2.01454e-07 6.36919 93.6308 
555487 1473887 0 0.00666336 0 0 2.15005e-310 1.41618e-255 1.52366e-183 1.58902e-07 6.07665 93.9234 
557487 1473887 0 0.00655518 0 0 8.2118e-314 2.06138e-258 1.37336e-185 1.22672e-07 5.77232 94.2277 
559487 1473887 0 0.00644193 0 0 1.54924e-317 1.74867e-261 8.38494e-188 9.26865e-08 5.45926 94.5407 
561487 1473887 0 0.00632427 0 0 0 8.64559e-265 3.46746e-190 6.85384e-08 5.14049 94.8595 
563487 1473887 0 0.00620286 0 0 0 2.49152e-268 9.71171e-193 4.96009e-08 4.81896 95.181 
565487 1473887 0 0.00607834 0 0 0 4.18584e-272 1.84218e-195 3.51298e-08 4.49751 95.5025 
567487 1473887 0 0.00595131 0 0 0 4.10048e-276 2.36644e-198 2.43493e-08 4.17884 95.8212 
569487 1473887 0 0.00582232 0 0 0 2.34284e-280 2.05857e-201 1.65164e-08 3.86542 96.1346 
571487 1473887 0 0.00569189 0 0 0 7.81027e-285 1.21263e-204 1.09638e-08 3.55951 96.4405 
573487 1473887 0 0.00556051 0 0 0 1.51992e-289 4.83679e-208 7.12228e-09 3.26312 96.7369 
575487 1473887 0 0.0054286 0 0 0 1.72776e-294 1.30629e-211 4.5278e-09 2.978 97.022 
577487 1473887 0 0.00529657 0 0 0 1.1482e-299 2.3887e-215 2.81687e-09 2.70559 97.2944 
579487 1473887 0 0.00516476 0 0 0 4.46566e-305 2.95738e-219 1.71497e-09 2.44708 97.5529 
581487 1473887 0 0.00503348 0 0 0 1.01783e-310 2.47893e-223 1.02179e-09 2.20334 97.7967 
583487 1473887 0 0.00490301 0 0 0 1.36037e-316 1.40678e-227 5.95774e-10 1.975 98.025 
585487 1473887 0 0.00477359 0 0 0 0 5.40486e-232 3.39955e-10 1.76242 98.2376 
587487 1473887 0 0.00464542 0 0 0 0 1.40583e-236 1.8984e-10 1.56571 98.4343 
589487 1473887 0 0.0045187 0 0 0 0 2.47554e-241 1.03749e-10 1.38477 98.6152 
591487 1473887 0 0.00439356 0 0 0 0 2.95119e-246 5.54904e-11 1.21932 98.7807 
593487 1473887 0 0.00427015 0 0 0 0 2.38186e-251 2.90465e-11 1.0689 98.9311 
595487 1473887 0 0.00414858 0 0 0 0 1.30147e-256 1.48806e-11 0.932912 99.0671 
597487 1473887 0 0.00402893 0 0 0 0 4.81468e-262 7.46114e-12 0.810659 99.1893 
599487 1473887 0 0.00391129 0 0 0 0 1.20596e-267 3.66146e-12 0.701351 99.2986 
601487 1473887 0 0.00379573 0 0 0 0 2.04527e-273 1.75863e-12 0.604145 99.3959 
603487 1473887 0 0.00368229 0 0 0 0 2.34889e-279 8.26745e-13 0.518159 99.4818 
605487 1473887 0 0.00357103 0 0 0 0 1.82689e-285 3.80412e-13 0.442494 99.5575 
607487 1473887 0 0.00346198 0 0 0 0 9.6241e-292 1.71328e-13 0.376255 99.6237 
609487 1473887 0 0.00335516 0 0 0 0 3.43471e-298 7.55268e-14 0.318562 99.6814 
611487 1473887 0 0.0032506 0 0 0 0 8.30634e-305 3.25894e-14 0.268565 99.7314 
613487 1473887 0 0.00314832 0 0 0 0 1.36163e-311 1.37645e-14 0.225452 99.7745 
615487 1473887 0 0.00304832 0 0 0 0 1.94514e-318 5.6906e-15 0.188458 99.8115 
617487 1473887 0 0.00295061 0 0 0 0 0 2.30289e-15 0.156869 99.8431 
619487 1473887 0 0.0028552 0 0 0 0 0 9.12244e-16 0.130024 99.87 
621487 1473887 0 0.00276208 0 0 0 0 0 3.53731e-16 0.10732 99.8927 
623487 1473887 0 0.00267124 0 0 0 0 0 1.34266e-16 0.0882095 99.9118 
625487 1473887 0 0.00258268 0 0 0 0 0 4.9887e-17 0.0721984 99.9278 
627487 1473887 0 0.00249638 0 0 0 0 0 1.81444e-17 0.0588467 99.9412 
629487 1473887 0 0.00241232 0 0 0 0 0 6.46002e-18 0.0477642 99.9522 
433487 1471887 0 0.00241969 0 0 0 0 0 7.26632e-18 0.048865 99.9511 
435487 1471887 0 0.00250561 0 0 0 0 0 2.0767e-17 0.0604172 99.9396 
437487 1471887 0 0.00259394 0 0 0 0 0 5.80992e-17 0.0743893 99.9256 
439487 1471887 0 0.00268472 0 0 0 0 0 1.59112e-16 0.0912106 99.9088 
441487 1471887 0 0.00277796 0 0 0 0 0 4.26547e-16 0.111368 99.8886 
443487 1471887 0 0.00287368 0 0 0 0 0 1.11934e-15 0.135411 99.8646 
445487 1471887 0 0.00297192 0 0 0 0 0 2.87532e-15 0.163953 99.836 
447487 1471887 0 0.00307268 0 0 0 0 1.20434e-316 7.2299e-15 0.197676 99.8023 
449487 1471887 0 0.00317597 0 0 0 0 1.48524e-309 1.7795e-14 0.237328 99.7627 
451487 1471887 0 0.00328182 0 0 0 0 1.24083e-302 4.28725e-14 0.283727 99.7163 
453487 1471887 0 0.00339023 0 0 0 0 7.02629e-296 1.01104e-13 0.337757 99.6622 
455487 1471887 0 0.0035012 0 0 0 0 2.69587e-289 2.33379e-13 0.40036 99.5996 
457487 1471887 0 0.00361474 0 0 0 0 7.00689e-283 5.27295e-13 0.472534 99.5275 
459487 1471887 0 0.00373084 0 0 0 0 1.23346e-276 1.1661e-12 0.555322 99.4447 
461487 1471887 0 0.00384948 0 0 0 0 1.4704e-270 2.52406e-12 0.649797 99.3502 
463487 1471887 0 0.00397066 0 0 0 0 1.18689e-264 5.34739e-12 0.757049 99.243 
465487 1471887 0 0.00409434 0 0 0 0 6.48662e-259 1.1088e-11 0.878161 99.1218 
467487 1471887 0 0.0042205 0 0 0 0 2.40012e-253 2.2502e-11 1.01419 98.9858 
469487 1471887 0 0.00434907 0 0 0 0 6.01226e-248 4.46934e-11 1.16615 98.8339 
471487 1471887 0 0.00448001 0 0 0 0 1.01957e-242 8.68779e-11 1.33495 98.665 
473487 1471887 0 0.00461323 0 0 0 0 1.17049e-237 1.65277e-10 1.52142 98.4786 
475487 1471887 0 0.00474863 0 0 0 0 9.0966e-233 3.07711e-10 1.72622 98.2738 
477487 1471887 0 0.0048861 0 0 0 3.08406e-317 4.78582e-228 5.60654e-10 1.94984 98.0502 
479487 1471887 0 0.00502548 0 0 0 6.18295e-311 1.70451e-223 9.99684e-10 2.19256 97.8074 
481487 1471887 0 0.0051666 0 0 0 7.17765e-305 4.10972e-219 1.74437e-09 2.4544 97.5456 
483487 1471887 0 0.00530924 0 0 0 4.88656e-299 6.70818e-215 2.97865e-09 2.73514 97.2649 
485487 1471887 0 0.00545315 0 0 0 1.94793e-293 7.41284e-211 4.97739e-09 3.03424 96.9658 
487487 1471887 0 0.00559803 0 0 0 4.54103e-288 5.5458e-207 8.13918e-09 3.35083 96.6492 
489487 1471887 0 0.00574356 0 0 0 6.18482e-283 2.80904e-203 1.30244e-08 3.68372 96.3163 
491487 1471887 0 0.00588932 0 0 0 4.9178e-278 9.63345e-200 2.03953e-08 4.03138 95.9686 
493487 1471887 0 0.00603489 0 0 0 2.28162e-273 2.23694e-196 3.12537e-08 4.39194 95.6081 
495487 1471887 0 0.00617976 0 0 0 6.17396e-269 3.51717e-193 4.68677e-08 4.76319 95.2368 
497487 1471887 0 0.00632339 0 0 0 9.74087e-265 3.74475e-190 6.87785e-08 5.1426 94.8574 
499487 1471887 0 0.00646515 0 0 1.19597e-316 8.95877e-261 2.7e-187 9.87742e-08 5.52737 94.4726 
501487 1471887 0 0.0066044 0 0 3.66504e-312 4.80229e-257 1.31838e-184 1.38821e-07 5.91444 94.0856 
503487 1471887 0 0.00674042 0 0 5.9684e-308 1.5002e-253 4.35995e-182 1.90938e-07 6.30052 93.6995 
505487 1471887 0 0.00687247 0 0 5.10157e-304 2.73102e-250 9.76585e-180 2.57021e-07 6.68219 93.3178 
507487 1471887 0 0.00699975 0 0 2.28511e-300 2.89705e-247 1.48167e-177 3.38606e-07 7.05589 92.9441 
509487 1471887 0 0.00712144 0 0 5.35611e-297 1.79076e-244 1.52278e-175 4.36596e-07 7.41801 92.582 
511487 1471887 0 0.00723672 0 0 6.56151e-294 6.45012e-242 1.0602e-173 5.50981e-07 7.76495 92.235 
513487 1471887 0 0.00734474 0 0 4.1969e-291 1.3538e-239 5.00072e-172 6.80578e-07 8.09317 91.9068 
515487 1471887 0 0.00744468 0 0 1.40043e-288 1.65579e-237 1.59807e-170 8.22839e-07 8.39923 91.6008 
517487 1471887 0 0.00753574 0 0 2.43619e-286 1.18013e-235 3.4602e-169 9.73776e-07 8.67989 91.3201 
519487 1471887 0 0.00761715 0 0 2.20822e-284 4.90167e-234 5.07657e-168 1.12804e-06 8.93211 91.0679 
521487 1471887 0 0.00768821 0 0 1.04249e-282 1.18648e-232 5.04688e-167 1.27913e-06 9.15316 90.8468 
523487 1471887 0 0.00774828 0 0 2.56243e-281 1.67373e-231 3.39998e-166 1.41986e-06 9.3406 90.6594 
525487 1471887 0 0.00779679 0 0 3.27851e-280 1.37606e-230 1.5522e-165 1.54285e-06 9.49234 90.5077 
527487 1471887 0 0.00783331 0 6.32404e-320 2.18305e-279 6.59358e-230 4.80226e-165 1.64117e-06 9.60669 90.3933 
529487 1471887 0 0.00785747 0 1.88733e-319 7.56405e-279 1.84139e-229 1.00689e-164 1.70901e-06 9.68238 90.3176 
531487 1471887 0 0.00786904 0 3.76478e-319 1.36369e-278 2.99719e-229 1.43075e-164 1.74219e-06 9.71855 90.2815 
533487 1471887 0 0.00786791 0 3.76972e-319 1.27917e-278 2.84335e-229 1.37782e-164 1.73864e-06 9.71479 90.2852 
535487 1471887 0 0.00785409 0 1.88733e-319 6.24306e-279 1.57215e-229 8.99225e-165 1.69858e-06 9.67116 90.3288 
537487 1471887 0 0.00782772 0 6.32404e-320 1.58541e-279 5.06641e-230 3.97729e-165 1.62452e-06 9.58813 90.4119 
539487 1471887 0 0.00778905 0 0 2.09507e-280 9.51583e-231 1.19218e-165 1.52097e-06 9.46664 90.5334 
541487 1471887 0 0.00773845 0 0 1.4409e-281 1.04166e-231 2.42172e-166 1.39402e-06 9.30806 90.6919 
543487 1471887 0 0.0076764 0 0 5.15857e-283 6.64543e-233 3.33365e-167 1.25073e-06 9.11414 90.8859 
545487 1471887 0 0.00760346 0 0 9.61622e-285 2.47077e-234 3.10967e-168 1.09848e-06 8.88705 91.113 
547487 1471887 0 0.0075203 0 0 9.33703e-287 5.35353e-236 1.96557e-169 9.4439e-07 8.62926 91.3707 
549487 1471887 0 0.00742762 0 0 4.7243e-289 6.75981e-238 8.41825e-171 7.94742e-07 8.3436 91.6564 
551487 1471887 0 0.0073262 0 0 1.24633e-291 4.97395e-240 2.44283e-172 6.54646e-07 8.03313 91.9669 
553487 1471887 0 0.00721685 0 0 1.71556e-294 2.13271e-242 4.80263e-174 5.27813e-07 7.70114 92.2989 
555487 1471887 0 0.0071004 0 0 1.23319e-297 5.32863e-245 6.39665e-176 4.1652e-07 7.35108 92.6489 
557487 1471887 0 0.00697769 0 0 4.63403e-301 7.758e-248 5.77151e-178 3.21708e-07 6.98651 93.0135 
559487 1471887 0 0.00684953 0 0 9.11472e-305 6.58164e-251 3.52746e-180 2.4319e-07 6.61105 93.389 
561487 1471887 0 0.00671676 0 0 9.39762e-309 3.2537e-254 1.46031e-182 1.79918e-07 6.22829 93.7717 
563487 1471887 0 0.00658015 0 0 5.08753e-313 9.37343e-258 4.0946e-185 1.30269e-07 5.84177 94.1582 
565487 1471887 0 0.00644044 0 0 1.4652e-317 1.57373e-261 7.7756e-188 9.23069e-08 5.45489 94.5451 
567487 1471887 0 0.00629833 0 0 0 1.54001e-265 9.99975e-191 6.40096e-08 5.07091 94.9291 
569487 1471887 0 0.00615448 0 0 0 8.78513e-270 8.70868e-194 4.34378e-08 4.69283 95.3072 
571487 1471887 0 0.00600949 0 0 0 2.9222e-274 5.13572e-197 2.88466e-08 4.32341 95.6766 
573487 1471887 0 0.00586389 0 0 0 5.6696e-279 2.05075e-200 1.87466e-08 3.96512 96.0349 
575487 1471887 0 0.00571817 0 0 0 6.41897e-284 5.5446e-204 1.1922e-08 3.62011 96.3799 
577487 1471887 0 0.00557277 0 0 0 4.24332e-289 1.01497e-207 7.41948e-09 3.29017 96.7098 
579487 1471887 0 0.00542807 0 0 0 1.63912e-294 1.25791e-211 4.5185e-09 2.97679 97.0232 
581487 1471887 0 0.0052844 0 0 0 3.7036e-300 1.05546e-215 2.69285e-09 2.68109 97.3189 
583487 1471887 0 0.00514205 0 0 0 4.90126e-306 5.99544e-220 1.57048e-09 2.40386 97.5961 
585487 1471887 0 0.00500125 0 0 0 3.80521e-312 2.30556e-224 8.9631e-10 2.1456 97.8544 
587487 1471887 0 0.00486223 0 0 0 2.33693e-318 6.00209e-229 5.00604e-10 1.90648 98.0935 
589487 1471887 0 0.00472515 0 0 0 0 1.05778e-233 2.73619e-10 1.68642 98.3136 
