#EAST NORTH ELEV Kg/m^2 [-4.5->-3.375) [-3.375->-2.25) [-2.25->-1.125) [-1.125->0) [0->1.125) [1.125->2.25) [2.25->3.375) [3.375->4.5) (percent)
433487 1479887 0 0.00212705 0 0 0 0 0 1.32967e-19 0.021799 99.9782 
435487 1479887 0 0.00219898 0 0 0 0 0 3.79819e-19 0.0269359 99.9731 
437487 1479887 0 0.00227268 0 0 0 0 0 1.06205e-18 0.0331446 99.9669 
439487 1479887 0 0.00234816 0 0 0 0 0 2.90699e-18 0.0406142 99.9594 
441487 1479887 0 0.0024254 0 0 0 0 0 7.78883e-18 0.0495592 99.9504 
443487 1479887 0 0.0025044 0 0 0 0 0 2.04282e-17 0.0602214 99.9398 
445487 1479887 0 0.00258514 0 0 0 0 0 5.24464e-17 0.0728707 99.9271 
447487 1479887 0 0.00266761 0 0 0 0 0 1.31803e-16 0.0878069 99.9122 
449487 1479887 0 0.00275177 0 0 0 0 0 3.24235e-16 0.10536 99.8946 
451487 1479887 0 0.00283761 0 0 0 0 0 7.80755e-16 0.125888 99.8741 
453487 1479887 0 0.00292508 0 0 0 0 0 1.84029e-15 0.149782 99.8502 
455487 1479887 0 0.00301415 0 0 0 0 0 4.24592e-15 0.177456 99.8225 
457487 1479887 0 0.00310476 0 0 0 0 0 9.58889e-15 0.209352 99.7906 
459487 1479887 0 0.00319687 0 0 0 0 0 2.11969e-14 0.24593 99.7541 
461487 1479887 0 0.00329042 0 0 0 0 0 4.58647e-14 0.287667 99.7123 
463487 1479887 0 0.00338533 0 0 0 0 0 9.71367e-14 0.335049 99.665 
465487 1479887 0 0.00348152 0 0 0 0 0 2.01364e-13 0.388562 99.6114 
467487 1479887 0 0.00357891 0 0 0 0 0 4.08573e-13 0.448685 99.5513 
469487 1479887 0 0.0036774 0 0 0 0 0 8.11414e-13 0.515877 99.4841 
471487 1479887 0 0.00377688 0 0 0 0 0 1.57723e-12 0.590566 99.4094 
473487 1479887 0 0.00387723 0 0 0 0 0 3.00069e-12 0.673137 99.3269 
475487 1479887 0 0.00397831 0 0 0 0 0 5.58751e-12 0.763917 99.2361 
477487 1479887 0 0.00407997 0 0 0 0 0 1.01831e-11 0.86316 99.1368 
479487 1479887 0 0.00418206 0 0 0 0 0 1.81636e-11 0.971034 99.029 
481487 1479887 0 0.00428439 0 0 0 0 0 3.17087e-11 1.0876 98.9124 
483487 1479887 0 0.00438675 0 0 0 0 0 5.41762e-11 1.21282 98.7872 
485487 1479887 0 0.00448895 0 0 0 0 0 9.05915e-11 1.3465 98.6535 
487487 1479887 0 0.00459074 0 0 0 0 0 1.48256e-10 1.48834 98.5117 
489487 1479887 0 0.00469186 0 0 0 0 0 2.37453e-10 1.63785 98.3621 
491487 1479887 0 0.00479203 0 0 0 0 0 3.72208e-10 1.79444 98.2056 
493487 1479887 0 0.00489097 0 0 0 0 0 5.70997e-10 1.9573 98.0427 
495487 1479887 0 0.00498835 0 0 0 0 0 8.57275e-10 2.12552 97.8745 
497487 1479887 0 0.00508384 0 0 0 0 0 1.25964e-09 2.298 97.702 
499487 1479887 0 0.00517708 0 0 0 0 0 1.81139e-09 2.4735 97.5265 
501487 1479887 0 0.0052677 0 0 0 0 0 2.54928e-09 2.65067 97.3493 
503487 1479887 0 0.00535531 0 0 0 0 0 3.51129e-09 2.82801 97.172 
505487 1479887 0 0.00543951 0 0 0 0 0 4.73328e-09 3.00395 96.996 
507487 1479887 0 0.00551989 0 0 0 0 0 6.24462e-09 3.17683 96.8232 
509487 1479887 0 0.00559606 0 0 0 0 0 8.0631e-09 3.34493 96.6551 
511487 1479887 0 0.00566759 0 0 0 0 0 1.01895e-08 3.50654 96.4935 
513487 1479887 0 0.00573408 0 0 0 0 0 1.26028e-08 3.65992 96.3401 
515487 1479887 0 0.00579515 0 0 0 0 0 1.52561e-08 3.80339 96.1966 
517487 1479887 0 0.00585042 0 0 0 0 0 1.80754e-08 3.93534 96.0647 
519487 1479887 0 0.00589954 0 0 0 0 0 2.09607e-08 4.05423 95.9458 
521487 1479887 0 0.00594219 0 0 0 0 0 2.37902e-08 4.15867 95.8413 
523487 1479887 0 0.00597808 0 0 0 0 0 2.64285e-08 4.2474 95.7526 
525487 1479887 0 0.00600697 0 0 0 0 0 2.87362e-08 4.31937 95.6806 
527487 1479887 0 0.00602864 0 0 0 0 0 3.05824e-08 4.37367 95.6263 
529487 1479887 0 0.00604296 0 0 0 0 0 3.18567e-08 4.40965 95.5904 
531487 1479887 0 0.00604982 0 0 0 0 0 3.24802e-08 4.42685 95.5731 
533487 1479887 0 0.00604916 0 0 0 0 0 3.24135e-08 4.42507 95.5749 
535487 1479887 0 0.006041 0 0 0 0 0 3.16609e-08 4.40432 95.5957 
537487 1479887 0 0.00602538 0 0 0 0 0 3.02697e-08 4.36486 95.6351 
539487 1479887 0 0.00600243 0 0 0 0 0 2.83257e-08 4.30719 95.6928 
541487 1479887 0 0.00597231 0 0 0 0 0 2.59441e-08 4.23201 95.768 
543487 1479887 0 0.00593522 0 0 0 0 0 2.32584e-08 4.14024 95.8598 
545487 1479887 0 0.00589143 0 0 0 0 0 2.04079e-08 4.03299 95.967 
547487 1479887 0 0.00584121 0 0 0 0 0 1.75265e-08 3.91154 96.0885 
549487 1479887 0 0.00578491 0 0 0 0 0 1.4732e-08 3.77731 96.2227 
551487 1479887 0 0.00572288 0 0 0 0 0 1.21198e-08 3.63186 96.3681 
553487 1479887 0 0.00565548 0 0 0 0 0 9.75875e-09 3.47681 96.5232 
555487 1479887 0 0.00558313 0 0 0 0 0 7.69045e-09 3.31385 96.6861 
557487 1479887 0 0.00550621 0 0 0 0 0 5.9315e-09 3.14472 96.8553 
559487 1479887 0 0.00542514 0 0 0 0 0 4.47744e-09 2.97114 97.0289 
561487 1479887 0 0.00534034 0 0 0 0 0 3.30782e-09 2.79482 97.2052 
563487 1479887 0 0.00525219 0 0 0 0 0 2.39167e-09 2.61739 97.3826 
565487 1479887 0 0.00516111 0 0 0 0 0 1.69239e-09 2.44043 97.5596 
567487 1479887 0 0.00506747 0 0 0 0 0 1.17204e-09 2.26539 97.7346 
569487 1479887 0 0.00497165 0 0 0 0 0 7.94374e-10 2.09363 97.9064 
571487 1479887 0 0.004874 0 0 0 0 0 5.26921e-10 1.92634 98.0737 
573487 1479887 0 0.00477484 0 0 0 0 0 3.42063e-10 1.76459 98.2354 
575487 1479887 0 0.0046745 0 0 0 0 0 2.17323e-10 1.60928 98.3907 
577487 1479887 0 0.00457327 0 0 0 0 0 1.35129e-10 1.46116 98.5388 
579487 1479887 0 0.00447141 0 0 0 0 0 8.22303e-11 1.32082 98.6792 
581487 1479887 0 0.00436919 0 0 0 0 0 4.89737e-11 1.18871 98.8113 
583487 1479887 0 0.00426684 0 0 0 0 0 2.85458e-11 1.06511 98.9349 
585487 1479887 0 0.00416456 0 0 0 0 0 1.62846e-11 0.950166 99.0498 
587487 1479887 0 0.00406255 0 0 0 0 0 9.09214e-12 0.84392 99.1561 
589487 1479887 0 0.00396099 0 0 0 0 0 4.96841e-12 0.746279 99.2537 
591487 1479887 0 0.00386005 0 0 0 0 0 2.65727e-12 0.65706 99.3429 
593487 1479887 0 0.00375986 0 0 0 0 0 1.39099e-12 0.575993 99.424 
595487 1479887 0 0.00366056 0 0 0 0 0 7.12668e-13 0.50274 99.4973 
597487 1479887 0 0.00356227 0 0 0 0 0 3.57381e-13 0.436906 99.5631 
599487 1479887 0 0.0034651 0 0 0 0 0 1.75413e-13 0.378057 99.6219 
601487 1479887 0 0.00336913 0 0 0 0 0 8.42717e-14 0.32573 99.6743 
603487 1479887 0 0.00327447 0 0 0 0 0 3.96275e-14 0.279442 99.7206 
605487 1479887 0 0.00318118 0 0 0 0 0 1.82394e-14 0.238708 99.7613 
607487 1479887 0 0.00308933 0 0 0 0 0 8.21732e-15 0.203042 99.797 
609487 1479887 0 0.00299899 0 0 0 0 0 3.62373e-15 0.171971 99.828 
611487 1479887 0 0.0029102 0 0 0 0 0 1.56421e-15 0.145038 99.855 
613487 1479887 0 0.00282302 0 0 0 0 0 6.60916e-16 0.121805 99.8782 
615487 1479887 0 0.00273748 0 0 0 0 0 2.73349e-16 0.101862 99.8981 
617487 1479887 0 0.00265361 0 0 0 0 0 1.10665e-16 0.0848253 99.9152 
619487 1479887 0 0.00257145 0 0 0 0 0 4.38555e-17 0.0703411 99.9297 
621487 1479887 0 0.00249101 0 0 0 0 0 1.70124e-17 0.0580855 99.9419 
623487 1479887 0 0.00241232 0 0 0 0 0 6.46002e-18 0.0477642 99.9522 
625487 1479887 0 0.00233539 0 0 0 0 0 2.40122e-18 0.0391126 99.9609 
627487 1479887 0 0.00226022 0 0 0 0 0 8.73696e-19 0.0318944 99.9681 
629487 1479887 0 0.00218682 0 0 0 0 0 3.11187e-19 0.0258997 99.9741 
433487 1477887 0 0.00219773 0 0 0 0 0 3.73285e-19 0.0268413 99.9732 
435487 1477887 0 0.00227295 0 0 0 0 0 1.06642e-18 0.0331714 99.9668 
437487 1477887 0 0.00235008 0 0 0 0 0 2.98231e-18 0.0408236 99.9592 
439487 1477887 0 0.00242914 0 0 0 0 0 8.16409e-18 0.0500316 99.95 
441487 1477887 0 0.00251011 0 0 0 0 0 2.18774e-17 0.0610603 99.9389 
443487 1477887 0 0.00259299 0 0 0 0 0 5.73868e-17 0.0742083 99.9258 
445487 1477887 0 0.00267778 0 0 0 0 0 1.47352e-16 0.0898094 99.9102 
447487 1477887 0 0.00276447 0 0 0 0 0 3.70362e-16 0.108234 99.8918 
449487 1477887 0 0.00285304 0 0 0 0 0 9.11212e-16 0.12989 99.8701 
451487 1477887 0 0.00294346 0 0 0 0 0 2.19448e-15 0.155221 99.8448 
453487 1477887 0 0.0030357 0 0 0 0 0 5.17322e-15 0.184708 99.8153 
455487 1477887 0 0.00312974 0 0 0 0 0 1.19372e-14 0.218865 99.7811 
457487 1477887 0 0.00322554 0 0 0 0 0 2.69621e-14 0.258237 99.7418 
459487 1477887 0 0.00332304 0 0 0 0 0 5.96085e-14 0.303393 99.6966 
461487 1477887 0 0.0034222 0 0 0 0 0 1.28992e-13 0.354922 99.6451 
463487 1477887 0 0.00352294 0 0 0 0 0 2.7322e-13 0.413424 99.5866 
465487 1477887 0 0.00362521 0 0 0 0 0 5.66435e-13 0.479498 99.5205 
467487 1477887 0 0.00372892 0 0 0 0 0 1.14941e-12 0.553732 99.4463 
469487 1477887 0 0.00383397 0 0 0 0 0 2.28284e-12 0.636694 99.3633 
471487 1477887 0 0.00394026 0 0 0 0 0 4.43761e-12 0.728906 99.2711 
473487 1477887 0 0.00404768 0 0 0 0 0 8.4429e-12 0.830841 99.1692 
475487 1477887 0 0.00415609 0 0 0 0 0 1.57216e-11 0.942895 99.0571 
477487 1477887 0 0.00426535 0 0 0 0 0 2.86522e-11 1.06537 98.9346 
479487 1477887 0 0.00437529 0 0 0 0 0 5.11059e-11 1.19848 98.8015 
481487 1477887 0 0.00448572 0 0 0 0 0 8.92137e-11 1.34228 98.6577 
483487 1477887 0 0.00459644 0 0 0 0 0 1.52418e-10 1.49669 98.5033 
485487 1477887 0 0.00470722 0 0 0 0 0 2.54846e-10 1.6615 98.3385 
487487 1477887 0 0.00481782 0 0 0 0 0 4.17021e-10 1.83629 98.1637 
489487 1477887 0 0.00492794 0 0 0 0 0 6.67838e-10 2.02046 97.9795 
491487 1477887 0 0.0050373 0 0 0 0 0 1.04669e-09 2.21326 97.7867 
493487 1477887 0 0.00514557 0 0 0 0 0 1.60544e-09 2.41369 97.5863 
495487 1477887 0 0.00525239 0 0 0 0 0 2.40992e-09 2.62059 97.3794 
497487 1477887 0 0.00535738 0 0 0 0 0 3.54032e-09 2.83262 97.1674 
499487 1477887 0 0.00546013 0 0 0 0 0 5.08999e-09 3.04825 96.9518 
501487 1477887 0 0.00556023 0 0 0 0 0 7.16189e-09 3.26578 96.7342 
503487 1477887 0 0.00565723 0 0 0 0 0 9.86229e-09 3.4834 96.5166 
505487 1477887 0 0.00575065 0 0 0 0 0 1.32914e-08 3.69916 96.3008 
507487 1477887 0 0.00584003 0 0 0 0 0 1.75312e-08 3.91103 96.089 
509487 1477887 0 0.00592489 0 0 0 0 0 2.26311e-08 4.11692 95.8831 
511487 1477887 0 0.00600473 0 0 0 0 0 2.85928e-08 4.31473 95.6853 
513487 1477887 0 0.00607909 0 0 0 0 0 3.53567e-08 4.50237 95.4976 
515487 1477887 0 0.00614749 0 0 0 0 0 4.27914e-08 4.67779 95.3222 
517487 1477887 0 0.00620949 0 0 0 0 0 5.06892e-08 4.83903 95.161 
519487 1477887 0 0.00626466 0 0 0 0 0 5.87698e-08 4.98424 95.0158 
521487 1477887 0 0.00631262 0 0 0 0 0 6.66927e-08 5.11175 94.8882 
523487 1477887 0 0.00635302 0 0 0 0 0 7.40785e-08 5.22006 94.7799 
525487 1477887 0 0.00638556 0 0 0 0 0 8.05379e-08 5.30786 94.6921 
527487 1477887 0 0.00641 0 0 0 0 0 8.57048e-08 5.3741 94.6259 
529487 1477887 0 0.00642615 0 0 0 0 0 8.9271e-08 5.41797 94.582 
531487 1477887 0 0.00643388 0 0 0 0 0 9.10158e-08 5.43895 94.561 
533487 1477887 0 0.00643314 0 0 0 0 0 9.08292e-08 5.43677 94.5632 
535487 1477887 0 0.00642392 0 0 0 0 0 8.87231e-08 5.41147 94.5885 
537487 1477887 0 0.00640631 0 0 0 0 0 8.48299e-08 5.36335 94.6367 
539487 1477887 0 0.00638044 0 0 0 0 0 7.9389e-08 5.29299 94.707 
541487 1477887 0 0.0063465 0 0 0 0 0 7.27225e-08 5.20126 94.7987 
543487 1477887 0 0.00630475 0 0 0 0 0 6.52034e-08 5.08925 94.9108 
545487 1477887 0 0.00625551 0 0 0 0 0 5.72217e-08 4.9583 95.0417 
547487 1477887 0 0.00619912 0 0 0 0 0 4.91514e-08 4.80994 95.1901 
549487 1477887 0 0.00613597 0 0 0 0 0 4.13228e-08 4.6459 95.3541 
551487 1477887 0 0.00606651 0 0 0 0 0 3.40031e-08 4.46804 95.532 
553487 1477887 0 0.00599117 0 0 0 0 0 2.73851e-08 4.27834 95.7217 
555487 1477887 0 0.00591042 0 0 0 0 0 2.1586e-08 4.07885 95.9212 
557487 1477887 0 0.00582475 0 0 0 0 0 1.66528e-08 3.87168 96.1283 
559487 1477887 0 0.00573465 0 0 0 0 0 1.25735e-08 3.65892 96.3411 
561487 1477887 0 0.00564058 0 0 0 0 0 9.29116e-09 3.44267 96.5573 
563487 1477887 0 0.00554303 0 0 0 0 0 6.71935e-09 3.22492 96.7751 
565487 1477887 0 0.00544246 0 0 0 0 0 4.75579e-09 3.00762 96.9924 
567487 1477887 0 0.00533931 0 0 0 0 0 3.29424e-09 2.79254 97.2075 
569487 1477887 0 0.00523399 0 0 0 0 0 2.23316e-09 2.58137 97.4186 
571487 1477887 0 0.00512692 0 0 0 0 0 1.48155e-09 2.37558 97.6244 
573487 1477887 0 0.00501846 0 0 0 0 0 9.61936e-10 2.1765 97.8235 
575487 1477887 0 0.00490897 0 0 0 0 0 6.11233e-10 1.98526 98.0147 
577487 1477887 0 0.00479877 0 0 0 0 0 3.80102e-10 1.80279 98.1972 
579487 1477887 0 0.00468814 0 0 0 0 0 2.31328e-10 1.62984 98.3702 
581487 1477887 0 0.00457738 0 0 0 0 0 1.37782e-10 1.46696 98.533 
583487 1477887 0 0.00446672 0 0 0 0 0 8.0315e-11 1.31452 98.6855 
585487 1477887 0 0.00435638 0 0 0 0 0 4.5819e-11 1.17273 98.8273 
587487 1477887 0 0.00424657 0 0 0 0 0 2.55825e-11 1.04163 98.9584 
589487 1477887 0 0.00413747 0 0 0 0 0 1.39795e-11 0.921121 99.0789 
591487 1477887 0 0.00402924 0 0 0 0 0 7.47653e-12 0.810991 99.189 
593487 1477887 0 0.00392203 0 0 0 0 0 3.91355e-12 0.710912 99.2891 
595487 1477887 0 0.00381596 0 0 0 0 0 2.00499e-12 0.620471 99.3795 
597487 1477887 0 0.00371115 0 0 0 0 0 1.00537e-12 0.539187 99.4608 
599487 1477887 0 0.00360771 0 0 0 0 0 4.93424e-13 0.466525 99.5335 
601487 1477887 0 0.00350572 0 0 0 0 0 2.37028e-13 0.401915 99.5981 
603487 1477887 0 0.00340525 0 0 0 0 0 1.11447e-13 0.344766 99.6552 
605487 1477887 0 0.00330639 0 0 0 0 0 5.12904e-14 0.294476 99.7055 
607487 1477887 0 0.00320919 0 0 0 0 0 2.31048e-14 0.250447 99.7496 
609487 1477887 0 0.00311371 0 0 0 0 0 1.01877e-14 0.212094 99.7879 
611487 1477887 0 0.00301999 0 0 0 0 0 4.39699e-15 0.178852 99.8211 
613487 1477887 0 0.00292806 0 0 0 0 0 1.85759e-15 0.150181 99.8498 
615487 1477887 0 0.00283797 0 0 0 0 0 7.68179e-16 0.125573 99.8744 
617487 1477887 0 0.00274974 0 0 0 0 0 3.10953e-16 0.104555 99.8954 
619487 1477887 0 0.00266338 0 0 0 0 0 1.23211e-16 0.086689 99.9133 
621487 1477887 0 0.00257893 0 0 0 0 0 4.77895e-17 0.0715739 99.9284 
623487 1477887 0 0.00249638 0 0 0 0 0 1.81444e-17 0.0588467 99.9412 
625487 1477887 0 0.00241574 0 0 0 0 0 6.74346e-18 0.0481803 99.9518 
627487 1477887 0 0.00233702 0 0 0 0 0 2.45333e-18 0.0392825 99.9607 
629487 1477887 0 0.00226022 0 0 0 0 0 8.73696e-19 0.0318944 99.9681 
433487 1475887 0 0.00227007 0 0 0 0 0 1.02582e-18 0.0329119 99.9671 
435487 1475887 0 0.00234871 0 0 0 0 0 2.93099e-18 0.04068 99.9593 
437487 1475887 0 0.00242942 0 0 0 0 0 8.19773e-18 0.0500722 99.9499 
439487 1475887 0 0.00251221 0 0 0 0 0 2.24444e-17 0.0613757 99.9386 
441487 1475887 0 0.00259709 0 0 0 0 0 6.01524e-17 0.0749167 99.9251 
443487 1475887 0 0.00268405 0 0 0 0 0 1.57808e-16 0.0910624 99.9089 
445487 1475887 0 0.0027731 0 0 0 0 0 4.0526e-16 0.110224 99.8898 
447487 1475887 0 0.00286424 0 0 0 0 0 1.01874e-15 0.132856 99.8671 
449487 1475887 0 0.00295744 0 0 0 0 0 2.50677e-15 0.159462 99.8405 
451487 1475887 0 0.00305271 0 0 0 0 0 6.03789e-15 0.190587 99.8094 
453487 1475887 0 0.00315003 0 0 0 0 0 1.42354e-14 0.226824 99.7732 
455487 1475887 0 0.00324936 0 0 0 0 0 3.28523e-14 0.268804 99.7312 
457487 1475887 0 0.00335068 0 0 0 0 0 7.42109e-14 0.317198 99.6828 
459487 1475887 0 0.00345395 0 0 0 0 0 1.64085e-13 0.372706 99.6273 
461487 1475887 0 0.00355913 0 0 0 0 0 3.55114e-13 0.436051 99.5639 
463487 1475887 0 0.00366616 0 0 0 0 0 7.52239e-13 0.507968 99.492 
465487 1475887 0 0.00377499 0 0 0 0 0 1.55965e-12 0.589193 99.4108 
467487 1475887 0 0.00388555 0 0 0 0 0 3.16502e-12 0.680447 99.3196 
469487 1475887 0 0.00399775 0 0 0 0 0 6.28634e-12 0.782421 99.2176 
471487 1475887 0 0.0041115 0 0 0 0 0 1.22204e-11 0.895752 99.1042 
473487 1475887 0 0.00422668 0 0 0 0 0 2.32504e-11 1.02101 98.979 
475487 1475887 0 0.00434318 0 0 0 0 0 4.3294e-11 1.15868 98.8413 
477487 1475887 0 0.00446084 0 0 0 0 0 7.88994e-11 1.30912 98.6909 
479487 1475887 0 0.00457951 0 0 0 0 0 1.40722e-10 1.47256 98.5274 
481487 1475887 0 0.004699 0 0 0 0 0 2.45632e-10 1.64907 98.3509 
483487 1475887 0 0.00481909 0 0 0 0 0 4.19606e-10 1.83854 98.1615 
485487 1475887 0 0.00493955 0 0 0 0 0 7.01498e-10 2.04067 97.9593 
487487 1475887 0 0.00506011 0 0 0 0 0 1.14772e-09 2.25493 97.7451 
489487 1475887 0 0.00518048 0 0 0 0 0 1.83768e-09 2.48058 97.5194 
491487 1475887 0 0.00530032 0 0 0 0 0 2.87956e-09 2.71664 97.2834 
493487 1475887 0 0.00541928 0 0 0 0 0 4.41575e-09 2.9619 97.0381 
495487 1475887 0 0.00553696 0 0 0 0 0 6.62681e-09 3.21491 96.7851 
497487 1475887 0 0.00565292 0 0 0 0 0 9.73261e-09 3.474 96.526 
499487 1475887 0 0.00576671 0 0 0 0 0 1.39888e-08 3.73729 96.2627 
501487 1475887 0 0.00587784 0 0 0 0 0 1.96773e-08 4.00271 95.9973 
503487 1475887 0 0.00598579 0 0 0 0 0 2.70884e-08 4.26802 95.732 
505487 1475887 0 0.00609002 0 0 0 0 0 3.64958e-08 4.53086 95.4691 
507487 1475887 0 0.00618997 0 0 0 0 0 4.81227e-08 4.78876 95.2112 
509487 1475887 0 0.00628506 0 0 0 0 0 6.21027e-08 5.0392 94.9608 
511487 1475887 0 0.00637473 0 0 0 0 0 7.84391e-08 5.27962 94.7204 
513487 1475887 0 0.00645839 0 0 0 0 0 9.69668e-08 5.50751 94.4925 
515487 1475887 0 0.00653549 0 0 0 0 0 1.17325e-07 5.72042 94.2796 
517487 1475887 0 0.00660548 0 0 0 0 0 1.38943e-07 5.91598 94.084 
519487 1475887 0 0.00666786 0 0 0 0 0 1.61056e-07 6.09202 93.908 
521487 1475887 0 0.00672216 0 0 0 0 0 1.82732e-07 6.24651 93.7535 
523487 1475887 0 0.00676794 0 0 0 0 0 2.02933e-07 6.37766 93.6223 
525487 1475887 0 0.00680485 0 0 0 0 0 2.20596e-07 6.48395 93.5161 
527487 1475887 0 0.00683259 0 0 0 0 0 2.34724e-07 6.56411 93.4359 
529487 1475887 0 0.00685093 0 0 0 0 0 2.44473e-07 6.6172 93.3828 
531487 1475887 0 0.00685971 0 0 0 0 0 2.49243e-07 6.64258 93.3574 
533487 1475887 0 0.00685886 0 0 0 0 0 2.48733e-07 6.63995 93.3601 
535487 1475887 0 0.00684839 0 0 0 0 0 2.42975e-07 6.60933 93.3907 
537487 1475887 0 0.00682838 0 0 0 0 0 2.32331e-07 6.5511 93.4489 
539487 1475887 0 0.00679901 0 0 0 0 0 2.17455e-07 6.46596 93.534 
541487 1475887 0 0.00676052 0 0 0 0 0 1.99224e-07 6.3549 93.6451 
543487 1475887 0 0.00671321 0 0 0 0 0 1.78657e-07 6.21924 93.7808 
545487 1475887 0 0.00665747 0 0 0 0 0 1.5682e-07 6.06056 93.9394 
547487 1475887 0 0.00659372 0 0 0 0 0 1.34734e-07 5.8807 94.1193 
549487 1475887 0 0.00652245 0 0 0 0 0 1.13303e-07 5.68171 94.3183 
551487 1475887 0 0.00644417 0 0 0 0 0 9.32589e-08 5.46581 94.5342 
553487 1475887 0 0.00635942 0 0 0 0 0 7.51298e-08 5.23538 94.7646 
555487 1475887 0 0.00626878 0 0 0 0 0 5.92381e-08 4.99289 95.0071 
557487 1475887 0 0.00617281 0 0 0 0 0 4.5714e-08 4.74086 95.2591 
559487 1475887 0 0.00607209 0 0 0 0 0 3.45264e-08 4.48185 95.5182 
561487 1475887 0 0.00596719 0 0 0 0 0 2.5521e-08 4.21836 95.7816 
563487 1475887 0 0.00585867 0 0 0 0 0 1.84623e-08 3.95286 96.0471 
565487 1475887 0 0.00574706 0 0 0 0 0 1.3071e-08 3.68768 96.3123 
567487 1475887 0 0.00563288 0 0 0 0 0 9.05652e-09 3.42503 96.575 
569487 1475887 0 0.00551661 0 0 0 0 0 6.14102e-09 3.16694 96.8331 
571487 1475887 0 0.00539871 0 0 0 0 0 4.07516e-09 2.91527 97.0847 
573487 1475887 0 0.00527959 0 0 0 0 0 2.64649e-09 2.67164 97.3284 
575487 1475887 0 0.00515966 0 0 0 0 0 1.68197e-09 2.43745 97.5626 
577487 1475887 0 0.00503927 0 0 0 0 0 1.04614e-09 2.21387 97.7861 
579487 1475887 0 0.00491873 0 0 0 0 0 6.36773e-10 2.00184 97.9982 
581487 1475887 0 0.00479834 0 0 0 0 0 3.79319e-10 1.80205 98.1979 
583487 1475887 0 0.00467837 0 0 0 0 0 2.21134e-10 1.615 98.385 
585487 1475887 0 0.00455904 0 0 0 0 0 1.26165e-10 1.44094 98.5591 
587487 1475887 0 0.00444056 0 0 0 0 0 7.04465e-11 1.27995 98.7201 
589487 1475887 0 0.00432311 0 0 0 0 0 3.84967e-11 1.13193 98.8681 
591487 1475887 0 0.00420685 0 0 0 0 0 2.0589e-11 0.996618 99.0034 
593487 1475887 0 0.00409193 0 0 0 0 0 1.07771e-11 0.873634 99.1264 
595487 1475887 0 0.00397847 0 0 0 0 0 5.52114e-12 0.762478 99.2375 
597487 1475887 0 0.00386657 0 0 0 0 0 2.76836e-12 0.662564 99.3374 
599487 1475887 0 0.00375632 0 0 0 0 0 1.35859e-12 0.573243 99.4268 
601487 1475887 0 0.00364782 0 0 0 0 0 6.5258e-13 0.493818 99.5062 
603487 1475887 0 0.00354111 0 0 0 0 0 3.06806e-13 0.423563 99.5764 
605487 1475887 0 0.00343628 0 0 0 0 0 1.41184e-13 0.361743 99.6383 
607487 1475887 0 0.00333335 0 0 0 0 0 6.35923e-14 0.307622 99.6924 
609487 1475887 0 0.00323239 0 0 0 0 0 2.80365e-14 0.260482 99.7395 
611487 1475887 0 0.00313342 0 0 0 0 0 1.20991e-14 0.219627 99.7804 
613487 1475887 0 0.00303647 0 0 0 0 0 5.11081e-15 0.184394 99.8156 
615487 1475887 0 0.00294156 0 0 0 0 0 2.11322e-15 0.154158 99.8458 
617487 1475887 0 0.00284872 0 0 0 0 0 8.55298e-16 0.128337 99.8717 
619487 1475887 0 0.00275796 0 0 0 0 0 3.38855e-16 0.106391 99.8936 
621487 1475887 0 0.00266927 0 0 0 0 0 1.31412e-16 0.0878269 99.9122 
623487 1475887 0 0.00258268 0 0 0 0 0 4.9887e-17 0.0721984 99.9278 
625487 1475887 0 0.00249817 0 0 0 0 0 1.85383e-17 0.0591027 99.9409 
627487 1475887 0 0.00241574 0 0 0 0 0 6.74346e-18 0.0481803 99.9518 
629487 1475887 0 0.00233539 0 0 0 0 0 2.40122e-18 0.0391126 99.9609 
433487 1473887 0 0.00234406 0 0 0 0 0 2.75948e-18 0.040187 99.9598 
435487 1473887 0 0.00242627 0 0 0 0 0 7.88549e-18 0.0496799 99.9503 
437487 1473887 0 0.00251071 0 0 0 0 0 2.2058e-17 0.0611595 99.9388 
439487 1473887 0 0.00259741 0 0 0 0 0 6.04003e-17 0.0749776 99.925 
441487 1473887 0 0.00268637 0 0 0 0 0 1.61899e-16 0.0915336 99.9085 
443487 1473887 0 0.00277761 0 0 0 0 0 4.24796e-16 0.111278 99.8887 
445487 1473887 0 0.00287113 0 0 0 0 0 1.09105e-15 0.134713 99.8653 
447487 1473887 0 0.00296695 0 0 0 0 0 2.74305e-15 0.162398 99.8376 
449487 1473887 0 0.00306507 0 0 0 0 0 6.7506e-15 0.194947 99.8051 
451487 1473887 0 0.00316547 0 0 0 0 0 1.62618e-14 0.233031 99.767 
453487 1473887 0 0.00326816 0 0 0 0 0 3.8345e-14 0.277373 99.7226 
455487 1473887 0 0.00337313 0 0 0 0 0 8.85024e-14 0.328749 99.6713 
457487 1473887 0 0.00348035 0 0 0 0 0 1.99942e-13 0.387977 99.612 
459487 1473887 0 0.0035898 0 0 0 0 0 4.42129e-13 0.455915 99.5441 
461487 1473887 0 0.00370146 0 0 0 0 0 9.5694e-13 0.533445 99.4666 
463487 1473887 0 0.00381529 0 0 0 0 0 2.02723e-12 0.621466 99.3785 
465487 1473887 0 0.00393124 0 0 0 0 0 4.20339e-12 0.720874 99.2791 
467487 1473887 0 0.00404925 0 0 0 0 0 8.53032e-12 0.832545 99.1675 
469487 1473887 0 0.00416926 0 0 0 0 0 1.69432e-11 0.957317 99.0427 
471487 1473887 0 0.00429119 0 0 0 0 0 3.29366e-11 1.09596 98.904 
473487 1473887 0 0.00441493 0 0 0 0 0 6.26631e-11 1.24916 98.7508 
475487 1473887 0 0.00454038 0 0 0 0 0 1.16677e-10 1.41749 98.5825 
477487 1473887 0 0.0046674 0 0 0 0 0 2.12617e-10 1.60137 98.3986 
479487 1473887 0 0.00479582 0 0 0 0 0 3.79173e-10 1.80105 98.1989 
481487 1473887 0 0.00492547 0 0 0 0 0 6.61762e-10 2.01661 97.9834 
483487 1473887 0 0.00505613 0 0 0 0 0 1.13028e-09 2.24788 97.7521 
485487 1473887 0 0.00518756 0 0 0 0 0 1.88923e-09 2.49444 97.5056 
487487 1473887 0 0.00531947 0 0 0 0 0 3.09028e-09 2.75564 97.2444 
489487 1473887 0 0.00545154 0 0 0 0 0 4.94675e-09 3.03054 96.9695 
491487 1473887 0 0.00558342 0 0 0 0 0 7.74914e-09 3.3179 96.6821 
493487 1473887 0 0.0057147 0 0 0 0 0 1.18795e-08 3.61622 96.3838 
495487 1473887 0 0.00584494 0 0 0 0 0 1.7822e-08 3.9237 96.0763 
497487 1473887 0 0.00597366 0 0 0 0 0 2.61654e-08 4.23829 95.7617 
499487 1473887 0 0.00610032 0 0 0 0 0 3.75942e-08 4.55769 95.4423 
501487 1473887 0 0.00622437 0 0 0 0 0 5.28615e-08 4.87936 95.1206 
503487 1473887 0 0.00634519 0 0 0 0 0 7.27427e-08 5.2006 94.7994 
505487 1473887 0 0.00646215 0 0 0 0 0 9.79668e-08 5.51853 94.4815 
507487 1473887 0 0.00657458 0 0 0 0 0 1.29127e-07 5.83019 94.1698 
509487 1473887 0 0.00668181 0 0 0 0 0 1.66575e-07 6.13255 93.8675 
511487 1473887 0 0.00678314 0 0 0 0 0 2.10314e-07 6.42254 93.5775 
513487 1473887 0 0.00687789 0 0 0 0 0 2.59897e-07 6.69718 93.3028 
515487 1473887 0 0.00696537 0 0 0 0 0 3.14354e-07 6.95354 93.0465 
517487 1473887 0 0.00704493 0 0 0 0 0 3.72162e-07 7.18885 92.8112 
519487 1473887 0 0.00711594 0 0 0 0 0 4.31268e-07 7.4005 92.5995 
521487 1473887 0 0.00717783 0 0 0 0 0 4.89185e-07 7.58612 92.4139 
523487 1473887 0 0.00723008 0 0 0 0 0 5.43148e-07 7.74363 92.2564 
525487 1473887 0 0.00727225 0 0 0 0 0 5.90321e-07 7.8712 92.1288 
527487 1473887 0 0.00730396 0 0 0 0 0 6.28043e-07 7.96739 92.0326 
529487 1473887 0 0.00732493 0 0 0 0 0 6.54071e-07 8.03108 91.9689 
531487 1473887 0 0.00733497 0 0 0 0 0 6.66804e-07 8.06151 91.9385 
533487 1473887 0 0.007334 0 0 0 0 0 6.65442e-07 8.05836 91.9416 
535487 1473887 0 0.00732201 0 0 0 0 0 6.50071e-07 8.02164 91.9784 
537487 1473887 0 0.00729913 0 0 0 0 0 6.21654e-07 7.95178 92.0482 
539487 1473887 0 0.00726555 0 0 0 0 0 5.8193e-07 7.8496 92.1504 
541487 1473887 0 0.00722157 0 0 0 0 0 5.3324e-07 7.71629 92.2837 
543487 1473887 0 0.00716759 0 0 0 0 0 4.78298e-07 7.55336 92.4466 
545487 1473887 0 0.00710405 0 0 0 0 0 4.19944e-07 7.36268 92.6373 
547487 1473887 0 0.0070315 0 0 0 0 0 3.60906e-07 7.1464 92.8536 
549487 1473887 0 0.0069505 0 0 0 0 0 3.03598e-07 6.90694 93.0931 
551487 1473887 0 0.00686171 0 0 0 0 0 2.49974e-07 6.64694 93.3531 
553487 1473887 0 0.00676576 0 0 0 0 0 2.01454e-07 6.36919 93.6308 
555487 1473887 0 0.00666336 0 0 0 0 0 1.58902e-07 6.07665 93.9234 
557487 1473887 0 0.00655518 0 0 0 0 0 1.22672e-07 5.77232 94.2277 
559487 1473887 0 0.00644193 0 0 0 0 0 9.26865e-08 5.45926 94.5407 
561487 1473887 0 0.00632427 0 0 0 0 0 6.85384e-08 5.14049 94.8595 
563487 1473887 0 0.00620286 0 0 0 0 0 4.96009e-08 4.81896 95.181 
565487 1473887 0 0.00607834 0 0 0 0 0 3.51298e-08 4.49751 95.5025 
567487 1473887 0 0.00595131 0 0 0 0 0 2.43493e-08 4.17884 95.8212 
569487 1473887 0 0.00582232 0 0 0 0 0 1.65164e-08 3.86542 96.1346 
571487 1473887 0 0.00569189 0 0 0 0 0 1.09638e-08 3.55951 96.4405 
573487 1473887 0 0.00556051 0 0 0 0 0 7.12228e-09 3.26312 96.7369 
575487 1473887 0 0.0054286 0 0 0 0 0 4.5278e-09 2.978 97.022 
577487 1473887 0 0.00529657 0 0 0 0 0 2.81687e-09 2.70559 97.2944 
579487 1473887 0 0.00516476 0 0 0 0 0 1.71497e-09 2.44708 97.5529 
581487 1473887 0 0.00503348 0 0 0 0 0 1.02179e-09 2.20334 97.7967 
583487 1473887 0 0.00490301 0 0 0 0 0 5.95774e-10 1.975 98.025 
585487 1473887 0 0.00477359 0 0 0 0 0 3.39955e-10 1.76242 98.2376 
587487 1473887 0 0.00464542 0 0 0 0 0 1.8984e-10 1.56571 98.4343 
589487 1473887 0 0.0045187 0 0 0 0 0 1.03749e-10 1.38477 98.6152 
591487 1473887 0 0.00439356 0 0 0 0 0 5.54904e-11 1.21932 98.7807 
593487 1473887 0 0.00427015 0 0 0 0 0 2.90465e-11 1.0689 98.9311 
595487 1473887 0 0.00414858 0 0 0 0 0 1.48806e-11 0.932912 99.0671 
597487 1473887 0 0.00402893 0 0 0 0 0 7.46114e-12 0.810659 99.1893 
599487 1473887 0 0.00391129 0 0 0 0 0 3.66146e-12 0.701351 99.2986 
601487 1473887 0 0.00379573 0 0 0 0 0 1.75863e-12 0.604145 99.3959 
603487 1473887 0 0.00368229 0 0 0 0 0 8.26745e-13 0.518159 99.4818 
605487 1473887 0 0.00357103 0 0 0 0 0 3.80412e-13 0.442494 99.5575 
607487 1473887 0 0.00346198 0 0 0 0 0 1.71328e-13 0.376255 99.6237 
609487 1473887 0 0.00335516 0 0 0 0 0 7.55268e-14 0.318562 99.6814 
611487 1473887 0 0.0032506 0 0 0 0 0 3.25894e-14 0.268565 99.7314 
613487 1473887 0 0.00314832 0 0 0 0 0 1.37645e-14 0.225452 99.7745 
615487 1473887 0 0.00304832 0 0 0 0 0 5.6906e-15 0.188458 99.8115 
617487 1473887 0 0.00295061 0 0 0 0 0 2.30289e-15 0.156869 99.8431 
619487 1473887 0 0.0028552 0 0 0 0 0 9.12244e-16 0.130024 99.87 
621487 1473887 0 0.00276208 0 0 0 0 0 3.53731e-16 0.10732 99.8927 
623487 1473887 0 0.00267124 0 0 0 0 0 1.34266e-16 0.0882095 99.9118 
625487 1473887 0 0.00258268 0 0 0 0 0 4.9887e-17 0.0721984 99.9278 
627487 1473887 0 0.00249638 0 0 0 0 0 1.81444e-17 0.0588467 99.9412 
629487 1473887 0 0.00241232 0 0 0 0 0 6.46002e-18 0.0477642 99.9522 
433487 1471887 0 0.00241969 0 0 0 0 0 7.26632e-18 0.048865 99.9511 
435487 1471887 0 0.00250561 0 0 0 0 0 2.0767e-17 0.0604172 99.9396 
437487 1471887 0 0.00259394 0 0 0 0 0 5.80992e-17 0.0743893 99.9256 
439487 1471887 0 0.00268472 0 0 0 0 0 1.59112e-16 0.0912106 99.9088 
441487 1471887 0 0.00277796 0 0 0 0 0 4.26547e-16 0.111368 99.8886 
443487 1471887 0 0.00287368 0 0 0 0 0 1.11934e-15 0.135411 99.8646 
445487 1471887 0 0.00297192 0 0 0 0 0 2.87532e-15 0.163953 99.836 
447487 1471887 0 0.00307268 0 0 0 0 0 7.2299e-15 0.197676 99.8023 
449487 1471887 0 0.00317597 0 0 0 0 0 1.7795e-14 0.237328 99.7627 
451487 1471887 0 0.00328182 0 0 0 0 0 4.28725e-14 0.283727 99.7163 
453487 1471887 0 0.00339023 0 0 0 0 0 1.01104e-13 0.337757 99.6622 
455487 1471887 0 0.0035012 0 0 0 0 0 2.33379e-13 0.40036 99.5996 
457487 1471887 0 0.00361474 0 0 0 0 0 5.27295e-13 0.472534 99.5275 
459487 1471887 0 0.00373084 0 0 0 0 0 1.1661e-12 0.555322 99.4447 
461487 1471887 0 0.00384948 0 0 0 0 0 2.52406e-12 0.649797 99.3502 
463487 1471887 0 0.00397066 0 0 0 0 0 5.34739e-12 0.757049 99.243 
465487 1471887 0 0.00409434 0 0 0 0 0 1.1088e-11 0.878161 99.1218 
467487 1471887 0 0.0042205 0 0 0 0 0 2.2502e-11 1.01419 98.9858 
469487 1471887 0 0.00434907 0 0 0 0 0 4.46934e-11 1.16615 98.8339 
471487 1471887 0 0.00448001 0 0 0 0 0 8.68779e-11 1.33495 98.665 
473487 1471887 0 0.00461323 0 0 0 0 0 1.65277e-10 1.52142 98.4786 
475487 1471887 0 0.00474863 0 0 0 0 0 3.07711e-10 1.72622 98.2738 
477487 1471887 0 0.0048861 0 0 0 0 0 5.60654e-10 1.94984 98.0502 
479487 1471887 0 0.00502548 0 0 0 0 0 9.99684e-10 2.19256 97.8074 
481487 1471887 0 0.0051666 0 0 0 0 0 1.74437e-09 2.4544 97.5456 
483487 1471887 0 0.00530924 0 0 0 0 0 2.97865e-09 2.73514 97.2649 
485487 1471887 0 0.00545315 0 0 0 0 0 4.97739e-09 3.03424 96.9658 
487487 1471887 0 0.00559803 0 0 0 0 0 8.13918e-09 3.35083 96.6492 
489487 1471887 0 0.00574356 0 0 0 0 0 1.30244e-08 3.68372 96.3163 
491487 1471887 0 0.00588932 0 0 0 0 0 2.03953e-08 4.03138 95.9686 
493487 1471887 0 0.00603489 0 0 0 0 0 3.12537e-08 4.39194 95.6081 
495487 1471887 0 0.00617976 0 0 0 0 0 4.68677e-08 4.76319 95.2368 
497487 1471887 0 0.00632339 0 0 0 0 0 6.87785e-08 5.1426 94.8574 
499487 1471887 0 0.00646515 0 0 0 0 0 9.87742e-08 5.52737 94.4726 
501487 1471887 0 0.0066044 0 0 0 0 0 1.38821e-07 5.91444 94.0856 
503487 1471887 0 0.00674042 0 0 0 0 0 1.90938e-07 6.30052 93.6995 
505487 1471887 0 0.00687247 0 0 0 0 0 2.57021e-07 6.68219 93.3178 
507487 1471887 0 0.00699975 0 0 0 0 0 3.38606e-07 7.05589 92.9441 
509487 1471887 0 0.00712144 0 0 0 0 0 4.36596e-07 7.41801 92.582 
511487 1471887 0 0.00723672 0 0 0 0 0 5.50981e-07 7.76495 92.235 
513487 1471887 0 0.00734474 0 0 0 0 0 6.80578e-07 8.09317 91.9068 
515487 1471887 0 0.00744468 0 0 0 0 0 8.22839e-07 8.39923 91.6008 
517487 1471887 0 0.00753574 0 0 0 0 0 9.73776e-07 8.67989 91.3201 
519487 1471887 0 0.00761715 0 0 0 0 0 1.12804e-06 8.93211 91.0679 
521487 1471887 0 0.00768821 0 0 0 0 0 1.27913e-06 9.15316 90.8468 
523487 1471887 0 0.00774828 0 0 0 0 0 1.41986e-06 9.3406 90.6594 
525487 1471887 0 0.00779679 0 0 0 0 0 1.54285e-06 9.49234 90.5077 
527487 1471887 0 0.00783331 0 0 0 0 0 1.64117e-06 9.60669 90.3933 
529487 1471887 0 0.00785747 0 0 0 0 0 1.70901e-06 9.68238 90.3176 
531487 1471887 0 0.00786904 0 0 0 0 0 1.74219e-06 9.71855 90.2815 
533487 1471887 0 0.00786791 0 0 0 0 0 1.73864e-06 9.71479 90.2852 
535487 1471887 0 0.00785409 0 0 0 0 0 1.69858e-06 9.67116 90.3288 
537487 1471887 0 0.00782772 0 0 0 0 0 1.62452e-06 9.58813 90.4119 
539487 1471887 0 0.00778905 0 0 0 0 0 1.52097e-06 9.46664 90.5334 
541487 1471887 0 0.00773845 0 0 0 0 0 1.39402e-06 9.30806 90.6919 
543487 1471887 0 0.0076764 0 0 0 0 0 1.25073e-06 9.11414 90.8859 
545487 1471887 0 0.00760346 0 0 0 0 0 1.09848e-06 8.88705 91.113 
547487 1471887 0 0.0075203 0 0 0 0 0 9.4439e-07 8.62926 91.3707 
549487 1471887 0 0.00742762 0 0 0 0 0 7.94742e-07 8.3436 91.6564 
551487 1471887 0 0.0073262 0 0 0 0 0 6.54646e-07 8.03313 91.9669 
553487 1471887 0 0.00721685 0 0 0 0 0 5.27813e-07 7.70114 92.2989 
555487 1471887 0 0.0071004 0 0 0 0 0 4.1652e-07 7.35108 92.6489 
557487 1471887 0 0.00697769 0 0 0 0 0 3.21708e-07 6.98651 93.0135 
559487 1471887 0 0.00684953 0 0 0 0 0 2.4319e-07 6.61105 93.389 
561487 1471887 0 0.00671676 0 0 0 0 0 1.79918e-07 6.22829 93.7717 
563487 1471887 0 0.00658015 0 0 0 0 0 1.30269e-07 5.84177 94.1582 
565487 1471887 0 0.00644044 0 0 0 0 0 9.23069e-08 5.45489 94.5451 
567487 1471887 0 0.00629833 0 0 0 0 0 6.40096e-08 5.07091 94.9291 
569487 1471887 0 0.00615448 0 0 0 0 0 4.34378e-08 4.69283 95.3072 
571487 1471887 0 0.00600949 0 0 0 0 0 2.88466e-08 4.32341 95.6766 
573487 1471887 0 0.00586389 0 0 0 0 0 1.87466e-08 3.96512 96.0349 
575487 1471887 0 0.00571817 0 0 0 0 0 1.1922e-08 3.62011 96.3799 
577487 1471887 0 0.00557277 0 0 0 0 0 7.41948e-09 3.29017 96.7098 
579487 1471887 0 0.00542807 0 0 0 0 0 4.5185e-09 2.97679 97.0232 
581487 1471887 0 0.0052844 0 0 0 0 0 2.69285e-09 2.68109 97.3189 
583487 1471887 0 0.00514205 0 0 0 0 0 1.57048e-09 2.40386 97.5961 
585487 1471887 0 0.00500125 0 0 0 0 0 8.9631e-10 2.1456 97.8544 
587487 1471887 0 0.00486223 0 0 0 0 0 5.00604e-10 1.90648 98.0935 
589487 1471887 0 0.00472515 0 0 0 0 0 2.73619e-10 1.68642 98.3136 
591487 1471887 0 0.00459015 0 0 0 0 0 1.4636e-10 1.4851 98.5149 
593487 1471887 0 0.00445735 0 0 0 0 0 7.66172e-11 1.30201 98.698 
595487 1471887 0 0.00432685 0 0 0 0 0 3.92527e-11 1.13643 98.8636 
597487 1471887 0 0.00419872 0 0 0 0 0 1.96815e-11 0.987528 99.0125 
599487 1471887 0 0.00407301 0 0 0 0 0 9.6583e-12 0.854373 99.1456 
601487 1471887 0 0.00394979 0 0 0 0 0 4.63879e-12 0.735941 99.2641 
603487 1471887 0 0.00382907 0 0 0 0 0 2.18062e-12 0.631168 99.3688 
605487 1471887 0 0.00371088 0 0 0 0 0 1.0033e-12 0.538966 99.461 
607487 1471887 0 0.00359525 0 0 0 0 0 4.51823e-13 0.458248 99.5418 
609487 1471887 0 0.00348217 0 0 0 0 0 1.99158e-13 0.387944 99.6121 
611487 1471887 0 0.00337166 0 0 0 0 0 8.59261e-14 0.327022 99.673 
613487 1471887 0 0.00326371 0 0 0 0 0 3.62875e-14 0.274492 99.7255 
615487 1471887 0 0.00315831 0 0 0 0 0 1.50003e-14 0.229421 99.7706 
617487 1471887 0 0.00305546 0 0 0 0 0 6.06959e-15 0.190939 99.8091 
619487 1471887 0 0.00295515 0 0 0 0 0 2.40402e-15 0.158241 99.8418 
621487 1471887 0 0.00285736 0 0 0 0 0 9.32056e-16 0.130591 99.8694 
623487 1471887 0 0.00276208 0 0 0 0 0 3.53731e-16 0.10732 99.8927 
625487 1471887 0 0.00266927 0 0 0 0 0 1.31412e-16 0.0878269 99.9122 
627487 1471887 0 0.00257893 0 0 0 0 0 4.77895e-17 0.0715739 99.9284 
629487 1471887 0 0.00249101 0 0 0 0 0 1.70124e-17 0.0580855 99.9419 
433487 1469887 0 0.00249693 0 0 0 0 0 1.87296e-17 0.059168 99.9408 
435487 1469887 0 0.00258672 0 0 0 0 0 5.3536e-17 0.0731672 99.9268 
437487 1469887 0 0.00267911 0 0 0 0 0 1.49797e-16 0.0901019 99.9099 
439487 1469887 0 0.00277415 0 0 0 0 0 4.10293e-16 0.110493 99.8895 
441487 1469887 0 0.00287187 0 0 0 0 0 1.10007e-15 0.134933 99.8651 
443487 1469887 0 0.0029723 0 0 0 0 0 2.88718e-15 0.164087 99.8359 
445487 1469887 0 0.00307549 0 0 0 0 0 7.41744e-15 0.198702 99.8013 
447487 1469887 0 0.00318146 0 0 0 0 0 1.86534e-14 0.239604 99.7604 
449487 1469887 0 0.00329024 0 0 0 0 0 4.59174e-14 0.287704 99.7123 
451487 1469887 0 0.00340186 0 0 0 0 0 1.10639e-13 0.343993 99.656 
453487 1469887 0 0.00351636 0 0 0 0 0 2.60943e-13 0.409542 99.5905 
455487 1469887 0 0.00363375 0 0 0 0 0 6.02393e-13 0.485496 99.5145 
457487 1469887 0 0.00375406 0 0 0 0 0 1.36115e-12 0.573062 99.4269 
459487 1469887 0 0.00387731 0 0 0 0 0 3.01035e-12 0.673501 99.3265 
461487 1469887 0 0.0040035 0 0 0 0 0 6.51632e-12 0.78811 99.2119 
463487 1469887 0 0.00413266 0 0 0 0 0 1.38056e-11 0.918202 99.0818 
465487 1469887 0 0.00426478 0 0 0 0 0 2.86263e-11 1.06508 98.9349 
467487 1469887 0 0.00439985 0 0 0 0 0 5.80929e-11 1.23001 98.77 
469487 1469887 0 0.00453785 0 0 0 0 0 1.15377e-10 1.4142 98.5858 
471487 1469887 0 0.00467875 0 0 0 0 0 2.24259e-10 1.61873 98.3813 
473487 1469887 0 0.00482249 0 0 0 0 0 4.26578e-10 1.84457 98.1554 
475487 1469887 0 0.00496901 0 0 0 0 0 7.94073e-10 2.09247 97.9075 
477487 1469887 0 0.0051182 0 0 0 0 0 1.44653e-09 2.363 97.637 
479487 1469887 0 0.00526994 0 0 0 0 0 2.57865e-09 2.65644 97.3436 
481487 1469887 0 0.00542405 0 0 0 0 0 4.4983e-09 2.97276 97.0272 
483487 1469887 0 0.00558033 0 0 0 0 0 7.67876e-09 3.31162 96.6884 
485487 1469887 0 0.00573853 0 0 0 0 0 1.28268e-08 3.6723 96.3277 
487487 1469887 0 0.00589835 0 0 0 0 0 2.09664e-08 4.0537 95.9463 
489487 1469887 0 0.00605941 0 0 0 0 0 3.35359e-08 4.4543 95.5457 
491487 1469887 0 0.00622129 0 0 0 0 0 5.24901e-08 4.87219 95.1278 
493487 1469887 0 0.00638351 0 0 0 0 0 8.03951e-08 5.30506 94.6949 
495487 1469887 0 0.0065455 0 0 0 0 0 1.20495e-07 5.75018 94.2498 
497487 1469887 0 0.00670663 0 0 0 0 0 1.76729e-07 6.20449 93.7955 
499487 1469887 0 0.00686621 0 0 0 0 0 2.53657e-07 6.66459 93.3354 
501487 1469887 0 0.00702345 0 0 0 0 0 3.56288e-07 7.12678 92.8732 
503487 1469887 0 0.00717753 0 0 0 0 0 4.89756e-07 7.58716 92.4128 
505487 1469887 0 0.00732755 0 0 0 0 0 6.58864e-07 8.04162 91.9584 
507487 1469887 0 0.00747256 0 0 0 0 0 8.67487e-07 8.48597 91.514 
509487 1469887 0 0.00761158 0 0 0 0 0 1.11788e-06 8.91597 91.084 
511487 1469887 0 0.0077436 0 0 0 0 0 1.40996e-06 9.32739 90.6726 
513487 1469887 0 0.00786761 0 0 0 0 0 1.74067e-06 9.71611 90.2839 
515487 1469887 0 0.00798259 0 0 0 0 0 2.10346e-06 10.0782 89.9218 
517487 1469887 0 0.00808755 0 0 0 0 0 2.48815e-06 10.4098 89.5902 
519487 1469887 0 0.00818155 0 0 0 0 0 2.8811e-06 10.7075 89.2925 
521487 1469887 0 0.00826372 0 0 0 0 0 3.2658e-06 10.9682 89.0318 
523487 1469887 0 0.00833327 0 0 0 0 0 3.62397e-06 11.1891 88.8109 
525487 1469887 0 0.00838951 0 0 0 0 0 3.93687e-06 11.3678 88.6322 
527487 1469887 0 0.00843187 0 0 0 0 0 4.18695e-06 11.5024 88.4976 
529487 1469887 0 0.00845991 0 0 0 0 0 4.35945e-06 11.5914 88.4085 
531487 1469887 0 0.00847334 0 0 0 0 0 4.44381e-06 11.634 88.366 
533487 1469887 0 0.00847202 0 0 0 0 0 4.43479e-06 11.6296 88.3704 
535487 1469887 0 0.00845597 0 0 0 0 0 4.33293e-06 11.5782 88.4218 
537487 1469887 0 0.00842536 0 0 0 0 0 4.14459e-06 11.4805 88.5195 
539487 1469887 0 0.00838049 0 0 0 0 0 3.8812e-06 11.3375 88.6625 
541487 1469887 0 0.00832184 0 0 0 0 0 3.5582e-06 11.1508 88.8492 
543487 1469887 0 0.00825 0 0 0 0 0 3.19349e-06 10.9222 89.0778 
545487 1469887 0 0.00816567 0 0 0 0 0 2.80582e-06 10.6543 89.3457 
547487 1469887 0 0.00806966 0 0 0 0 0 2.41326e-06 10.35 89.65 
549487 1469887 0 0.00796287 0 0 0 0 0 2.03181e-06 10.0124 89.9876 
551487 1469887 0 0.00784623 0 0 0 0 0 1.6745e-06 9.64502 90.355 
553487 1469887 0 0.00772075 0 0 0 0 0 1.35081e-06 9.25173 90.7483 
555487 1469887 0 0.00758743 0 0 0 0 0 1.06659e-06 8.83651 91.1635 
557487 1469887 0 0.0074473 0 0 0 0 0 8.24282e-07 8.4035 91.5965 
559487 1469887 0 0.00730136 0 0 0 0 0 6.23474e-07 7.95694 92.0431 
561487 1469887 0 0.00715059 0 0 0 0 0 4.6154e-07 7.50105 92.4989 
563487 1469887 0 0.00699593 0 0 0 0 0 3.34376e-07 7.04004 92.96 
565487 1469887 0 0.00683825 0 0 0 0 0 2.37074e-07 6.57795 93.422 
567487 1469887 0 0.00667839 0 0 0 0 0 1.64492e-07 6.11868 93.8813 
569487 1469887 0 0.0065171 0 0 0 0 0 1.11688e-07 5.66585 94.3342 
571487 1469887 0 0.00635506 0 0 0 0 0 7.42101e-08 5.22281 94.7772 
573487 1469887 0 0.00619291 0 0 0 0 0 4.82512e-08 4.79257 95.2074 
575487 1469887 0 0.00603118 0 0 0 0 0 3.06999e-08 4.37777 95.6222 
577487 1469887 0 0.00587036 0 0 0 0 0 1.91138e-08 3.98064 96.0194 
579487 1469887 0 0.00571085 0 0 0 0 0 1.16449e-08 3.60304 96.397 
581487 1469887 0 0.00555301 0 0 0 0 0 6.94237e-09 3.24638 96.7536 
583487 1469887 0 0.00539713 0 0 0 0 0 4.05007e-09 2.91171 97.0883 
585487 1469887 0 0.00524346 0 0 0 0 0 2.31209e-09 2.59967 97.4003 
587487 1469887 0 0.0050922 0 0 0 0 0 1.29164e-09 2.31055 97.6895 
589487 1469887 0 0.00494351 0 0 0 0 0 7.06114e-10 2.0443 97.9557 
591487 1469887 0 0.0047975 0 0 0 0 0 3.7776e-10 1.80058 98.1994 
593487 1469887 0 0.00465428 0 0 0 0 0 1.97775e-10 1.57881 98.4212 
595487 1469887 0 0.00451392 0 0 0 0 0 1.01333e-10 1.37817 98.6218 
597487 1469887 0 0.00437645 0 0 0 0 0 5.08112e-11 1.19768 98.8023 
599487 1469887 0 0.00424193 0 0 0 0 0 2.49351e-11 1.03623 98.9638 
601487 1469887 0 0.00411035 0 0 0 0 0 1.1976e-11 0.892597 99.1074 
603487 1469887 0 0.00398173 0 0 0 0 0 5.62957e-12 0.765508 99.2345 
605487 1469887 0 0.00385607 0 0 0 0 0 2.59003e-12 0.653655 99.3463 
607487 1469887 0 0.00373336 0 0 0 0 0 1.16631e-12 0.555726 99.4443 
609487 1469887 0 0.00361357 0 0 0 0 0 5.14049e-13 0.470431 99.5296 
611487 1469887 0 0.0034967 0 0 0 0 0 2.21763e-13 0.396517 99.6035 
613487 1469887 0 0.00338272 0 0 0 0 0 9.36429e-14 0.332787 99.6672 
615487 1469887 0 0.0032716 0 0 0 0 0 3.8705e-14 0.278111 99.7219 
617487 1469887 0 0.00316332 0 0 0 0 0 1.56593e-14 0.231432 99.7686 
619487 1469887 0 0.00305785 0 0 0 0 0 6.20145e-15 0.191774 99.8082 
621487 1469887 0 0.00295515 0 0 0 0 0 2.40402e-15 0.158241 99.8418 
623487 1469887 0 0.0028552 0 0 0 0 0 9.12244e-16 0.130024 99.87 
625487 1469887 0 0.00275796 0 0 0 0 0 3.38855e-16 0.106391 99.8936 
627487 1469887 0 0.00266338 0 0 0 0 0 1.23211e-16 0.086689 99.9133 
629487 1469887 0 0.00257145 0 0 0 0 0 4.38555e-17 0.0703411 99.9297 
