#EAST NORTH ELEV Kg/m^2 [-4.5->-4.07143) [-4.07143->-3.64286) [-3.64286->-3.21429) [-3.21429->-2.78571) [-2.78571->-2.35714) [-2.35714->-1.92857) [-1.92857->-1.5) [-1.5->-1.07143) [-1.07143->-0.642857) [-0.642857->-0.214286) [-0.214286->0.214286) [0.214286->0.642857) [0.642857->1.07143) [1.07143->1.5) [1.5->1.92857) [1.92857->2.35714) [2.35714->2.78571) [2.78571->3.21429) [3.21429->3.64286) [3.64286->4.07143) [4.07143->4.5) (percent)
433487 1479887 0 0.118448 0 0 0 0 0 0 0 0 0 2.02461e-281 1.86885e-195 1.2804e-127 7.68303e-80 7.20906e-48 1.90374e-27 6.10609e-15 2.35607e-07 0.0328826 11.7186 49.4331 38.8154 
435487 1479887 0 0.12238 0 0 0 0 0 0 0 0 0 1.24952e-275 2.03488e-191 5.74268e-125 3.63229e-78 7.54611e-47 7.59649e-27 1.34711e-14 3.61084e-07 0.0391537 12.2389 49.4215 38.3005 
437487 1479887 0 0.126437 0 0 0 0 0 0 0 0 0 5.86774e-270 1.83098e-187 2.27195e-122 1.58621e-76 7.52572e-46 2.94582e-26 2.92357e-14 5.48455e-07 0.0464441 12.7678 49.3954 37.7903 
439487 1479887 0 0.130618 0 0 0 0 0 0 0 0 0 2.09667e-264 1.3615e-183 7.92879e-120 6.39849e-75 7.15088e-45 1.11018e-25 6.24161e-14 8.25639e-07 0.0548837 13.3044 49.3555 37.2853 
441487 1479887 0 0.134927 0 0 0 0 0 0 0 0 0 5.7007e-259 8.36656e-180 2.44086e-117 2.3842e-73 6.47386e-44 4.0661e-25 1.31087e-13 1.23185e-06 0.064612 13.8478 49.3019 36.7856 
443487 1479887 0 0.139364 0 0 0 0 0 0 0 0 0 1.17943e-253 4.24893e-176 6.62854e-115 8.20657e-72 5.58428e-43 1.44732e-24 2.70832e-13 1.82158e-06 0.0757781 14.3973 49.2353 36.2916 
445487 1479887 0 0.14393 0 0 0 0 0 0 0 0 9.63428e-320 1.85682e-248 1.78329e-172 1.58795e-112 2.60943e-70 4.58963e-42 5.00679e-24 5.50459e-13 2.66969e-06 0.0885395 14.952 49.156 35.8035 
447487 1479887 0 0.148626 0 0 0 0 0 0 0 0 4.36611e-313 2.22448e-243 6.18562e-169 3.35592e-110 7.6648e-69 3.59419e-41 1.68331e-23 1.10062e-12 3.87796e-06 0.103061 15.5108 49.0646 35.3216 
449487 1479887 0 0.153451 0 0 0 0 0 0 0 0 1.01266e-306 2.02795e-238 1.77325e-165 6.25674e-108 2.07988e-67 2.68192e-40 5.50029e-23 2.16492e-12 5.58312e-06 0.119516 16.0727 48.9615 34.8463 
451487 1479887 0 0.158405 0 0 0 0 0 0 0 0 1.65451e-300 1.4069e-233 4.2014e-162 1.0291e-105 5.21394e-66 1.90685e-39 1.74674e-22 4.1893e-12 7.96682e-06 0.138079 16.6369 48.8473 34.3777 
453487 1479887 0 0.163488 0 0 0 0 0 0 0 0 1.90422e-294 7.42773e-229 8.22738e-159 1.4933e-103 1.20752e-64 1.29188e-38 5.39135e-22 7.97516e-12 1.12676e-05 0.158929 17.2023 48.7226 33.9163 
455487 1479887 0 0.168697 0 0 0 0 0 0 0 0 1.5439e-288 2.98432e-224 1.33163e-155 1.91175e-101 2.58364e-63 8.34007e-38 1.61733e-21 1.49362e-11 1.5795e-05 0.182247 17.7677 48.5879 33.4621 
457487 1479887 0 0.17403 0 0 0 0 0 0 0 0 8.81822e-283 9.12519e-220 1.78143e-152 2.15933e-99 5.10727e-62 5.13057e-37 4.71557e-21 2.75199e-11 2.19458e-05 0.20821 18.3322 48.4439 33.0156 
459487 1479887 0 0.179486 0 0 0 0 0 0 0 0 3.54827e-277 2.12351e-215 1.96983e-149 2.15188e-97 9.32774e-61 3.00759e-36 1.33632e-20 4.98845e-11 3.02228e-05 0.23699 18.8948 48.2912 32.577 
461487 1479887 0 0.185059 0 0 0 0 0 0 0 0 1.00585e-271 3.76092e-211 1.80042e-146 1.8921e-95 1.574e-59 1.6801e-35 3.68074e-20 8.8961e-11 4.12544e-05 0.26875 19.4542 48.1305 32.1466 
463487 1479887 0 0.190745 0 0 0 0 0 0 0 0 2.00885e-266 5.06957e-207 1.36024e-143 1.46793e-93 2.45404e-58 8.9438e-35 9.85397e-20 1.56082e-10 5.58165e-05 0.303642 20.0095 47.9623 31.7245 
465487 1479887 0 0.19654 0 0 0 0 0 0 0 0 2.82662e-261 5.20114e-203 8.49504e-141 1.00488e-91 3.53524e-57 4.5372e-34 2.56415e-19 2.6942e-10 7.48541e-05 0.341803 20.5595 47.7875 31.3111 
467487 1479887 0 0.202437 0 0 0 0 0 0 0 3.02121e-318 2.80222e-256 4.0615e-199 4.38566e-138 6.06995e-90 4.70574e-56 2.19351e-33 6.48543e-19 4.57546e-10 9.95025e-05 0.383347 21.1034 47.6066 30.9066 
469487 1479887 0 0.208429 0 0 0 0 0 0 0 3.01552e-312 1.95735e-251 2.41406e-195 1.8717e-135 3.2354e-88 5.78786e-55 1.01061e-32 1.59442e-18 7.64491e-10 0.000131106 0.428367 21.6399 47.4203 30.5113 
471487 1479887 0 0.214508 0 0 0 0 0 0 0 1.96993e-306 9.63332e-247 1.09218e-191 6.60364e-133 1.5218e-86 6.57809e-54 4.43741e-32 3.81011e-18 1.25675e-09 0.000171231 0.476927 22.1681 47.2295 30.1253 
473487 1479887 0 0.220665 0 0 0 0 0 0 0 8.33974e-301 3.34071e-242 3.76134e-188 1.92614e-130 6.31659e-85 6.90852e-53 1.85688e-31 8.85017e-18 2.03266e-09 0.000221678 0.52906 22.6869 47.0348 29.749 
475487 1479887 0 0.226889 0 0 0 0 0 0 0 2.28814e-295 8.16336e-238 9.86056e-185 4.64478e-128 2.31377e-83 6.70476e-52 7.40547e-31 1.99825e-17 3.23466e-09 0.000284475 0.584762 23.1956 46.8369 29.3825 
477487 1479887 0 0.233168 0 0 0 0 0 0 0 4.06869e-290 1.40567e-233 1.96783e-181 9.26035e-126 7.47969e-82 6.0132e-51 2.81478e-30 4.38569e-17 5.06459e-09 0.000361871 0.643991 23.693 46.6365 29.0261 
479487 1479887 0 0.239491 0 0 0 0 0 0 0 4.68901e-285 1.70565e-229 2.98959e-178 1.52647e-123 2.13395e-80 4.98382e-50 1.01969e-29 9.35665e-17 7.80219e-09 0.000456304 0.706661 24.1783 46.4345 28.6801 
481487 1479887 0 0.245843 0 0 0 0 0 0 0 3.5025e-280 1.45851e-225 3.45773e-175 2.08048e-121 5.37325e-79 3.81738e-49 3.5207e-29 1.94046e-16 1.18263e-08 0.000570364 0.772643 24.6508 46.2315 28.3445 
483487 1479887 0 0.252208 0 0 0 0 0 0 0 1.69574e-275 8.78928e-222 3.04467e-172 2.3446e-119 1.19414e-77 2.70224e-48 1.1586e-28 3.91196e-16 1.7638e-08 0.000706725 0.841759 25.1095 46.0284 28.0197 
485487 1479887 0 0.258571 0 0 0 0 0 0 0 5.32158e-271 3.73282e-218 2.04114e-169 2.18482e-117 2.34235e-76 1.76786e-47 3.63408e-28 7.66649e-16 2.58835e-08 0.000868071 0.913782 25.5538 45.8258 27.7058 
487487 1479887 0 0.264914 0 0 0 0 0 0 0 1.08252e-266 1.11731e-214 1.04185e-166 1.68353e-115 4.05546e-75 1.06893e-46 1.08646e-27 1.46055e-15 3.73742e-08 0.00105699 0.988438 25.9829 45.6245 27.4031 
489487 1479887 0 0.271218 0 0 0 0 0 0 2.54487e-316 1.42745e-262 2.35713e-211 4.04901e-164 1.07276e-113 6.19779e-74 5.97365e-46 3.096e-27 2.70496e-15 5.31011e-08 0.00127586 1.0654 26.3962 45.4253 27.1119 
491487 1479887 0 0.277463 0 0 0 0 0 0 1.36171e-311 1.2202e-258 3.50492e-208 1.19819e-161 5.65289e-112 8.36089e-73 3.08551e-45 8.40937e-27 4.87007e-15 7.42374e-08 0.00152671 1.1443 26.7932 45.2289 26.8322 
493487 1479887 0 0.283629 0 0 0 0 0 0 4.32655e-307 6.76177e-255 3.67345e-205 2.69989e-159 2.46345e-110 9.9564e-72 1.47307e-44 2.17725e-26 8.52402e-15 1.02126e-07 0.00181108 1.22471 27.1732 45.036 26.5643 
495487 1479887 0 0.289692 0 0 0 0 0 0 8.16335e-303 2.42922e-251 2.71386e-202 4.63263e-157 8.87841e-109 1.04664e-70 6.50033e-44 5.37331e-26 1.45042e-14 1.38244e-07 0.00212985 1.30618 27.5359 44.8475 26.3084 
497487 1479887 0 0.295631 0 0 0 0 0 0 9.14698e-299 5.65805e-248 1.41329e-199 6.05321e-155 2.64644e-107 9.71307e-70 2.65141e-43 1.26407e-25 2.39934e-14 1.84145e-07 0.00248313 1.38819 27.8807 44.6639 26.0646 
499487 1479887 0 0.301421 0 0 0 0 0 0 6.08675e-295 8.54422e-245 5.18829e-197 6.02333e-153 6.52436e-106 7.95769e-69 9.99667e-43 2.8347e-25 3.85871e-14 2.41371e-07 0.00287006 1.47022 28.2074 44.4862 25.8333 
501487 1479887 0 0.307039 0 0 0 0 0 0 2.40551e-291 8.36568e-242 1.3427e-194 4.56451e-151 1.33039e-104 5.75577e-68 3.48402e-42 6.05969e-25 6.03324e-14 3.11331e-07 0.00328874 1.55169 28.5156 44.3148 25.6146 
503487 1479887 0 0.31246 0 0 0 0 0 0 5.64621e-288 5.31089e-239 2.44971e-192 2.63435e-149 2.24387e-103 3.67551e-67 1.12244e-41 1.23484e-24 9.17113e-14 3.95167e-07 0.00373612 1.63201 28.8051 44.1505 25.4086 
505487 1479887 0 0.317659 0 0 0 0 0 0 7.87137e-285 2.18618e-236 3.15095e-190 1.15795e-147 3.13047e-102 2.07225e-66 3.34277e-41 2.39881e-24 1.35539e-13 4.93587e-07 0.00420794 1.71057 29.0756 43.994 25.2156 
507487 1479887 0 0.322611 0 0 0 0 0 0 6.5178e-282 5.83541e-234 2.85743e-188 3.87665e-146 3.61267e-101 1.03155e-65 9.20292e-41 4.44233e-24 1.94751e-13 6.06704e-07 0.00469873 1.78677 29.327 43.8459 25.0356 
509487 1479887 0 0.327292 0 0 0 0 0 0 3.20571e-279 1.01004e-231 1.82696e-186 9.88527e-145 3.44878e-100 4.53384e-65 2.34221e-40 7.8426e-24 2.72067e-13 7.3388e-07 0.00520186 1.85997 29.5591 43.7068 24.869 
511487 1479887 0 0.331679 0 0 0 0 0 0 9.36549e-277 1.13369e-229 8.23603e-185 1.91999e-143 2.72354e-99 1.75949e-64 5.51078e-40 1.31993e-23 3.69535e-13 8.736e-07 0.00570964 1.92957 29.7718 43.5772 24.7157 
513487 1479887 0 0.335747 0 0 0 0 0 0 1.6253e-274 8.25202e-228 2.6179e-183 2.84051e-142 1.77929e-98 6.02921e-64 1.19866e-39 2.11782e-23 4.88005e-13 1.0234e-06 0.00621348 1.99496 29.965 43.4577 24.5761 
515487 1479887 0 0.339474 0 0 0 0 0 0 1.67551e-272 3.89531e-226 5.86739e-182 3.20109e-141 9.61639e-98 1.82429e-63 2.41036e-39 3.23949e-23 6.26593e-13 1.17984e-06 0.00670411 2.05559 30.1388 43.3488 24.4501 
517487 1479887 0 0.34284 0 0 0 0 0 0 1.02607e-270 1.19248e-224 9.27269e-181 2.74795e-140 4.29974e-97 4.87415e-63 4.48101e-39 4.72413e-23 7.82249e-13 1.33861e-06 0.00717184 2.11089 30.293 43.251 24.3379 
519487 1479887 0 0.345826 0 0 0 0 0 1.08694e-319 3.73284e-269 2.36756e-223 1.03334e-179 1.79698e-139 1.59054e-96 1.14995e-62 7.70164e-39 6.5679e-23 9.49522e-13 1.49466e-06 0.0076069 2.16038 30.4277 43.1646 24.2397 
521487 1479887 0 0.348414 0 0 0 0 0 3.46982e-318 8.06747e-268 3.04856e-222 8.12028e-179 8.95174e-139 4.86777e-96 2.39576e-62 1.2238e-38 8.70554e-23 1.12065e-12 1.64244e-06 0.00799972 2.20359 30.5429 43.09 24.1555 
523487 1479887 0 0.350588 0 0 0 0 0 7.15703e-317 1.03581e-266 2.54592e-221 4.49978e-178 3.39711e-138 1.23255e-95 4.40754e-62 1.79787e-38 1.1001e-22 1.286e-12 1.77621e-06 0.00834133 2.24011 30.6385 43.0276 24.0854 
525487 1479887 0 0.352335 0 0 0 0 0 7.96772e-316 7.9009e-266 1.37897e-220 1.75838e-177 9.82098e-138 2.58208e-95 7.16049e-62 2.44192e-38 1.32537e-22 1.43489e-12 1.89045e-06 0.00862364 2.26961 30.7147 42.9776 24.0296 
527487 1479887 0 0.353645 0 0 0 0 0 4.78308e-315 3.58038e-265 4.84427e-220 4.84553e-177 2.16296e-137 4.47543e-95 1.02728e-61 3.06645e-38 1.52235e-22 1.55672e-12 1.98017e-06 0.00883982 2.2918 30.7713 42.9401 23.9879 
529487 1479887 0 0.35451 0 0 0 0 0 1.5483e-314 9.63922e-265 1.10376e-219 9.41626e-177 3.62908e-137 6.41805e-95 1.30147e-61 3.56016e-38 1.66712e-22 1.64216e-12 2.0413e-06 0.00898451 2.30647 30.8085 42.9155 23.9606 
531487 1479887 0 0.354924 0 0 0 0 0 2.70259e-314 1.54176e-264 1.63114e-219 1.29041e-176 4.63874e-137 7.6151e-95 1.45607e-61 3.82153e-38 1.74058e-22 1.68435e-12 2.07099e-06 0.00905409 2.31348 30.8261 42.9038 23.9475 
533487 1479887 0 0.354884 0 0 0 0 0 2.54377e-314 1.46507e-264 1.56344e-219 1.24707e-176 4.5171e-137 7.47573e-95 1.43858e-61 3.7926e-38 1.73259e-22 1.67982e-12 2.06784e-06 0.00904681 2.31276 30.8244 42.905 23.9488 
535487 1479887 0 0.354391 0 0 0 0 0 1.29107e-314 8.27113e-265 9.71952e-220 8.49904e-177 3.35101e-137 6.07209e-95 1.25513e-61 3.47993e-38 1.64426e-22 1.62895e-12 2.032e-06 0.00896284 2.30431 30.8031 42.9191 23.9645 
537487 1479887 0 0.353448 0 0 0 0 0 3.53341e-315 2.77417e-265 3.91905e-220 4.08469e-177 1.89386e-137 4.08062e-95 9.6704e-62 2.95214e-38 1.48773e-22 1.53592e-12 1.96517e-06 0.0088043 2.28823 30.7624 42.9461 23.9944 
539487 1479887 0 0.352061 0 0 0 0 0 5.21445e-316 5.52792e-266 1.02491e-220 1.38439e-177 8.15401e-138 2.26891e-95 6.57964e-62 2.31544e-38 1.28336e-22 1.40812e-12 1.87044e-06 0.00857517 2.26466 30.7022 42.9859 24.0386 
541487 1479887 0 0.350238 0 0 0 0 0 4.14971e-317 6.54405e-267 1.73842e-221 3.30874e-178 2.6745e-138 1.04377e-95 3.95327e-62 1.67903e-38 1.05547e-22 1.25522e-12 1.75207e-06 0.00828108 2.23382 30.6226 43.0382 24.0971 
543487 1479887 0 0.347991 0 0 0 0 0 1.79049e-318 4.60237e-268 1.91242e-222 5.57657e-179 6.68279e-139 3.97271e-96 2.09751e-62 1.12567e-38 8.27581e-23 1.08796e-12 1.61518e-06 0.00792915 2.19602 30.5234 43.1029 24.1698 
545487 1479887 0 0.345333 0 0 0 0 0 3.55727e-320 1.92292e-269 1.36448e-223 6.62772e-180 1.27206e-139 1.25099e-96 9.82744e-63 6.97722e-39 6.18647e-23 9.16872e-13 1.46539e-06 0.00752764 2.15161 30.4046 43.1797 24.2565 
547487 1479887 0 0.34228 0 0 0 0 0 0 4.77284e-271 6.31383e-225 5.55452e-181 1.84454e-140 3.25914e-97 4.06592e-63 3.99828e-39 4.40898e-23 7.51293e-13 1.30841e-06 0.00708566 2.101 30.2664 43.2683 24.3573 
549487 1479887 0 0.338849 0 0 0 0 0 0 7.03752e-273 1.89477e-226 3.28251e-182 2.03746e-141 7.02462e-98 1.48543e-63 2.11824e-39 2.99567e-23 5.98564e-13 1.14971e-06 0.00661285 2.04467 30.1086 43.3682 24.4719 
551487 1479887 0 0.335061 0 0 0 0 0 0 6.16424e-275 3.68762e-228 1.36783e-183 1.71435e-142 1.25258e-98 4.79197e-64 1.0375e-39 1.94046e-23 4.63669e-13 9.94228e-07 0.006119 1.98311 29.9313 43.4791 24.6004 
553487 1479887 0 0.330937 0 0 0 0 0 0 3.20735e-277 4.65426e-230 4.01896e-185 1.09877e-143 1.84773e-99 1.36501e-64 4.69783e-40 1.1983e-23 3.49219e-13 8.46116e-07 0.00561373 1.91689 29.7345 43.6005 24.7425 
555487 1479887 0 0.326498 0 0 0 0 0 0 9.91306e-280 3.80942e-232 8.32605e-187 5.36419e-145 2.25483e-100 3.43326e-65 1.96654e-40 7.05461e-24 2.55727e-13 7.08626e-07 0.0051062 1.84657 29.5183 43.7318 24.8982 
557487 1479887 0 0.321768 0 0 0 0 0 0 1.81991e-282 2.02189e-234 1.21618e-188 1.99469e-146 2.27624e-101 7.62464e-66 7.6102e-41 3.95931e-24 1.8207e-13 5.8404e-07 0.00460484 1.77277 29.2827 43.8727 25.0673 
559487 1479887 0 0.316771 0 0 0 0 0 0 1.98456e-285 6.95882e-237 1.25248e-190 5.64949e-148 1.90082e-102 1.49507e-66 2.7225e-41 2.11837e-24 1.26031e-13 4.73699e-07 0.00411716 1.69609 29.0278 44.0224 25.2496 
561487 1479887 0 0.311533 0 0 0 0 0 0 1.28538e-288 1.55302e-239 9.09393e-193 1.21869e-149 1.313e-103 2.58836e-67 9.00351e-42 1.08047e-24 8.48189e-14 3.78087e-07 0.00364958 1.61715 28.7538 44.1804 25.445 
563487 1479887 0 0.306076 0 0 0 0 0 0 4.94469e-292 2.24733e-242 4.65502e-195 2.0022e-151 7.50206e-105 3.95635e-68 2.75245e-42 5.25345e-25 5.54977e-14 2.96965e-07 0.00320734 1.53657 28.4609 44.346 25.6533 
565487 1479887 0 0.300428 0 0 0 0 0 0 1.12973e-295 2.10859e-245 1.67984e-197 2.50521e-153 3.54546e-106 5.33902e-69 7.77821e-43 2.43496e-25 3.53037e-14 2.29529e-07 0.00279446 1.45495 28.1493 44.5186 25.8743 
567487 1479887 0 0.29461 0 0 0 0 0 0 1.53291e-299 1.28274e-248 4.27339e-200 2.38717e-155 1.38588e-107 6.3608e-70 2.03182e-43 1.07585e-25 2.18335e-14 1.74575e-07 0.00241378 1.37289 27.8193 44.6975 26.1078 
569487 1479887 0 0.288649 0 0 0 0 0 0 1.23526e-303 5.05928e-252 7.66343e-203 1.73226e-157 4.48049e-109 6.6901e-71 4.906e-44 4.53117e-26 1.31274e-14 1.30658e-07 0.00206699 1.29094 27.4712 44.8821 26.3538 
571487 1479887 0 0.282567 0 0 0 0 0 0 5.91125e-308 1.29368e-255 9.68731e-206 9.57228e-160 1.198e-110 6.21171e-72 1.09495e-44 1.81914e-26 7.67323e-15 9.62264e-08 0.00175476 1.20963 27.1053 45.0715 26.6118 
573487 1479887 0 0.276387 0 0 0 0 0 0 1.67983e-312 2.14457e-259 8.63172e-209 4.02788e-162 2.64914e-112 5.09137e-73 2.25881e-45 6.96159e-27 4.36033e-15 6.97347e-08 0.00147681 1.12947 26.7222 45.265 26.8818 
575487 1479887 0 0.270131 0 0 0 0 0 0 2.83673e-317 2.30468e-263 5.42113e-212 1.29056e-164 4.84457e-114 3.68374e-74 4.30696e-46 2.53941e-27 2.40877e-15 4.97274e-08 0.00123214 1.05091 26.3222 45.462 27.1636 
577487 1479887 0 0.26382 0 0 0 0 0 0 0 1.60555e-267 2.39975e-215 3.14855e-167 7.3264e-116 2.35267e-75 7.59027e-47 8.82939e-28 1.2936e-15 3.48923e-08 0.00101909 0.974347 25.906 45.6617 27.457 
579487 1479887 0 0.257473 0 0 0 0 0 0 0 7.25041e-272 7.48701e-219 5.8486e-170 9.16216e-118 1.32629e-76 1.23632e-47 2.92614e-28 6.75344e-16 2.40904e-08 0.000835572 0.90016 25.4741 45.8633 27.7617 
581487 1479887 0 0.25111 0 0 0 0 0 0 0 2.12233e-276 1.64628e-222 8.27162e-173 9.47458e-120 6.59941e-78 1.86113e-48 9.24313e-29 3.42743e-16 1.63658e-08 0.000679148 0.82866 25.0271 46.0661 28.0775 
583487 1479887 0 0.244746 0 0 0 0 0 0 0 4.02681e-281 2.55115e-226 8.90656e-176 8.10146e-122 2.89833e-79 2.58934e-49 2.78288e-29 1.69092e-16 1.09395e-08 0.000547205 0.760114 24.5659 46.2693 28.4042 
585487 1479887 0 0.2384 0 0 0 0 0 0 0 4.95212e-286 2.78606e-230 7.30123e-179 5.72786e-124 1.12345e-80 3.32931e-50 7.98571e-30 8.10932e-17 7.19493e-09 0.000437056 0.694738 24.091 46.4721 28.7417 
587487 1479887 0 0.232085 0 0 0 0 0 0 0 3.94719e-291 2.14413e-234 4.55652e-182 3.34837e-126 3.84335e-82 3.95608e-51 2.18409e-30 3.78046e-17 4.65603e-09 0.000346034 0.632702 23.6034 46.6739 29.0896 
589487 1479887 0 0.225815 0 0 0 0 0 0 0 2.0391e-296 1.16281e-238 2.16475e-185 1.61834e-128 1.16038e-83 4.34417e-52 5.69318e-31 1.71317e-17 2.96456e-09 0.000271576 0.574126 23.1039 46.8739 29.4478 
591487 1479887 0 0.219603 0 0 0 0 0 0 0 6.82694e-302 4.44367e-243 7.82901e-189 6.46681e-131 3.09182e-85 4.40831e-53 1.41437e-31 7.54646e-18 1.85719e-09 0.000211277 0.519087 22.5934 47.0713 29.816 
593487 1479887 0 0.21346 0 0 0 0 0 0 0 1.48129e-307 1.19658e-247 2.15534e-192 2.13639e-133 7.27003e-87 4.13378e-54 3.34876e-32 3.23124e-18 1.14471e-09 0.000162927 0.467621 22.0728 47.2654 30.194 
595487 1479887 0 0.207397 0 0 0 0 0 0 0 2.08289e-313 2.27037e-252 4.51669e-196 5.83479e-136 1.50853e-88 3.58199e-55 7.55636e-33 1.34485e-18 6.94193e-10 0.000124541 0.419724 21.543 47.4555 30.5816 
597487 1479887 0 0.201421 0 0 0 0 0 0 0 2.15907e-319 3.03521e-257 7.20458e-200 1.31739e-138 2.7622e-90 2.86808e-56 1.62495e-33 5.44064e-19 4.1419e-10 9.43633e-05 0.375358 21.0051 47.6408 30.9786 
599487 1479887 0 0.195542 0 0 0 0 0 0 0 0 2.85897e-262 8.7472e-204 2.45884e-141 4.46301e-92 2.12197e-57 3.33013e-34 2.13941e-19 2.43137e-10 7.08701e-05 0.334452 20.4601 47.8207 31.3847 
601487 1479887 0 0.189767 0 0 0 0 0 0 0 0 1.89734e-267 8.08328e-208 3.79373e-144 6.36294e-94 1.45062e-58 6.50378e-35 8.17707e-20 1.4042e-10 5.2758e-05 0.29691 19.909 47.9944 31.7996 
603487 1479887 0 0.1841 0 0 0 0 0 0 0 0 8.87124e-273 5.68531e-212 4.83847e-147 8.00449e-96 9.1628e-60 1.21045e-35 3.03779e-20 7.9787e-11 3.8929e-05 0.262612 19.3529 48.1613 32.2231 
605487 1479887 0 0.178548 0 0 0 0 0 0 0 0 2.92224e-278 3.04338e-216 5.10086e-150 8.88473e-98 5.3475e-61 2.14683e-36 1.09691e-20 4.46019e-11 2.84718e-05 0.231419 18.7929 48.3207 32.655 
607487 1479887 0 0.173114 0 0 0 0 0 0 0 0 6.78153e-284 1.23989e-220 4.44491e-153 8.70117e-100 2.88345e-62 3.62838e-37 3.8497e-21 2.45295e-11 2.06399e-05 0.203176 18.2299 48.4719 33.095 
609487 1479887 0 0.167803 0 0 0 0 0 0 0 0 1.10869e-289 3.84438e-225 3.20151e-156 7.51835e-102 1.43648e-63 5.84361e-38 1.31318e-21 1.32719e-11 1.48303e-05 0.177719 17.6652 48.6142 33.5428 
611487 1479887 0 0.162616 0 0 0 0 0 0 0 0 1.2769e-295 9.07138e-230 1.90594e-159 5.7315e-104 6.61161e-65 8.96804e-39 4.35368e-22 7.06457e-12 1.05618e-05 0.154873 17.0997 48.7472 33.9982 
613487 1479887 0 0.157557 0 0 0 0 0 0 0 0 1.03598e-301 1.62898e-234 9.37809e-163 3.85482e-106 2.81139e-66 1.31146e-39 1.40288e-22 3.69947e-12 7.45531e-06 0.134462 16.5345 48.8701 34.4609 
615487 1479887 0 0.152625 0 0 0 0 0 0 0 0 5.92089e-308 2.22609e-239 3.81385e-166 2.28729e-108 1.10442e-67 1.82745e-40 4.39348e-23 1.90586e-12 5.21593e-06 0.116305 15.9707 48.9823 34.9307 
617487 1479887 0 0.147823 0 0 0 0 0 0 0 0 2.38372e-314 2.31497e-244 1.28188e-169 1.19732e-110 4.00809e-69 2.42639e-41 1.33726e-23 9.65913e-13 3.61686e-06 0.100223 15.4092 49.0834 35.4071 
619487 1479887 0 0.14315 0 0 0 0 0 0 0 0 0 1.83196e-249 3.56085e-173 5.52914e-113 1.34375e-70 3.0697e-42 3.95587e-24 4.81587e-13 2.48578e-06 0.0860414 14.8512 49.1727 35.8901 
621487 1479887 0 0.138607 0 0 0 0 0 0 0 0 0 1.10318e-254 8.17484e-177 2.25247e-115 4.16171e-72 3.70036e-43 1.1373e-24 2.3621e-13 1.69325e-06 0.0735889 14.2974 49.2498 36.3792 
623487 1479887 0 0.134193 0 0 0 0 0 0 0 0 0 5.05512e-260 1.551e-180 8.09477e-118 1.19066e-73 4.25008e-44 3.17774e-25 1.13974e-13 1.14315e-06 0.0627017 13.749 49.3141 36.8742 
625487 1479887 0 0.129906 0 0 0 0 0 0 0 0 0 1.76262e-265 2.43191e-184 2.56617e-120 3.1467e-75 4.65102e-45 8.62901e-26 5.40996e-14 7.64902e-07 0.0532239 13.2067 49.3653 37.3748 
627487 1479887 0 0.125747 0 0 0 0 0 0 0 0 0 4.67654e-271 3.15121e-188 7.17621e-123 7.68191e-77 4.84943e-46 2.2772e-26 2.52614e-14 5.07257e-07 0.0450081 12.6715 49.4028 37.8807 
629487 1479887 0 0.121712 0 0 0 0 0 0 0 0 0 9.44106e-277 3.37439e-192 1.77021e-125 1.73229e-78 4.81747e-47 5.84026e-27 1.16037e-14 3.334e-07 0.0379166 12.1441 49.4263 38.3916 
433487 1477887 0 0.122312 0 0 0 0 0 0 0 0 0 1.00338e-275 1.74614e-191 5.19313e-125 3.40854e-78 7.25921e-47 7.4247e-27 1.32958e-14 3.58535e-07 0.0390401 12.2301 49.4217 38.3092 
435487 1477887 0 0.126451 0 0 0 0 0 0 0 0 0 6.18868e-270 1.90008e-187 2.32775e-122 1.6106e-76 7.59567e-46 2.96183e-26 2.93257e-14 5.49357e-07 0.0464748 12.7698 49.3953 37.7884 
437487 1477887 0 0.130725 0 0 0 0 0 0 0 0 0 2.90435e-264 1.70861e-183 9.20352e-120 7.02972e-75 7.5722e-45 1.14823e-25 6.36288e-14 8.34238e-07 0.0551156 13.3181 49.3542 37.2725 
439487 1477887 0 0.135136 0 0 0 0 0 0 0 0 0 1.03712e-258 1.26968e-179 3.20989e-117 2.83416e-73 7.19224e-44 4.32605e-25 1.3581e-13 1.25557e-06 0.0651156 13.8741 49.299 36.7618 
441487 1477887 0 0.139686 0 0 0 0 0 0 0 0 0 2.818e-253 7.79723e-176 9.87534e-115 1.0555e-71 6.50877e-43 1.58398e-24 2.85157e-13 1.87287e-06 0.0766392 14.4369 49.23 36.2564 
443487 1477887 0 0.144376 0 0 0 0 0 0 0 0 5.78551e-319 5.82632e-248 3.95715e-172 2.68008e-112 3.63113e-70 5.61219e-42 5.63653e-24 5.89003e-13 2.76882e-06 0.0898619 15.0057 49.1477 35.7568 
445487 1477887 0 0.149208 0 0 0 0 0 0 0 0 2.68765e-312 9.16634e-243 1.65971e-168 6.4163e-110 1.15396e-68 4.61076e-41 1.9493e-23 1.19683e-12 4.057e-06 0.104969 15.5794 49.0525 35.2631 
447487 1477887 0 0.154182 0 0 0 0 0 0 0 0 8.84335e-306 1.09737e-237 5.75298e-165 1.3551e-107 3.38773e-67 3.60933e-40 6.55173e-23 2.39241e-12 5.89173e-06 0.122155 16.157 48.945 34.7758 
449487 1477887 0 0.1593 0 0 0 0 0 0 0 0 2.04966e-299 9.99718e-233 1.64807e-161 2.52477e-105 9.18776e-66 2.69215e-39 2.14018e-22 4.70465e-12 8.48029e-06 0.141622 16.7376 48.8258 34.295 
451487 1477887 0 0.16456 0 0 0 0 0 0 0 0 3.34639e-293 6.93065e-228 3.90204e-158 4.14991e-103 2.30197e-64 1.91338e-38 6.7946e-22 9.10152e-12 1.2098e-05 0.163577 17.32 48.6953 33.8211 
453487 1477887 0 0.169963 0 0 0 0 0 0 0 0 3.84867e-287 3.6564e-223 7.63568e-155 6.01779e-101 5.32833e-63 1.2958e-37 2.09654e-21 1.7322e-11 1.71061e-05 0.188229 17.9032 48.5542 33.3544 
455487 1477887 0 0.175507 0 0 0 0 0 0 0 0 3.11812e-281 1.468e-218 1.23496e-151 7.69883e-99 1.13944e-61 8.36208e-37 6.28745e-21 3.24328e-11 2.39734e-05 0.215789 18.4861 48.403 32.8951 
457487 1477887 0 0.18119 0 0 0 0 0 0 0 0 1.77965e-275 4.48537e-214 1.65089e-148 8.68987e-97 2.25119e-60 5.14211e-36 1.83266e-20 5.97415e-11 3.33007e-05 0.246464 19.0677 48.2424 32.4434 
459487 1477887 0 0.18701 0 0 0 0 0 0 0 0 7.15556e-270 1.043e-209 1.82413e-145 8.65395e-95 4.10925e-59 3.01318e-35 5.19193e-20 1.08263e-10 4.58485e-05 0.280456 19.6467 48.0731 31.9997 
461487 1477887 0 0.192963 0 0 0 0 0 0 0 0 2.0269e-264 1.84584e-205 1.666e-142 7.60394e-93 6.93032e-58 1.68257e-34 1.42963e-19 1.93017e-10 6.25675e-05 0.317955 20.2221 47.8957 31.5642 
463487 1477887 0 0.199045 0 0 0 0 0 0 0 0 4.04495e-259 2.48622e-201 1.25773e-139 5.8952e-91 1.07993e-56 8.95349e-34 3.8262e-19 3.38555e-10 8.46308e-05 0.359137 20.7927 47.7108 31.1372 
465487 1477887 0 0.205251 0 0 0 0 0 0 0 2.16531e-315 5.68716e-254 2.54877e-197 7.84886e-137 4.0328e-89 1.55489e-55 4.54037e-33 9.95337e-19 5.84236e-10 0.000113467 0.40416 21.3575 47.5193 30.719 
467487 1477887 0 0.211575 0 0 0 0 0 0 0 3.36574e-309 5.63368e-249 1.98875e-193 4.04895e-134 2.4343e-87 2.06859e-54 2.1942e-32 2.51672e-18 9.91914e-10 0.00015079 0.453157 21.9154 47.3217 30.3096 
469487 1477887 0 0.218008 0 0 0 0 0 0 0 3.3902e-303 3.93203e-244 1.18114e-189 1.72667e-131 1.29663e-85 2.54292e-53 1.01054e-31 6.18538e-18 1.65688e-09 0.00019863 0.506234 22.4652 47.1188 29.9095 
471487 1477887 0 0.224544 0 0 0 0 0 0 0 2.21294e-297 1.93366e-239 5.33958e-186 6.08723e-129 6.09456e-84 2.88859e-52 4.43544e-31 1.47765e-17 2.723e-09 0.000259353 0.563462 23.006 46.9114 29.5189 
473487 1477887 0 0.231172 0 0 0 0 0 0 0 9.36112e-292 6.70037e-235 1.83742e-182 1.77414e-126 2.52795e-82 3.0321e-51 1.85535e-30 3.43127e-17 4.40295e-09 0.000335672 0.624876 23.5368 46.7001 29.1379 
475487 1477887 0 0.237882 0 0 0 0 0 0 0 2.56633e-286 1.636e-230 4.81308e-179 4.27491e-124 9.25355e-81 2.94114e-50 7.39663e-30 7.74502e-17 7.00465e-09 0.000430647 0.690468 24.0565 46.4858 28.7668 
477487 1477887 0 0.24466 0 0 0 0 0 0 0 4.55971e-281 2.81482e-226 9.59761e-176 8.51632e-122 2.98933e-79 2.63643e-49 2.81038e-29 1.69934e-16 1.09643e-08 0.000547663 0.760186 24.5642 46.2691 28.4059 
479487 1477887 0 0.251495 0 0 0 0 0 0 0 5.25072e-276 3.41282e-222 1.45694e-172 1.40274e-119 8.52279e-78 2.184e-48 1.01772e-28 3.62438e-16 1.68862e-08 0.000690395 0.833924 25.0591 46.0509 28.0554 
481487 1477887 0 0.25837 0 0 0 0 0 0 0 3.91896e-271 2.916e-218 1.68375e-169 1.91038e-117 2.14459e-76 1.67201e-47 3.51263e-28 7.51431e-16 2.55886e-08 0.000862737 0.911526 25.5402 45.832 27.7154 
483487 1477887 0 0.26527 0 0 0 0 0 0 0 1.89587e-266 1.75585e-214 1.48144e-166 2.15125e-115 4.76293e-75 1.18299e-46 1.15554e-27 1.51444e-15 3.81527e-08 0.00106871 0.99278 26.0068 45.613 27.3863 
485487 1477887 0 0.272177 0 0 0 0 0 0 1.41529e-315 5.94494e-262 7.45126e-211 9.92376e-164 2.00314e-113 9.33659e-74 7.73567e-46 3.62318e-27 2.96707e-15 5.5973e-08 0.00131235 1.07742 26.4582 45.3949 27.0682 
487487 1477887 0 0.279071 0 0 0 0 0 0 2.1461e-310 1.20838e-257 2.22859e-207 5.0614e-161 1.54238e-111 1.61547e-72 4.67514e-45 1.08283e-26 5.65097e-15 8.07995e-08 0.00159753 1.16511 26.8936 45.1783 26.7614 
489487 1477887 0 0.285932 0 0 0 0 0 0 1.93235e-305 1.59219e-253 4.69791e-204 1.96555e-158 9.82091e-110 2.46731e-71 2.61146e-44 3.0846e-26 1.04627e-14 1.14769e-07 0.00192783 1.25547 27.3125 44.9641 26.466 
491487 1477887 0 0.292738 0 0 0 0 0 0 1.03315e-300 1.35999e-249 6.98023e-201 5.81208e-156 5.17137e-108 3.3264e-70 1.34826e-43 8.3756e-26 1.8832e-14 1.60408e-07 0.00230627 1.34807 27.7143 44.753 26.1824 
493487 1477887 0 0.299466 0 0 0 0 0 0 3.28019e-296 7.5308e-246 7.31042e-198 1.30867e-153 2.25201e-106 3.95881e-69 6.43396e-43 2.1678e-25 3.29523e-14 2.20609e-07 0.00273514 1.44241 28.0984 44.5458 25.9106 
495487 1477887 0 0.306091 0 0 0 0 0 0 6.18455e-292 2.70353e-242 5.39682e-195 2.24387e-151 8.1108e-105 4.1592e-68 2.83796e-42 5.34829e-25 5.60556e-14 2.98554e-07 0.00321575 1.53794 28.4645 44.3434 25.6509 
497487 1477887 0 0.312588 0 0 0 0 0 0 6.92482e-288 6.29247e-239 2.8085e-192 2.92988e-149 2.41601e-103 3.85766e-67 1.15709e-41 1.2578e-24 9.27049e-14 3.97583e-07 0.00374821 1.63407 28.8122 44.1464 25.4036 
499487 1477887 0 0.318931 0 0 0 0 0 0 4.60485e-284 9.49571e-236 1.03031e-189 2.91342e-147 5.95241e-102 3.15878e-66 4.36088e-41 2.81979e-24 1.49053e-13 5.21008e-07 0.00433124 1.73018 29.1411 43.9556 25.1688 
501487 1477887 0 0.325092 0 0 0 0 0 0 1.81864e-280 9.29109e-233 2.66461e-187 2.20634e-145 1.213e-100 2.28355e-65 1.51927e-40 6.0261e-24 2.32993e-13 6.71861e-07 0.00496192 1.82559 29.451 43.7718 24.9467 
503487 1477887 0 0.331044 0 0 0 0 0 0 4.26598e-277 5.8946e-230 4.85836e-185 1.27256e-143 2.04466e-99 1.4575e-64 4.8928e-40 1.22766e-23 3.54089e-13 8.52586e-07 0.00563565 1.91963 29.7417 43.5956 24.7375 
505487 1477887 0 0.336759 0 0 0 0 0 0 5.94355e-274 2.42497e-227 6.24527e-183 5.59023e-142 2.85091e-98 8.21354e-64 1.45664e-39 2.38423e-23 5.23186e-13 1.0647e-06 0.00634599 2.01158 30.0129 43.4278 24.5414 
507487 1477887 0 0.342208 0 0 0 0 0 0 4.91863e-271 6.46903e-225 5.66021e-181 1.87045e-140 3.28827e-97 4.0868e-63 4.00894e-39 4.41423e-23 7.51585e-13 1.30842e-06 0.00708471 2.10071 30.2647 43.2689 24.3586 
509487 1477887 0 0.347364 0 0 0 0 0 8.2509e-319 2.41784e-268 1.11909e-222 3.61701e-179 4.76698e-139 3.1375e-96 1.79548e-62 1.01999e-38 7.79119e-23 1.04975e-12 1.58238e-06 0.00784181 2.18632 30.4968 43.1198 24.1892 
511487 1477887 0 0.3522 0 0 0 0 0 6.97452e-316 7.06012e-266 1.25546e-220 1.62973e-177 9.25407e-138 2.47655e-95 6.96521e-62 2.39917e-38 1.31099e-22 1.42555e-12 1.88329e-06 0.00860573 2.26768 30.7094 42.9809 24.0335 
513487 1477887 0 0.356689 0 0 0 0 0 3.15843e-313 1.22464e-263 9.134e-219 5.17779e-176 1.36845e-136 1.61722e-94 2.3859e-61 5.21712e-38 2.10305e-22 1.88224e-12 2.20584e-06 0.00936355 2.34412 30.9022 42.8528 23.8915 
515487 1477887 0 0.360805 0 0 0 0 0 7.71184e-311 1.26193e-261 4.30978e-217 1.15998e-174 1.5415e-135 8.73702e-94 7.21683e-61 1.04885e-37 3.21632e-22 2.41639e-12 2.54264e-06 0.0101014 2.41495 31.0755 42.7361 23.7634 
517487 1477887 0 0.364525 0 0 0 0 0 1.0153e-308 7.72496e-260 1.31885e-215 1.83249e-173 1.32278e-134 3.90515e-93 1.92763e-60 1.94946e-37 4.68957e-22 3.01622e-12 2.8844e-06 0.0108046 2.47955 31.2291 42.6312 23.6493 
519487 1477887 0 0.367827 0 0 0 0 0 7.20754e-307 2.80935e-258 2.61754e-214 2.04141e-172 8.64718e-134 1.44412e-92 4.54667e-60 3.34996e-37 6.5189e-22 3.66073e-12 3.22024e-06 0.0114586 2.53734 31.3631 42.5386 23.5494 
521487 1477887 0 0.37069 0 0 0 0 0 2.75899e-305 6.0698e-257 3.36944e-213 1.60371e-171 4.30636e-133 4.41844e-92 9.47024e-60 5.32225e-37 8.6395e-22 4.32e-12 3.53823e-06 0.0120491 2.58779 31.4777 42.4587 23.4638 
523487 1477887 0 0.373097 0 0 0 0 0 5.69493e-304 7.79129e-256 2.81318e-212 8.88462e-171 1.63382e-132 1.11852e-91 1.74194e-59 7.81779e-37 1.09164e-21 4.95694e-12 3.82607e-06 0.0125625 2.63043 31.5727 42.3918 23.3925 
525487 1477887 0 0.375032 0 0 0 0 0 6.33887e-303 5.94179e-255 1.52342e-211 3.47115e-170 4.72242e-132 2.34277e-91 2.82954e-59 1.06172e-36 1.31507e-21 5.53046e-12 4.07185e-06 0.0129867 2.66486 31.6483 42.3382 23.3357 
527487 1477887 0 0.376484 0 0 0 0 0 3.80473e-302 2.69218e-254 5.35093e-211 9.56391e-170 1.03991e-131 4.06009e-91 4.05894e-59 1.33315e-36 1.51042e-21 5.99968e-12 4.26485e-06 0.0133115 2.69075 31.7045 42.2981 23.2933 
529487 1477887 0 0.377442 0 0 0 0 0 1.23149e-301 7.24726e-254 1.21908e-210 1.85836e-169 1.74462e-131 5.82189e-91 5.14193e-59 1.54771e-36 1.65399e-21 6.32872e-12 4.39634e-06 0.0135289 2.70787 31.7414 42.2717 23.2655 
531487 1477887 0 0.3779 0 0 0 0 0 2.14947e-301 1.15912e-253 1.80147e-210 2.54659e-169 2.22989e-131 6.90745e-91 5.75254e-59 1.6613e-36 1.72683e-21 6.49121e-12 4.46021e-06 0.0136335 2.71605 31.759 42.2591 23.2522 
533487 1477887 0 0.377856 0 0 0 0 0 2.02317e-301 1.10147e-253 1.72671e-210 2.46108e-169 2.17142e-131 6.78107e-91 5.68345e-59 1.64873e-36 1.7189e-21 6.47377e-12 4.45344e-06 0.0136225 2.71521 31.7572 42.2604 23.2536 
535487 1477887 0 0.37731 0 0 0 0 0 1.0269e-301 6.21875e-254 1.07352e-210 1.67737e-169 1.61096e-131 5.50814e-91 4.9589e-59 1.51285e-36 1.63132e-21 6.27786e-12 4.37636e-06 0.0134964 2.70535 31.7361 42.2755 23.2695 
537487 1477887 0 0.376265 0 0 0 0 0 2.81075e-302 2.08602e-254 4.32904e-211 8.06241e-170 9.10548e-132 3.702e-91 3.821e-59 1.28347e-36 1.47608e-21 5.91954e-12 4.23258e-06 0.0132581 2.68658 31.6957 42.3045 23.2999 
539487 1477887 0 0.374728 0 0 0 0 0 4.14868e-303 4.15735e-255 1.13231e-211 2.73296e-170 3.92098e-132 2.05868e-91 2.60007e-59 1.00675e-36 1.2734e-21 5.42732e-12 4.02878e-06 0.0129138 2.65907 31.636 42.3471 23.3449 
541487 1477887 0 0.37271 0 0 0 0 0 3.30206e-304 4.92258e-256 1.921e-212 6.53324e-171 1.28634e-132 9.47243e-92 1.56245e-59 7.30122e-37 1.04737e-21 4.83839e-12 3.77411e-06 0.0124719 2.62308 31.5568 42.4032 23.4044 
543487 1477887 0 0.370222 0 0 0 0 0 1.41724e-305 3.46291e-257 2.11382e-213 1.1014e-171 3.21501e-133 3.60617e-92 8.2916e-60 4.89562e-37 8.21319e-22 4.19405e-12 3.47958e-06 0.011943 2.57895 31.4583 42.4725 23.4783 
545487 1477887 0 0.367281 0 0 0 0 0 3.28001e-307 1.44729e-258 1.50864e-214 1.30941e-172 6.12161e-134 1.13589e-92 3.88573e-60 3.03496e-37 6.14046e-22 3.53493e-12 3.15724e-06 0.0113395 2.5271 31.3402 42.5548 23.5666 
547487 1477887 0 0.363905 0 0 0 0 0 4.09331e-309 3.59355e-260 6.98338e-216 1.09777e-173 8.87968e-135 2.96023e-93 1.60807e-60 1.73951e-37 4.37685e-22 2.89693e-12 2.81938e-06 0.010675 2.468 31.2026 42.6497 23.669 
549487 1477887 0 0.360114 0 0 0 0 0 2.75442e-311 5.30078e-262 2.09653e-217 6.48999e-175 9.81222e-136 6.38269e-94 5.87662e-61 9.21775e-38 2.97433e-22 2.30836e-12 2.47778e-06 0.00996411 2.40219 31.0454 42.7568 23.7856 
551487 1477887 0 0.355931 0 0 0 0 0 9.99387e-314 4.64507e-264 4.08209e-219 2.70558e-176 8.25974e-137 1.13858e-94 1.89641e-61 4.51586e-38 1.927e-22 1.78843e-12 2.14303e-06 0.00922143 2.33026 30.8686 42.8757 23.9162 
553487 1477887 0 0.35138 0 0 0 0 0 1.95495e-316 2.41806e-266 5.15462e-221 7.95336e-178 5.29641e-138 1.68031e-95 5.40395e-62 2.04535e-38 1.19023e-22 1.34722e-12 1.82409e-06 0.00846141 2.25286 30.6721 43.0058 24.0607 
555487 1477887 0 0.346487 0 0 0 0 0 2.15413e-319 7.47747e-269 4.22115e-223 1.64855e-179 2.58703e-139 2.0515e-96 1.35973e-62 8.56441e-39 7.00863e-23 9.86735e-13 1.52797e-06 0.00769784 2.17065 30.456 43.1467 24.219 
557487 1477887 0 0.341278 0 0 0 0 0 0 1.37353e-271 2.24167e-225 2.40935e-181 9.62522e-141 2.07205e-97 3.02098e-63 3.31531e-39 3.93444e-23 7.0267e-13 1.25959e-06 0.00694338 2.08433 30.2203 43.2976 24.3908 
559487 1477887 0 0.335781 0 0 0 0 0 0 1.49867e-274 7.71976e-228 2.48273e-183 2.7277e-142 1.73125e-98 5.92634e-64 1.18642e-39 2.10559e-23 4.86504e-13 1.02183e-06 0.00620932 1.99462 29.965 43.4582 24.576 
561487 1477887 0 0.330023 0 0 0 0 0 0 9.71277e-278 1.72391e-230 1.80375e-185 5.88769e-144 1.19656e-99 1.02649e-64 3.92496e-40 1.07423e-23 3.27491e-13 8.15766e-07 0.00550532 1.90223 29.6902 43.6276 24.7745 
563487 1477887 0 0.324034 0 0 0 0 0 0 3.7388e-281 2.49623e-233 9.23906e-188 9.6792e-146 6.84089e-101 1.56979e-65 1.20033e-40 5.22457e-24 2.14331e-13 6.40883e-07 0.0048393 1.80789 29.396 43.8053 24.986 
565487 1477887 0 0.31784 0 0 0 0 0 0 8.54787e-285 2.3437e-236 3.33629e-190 1.21189e-147 3.23503e-102 2.11951e-66 3.39335e-41 2.42228e-24 1.36376e-13 4.95468e-07 0.00421732 1.71229 29.0826 43.9905 25.2104 
567487 1477887 0 0.311469 0 0 0 0 0 0 1.16066e-288 1.42676e-239 8.4932e-193 1.15559e-149 1.26536e-103 2.52651e-67 8.86765e-42 1.07056e-24 8.43631e-14 3.76937e-07 0.00364369 1.61613 28.7503 44.1824 25.4475 
569487 1477887 0 0.304948 0 0 0 0 0 0 9.35957e-293 5.63132e-243 1.52416e-195 8.39151e-152 4.09362e-105 2.65881e-68 2.14205e-42 4.51031e-25 5.07366e-14 2.82184e-07 0.00312097 1.52006 28.3992 44.3805 25.6971 
571487 1477887 0 0.298304 0 0 0 0 0 0 4.48223e-297 1.44101e-246 1.9281e-198 4.64044e-154 1.09532e-106 2.47013e-69 4.78283e-43 1.81134e-25 2.96647e-14 2.07875e-07 0.00265019 1.42472 28.0298 44.5839 25.9589 
573487 1477887 0 0.291562 0 0 0 0 0 0 1.27469e-301 2.39059e-250 1.71929e-201 1.95408e-156 2.42381e-108 2.02583e-70 9.871e-44 6.93402e-26 1.68616e-14 1.50686e-07 0.00223098 1.33067 27.6425 44.7918 26.2328 
575487 1477887 0 0.284746 0 0 0 0 0 0 2.15263e-306 2.57102e-254 1.08062e-204 6.26578e-159 4.43571e-110 1.46665e-71 1.88299e-44 2.5302e-26 9.31745e-15 1.07482e-07 0.00186184 1.23845 27.2375 45.0036 26.5186 
577487 1477887 0 0.277879 0 0 0 0 0 0 2.1586e-311 1.79247e-258 4.78721e-208 1.52981e-161 6.71304e-112 9.37284e-73 3.31999e-45 8.80038e-27 5.00524e-15 7.54373e-08 0.00154032 1.14856 26.8156 45.2183 26.816 
579487 1477887 0 0.270982 0 0 0 0 0 0 1.28513e-316 8.10087e-263 1.49473e-211 2.84393e-164 8.4014e-114 5.28721e-74 5.41023e-46 2.91754e-27 2.61383e-15 5.20979e-08 0.00126327 1.06141 26.3772 45.4352 27.1249 
581487 1477887 0 0.264077 0 0 0 0 0 0 0 2.37315e-267 3.28928e-215 4.02529e-167 8.69447e-116 2.63255e-75 8.14842e-47 9.21922e-28 1.32693e-15 3.54023e-08 0.00102706 0.977379 25.9231 45.6536 27.4449 
583487 1477887 0 0.257181 0 0 0 0 0 0 0 4.50627e-272 5.10125e-219 4.3377e-170 7.4401e-118 1.15693e-76 1.13423e-47 2.77667e-28 6.54832e-16 2.36709e-08 0.000827744 0.896789 25.4537 45.8726 27.776 
585487 1477887 0 0.250313 0 0 0 0 0 0 0 5.54615e-277 5.5754e-223 3.55869e-173 5.26432e-120 4.4875e-78 1.45909e-48 7.9708e-29 3.14137e-16 1.55727e-08 0.000661301 0.819894 24.9701 46.0915 28.1178 
587487 1477887 0 0.243488 0 0 0 0 0 0 0 4.4242e-282 4.29422e-227 2.22266e-176 3.07977e-122 1.53622e-79 1.73466e-49 2.18081e-29 1.4649e-16 1.00803e-08 0.000523719 0.746896 24.4728 46.3095 28.4702 
589487 1477887 0 0.236721 0 0 0 0 0 0 0 2.28734e-287 2.3307e-231 1.0568e-179 1.48968e-124 4.64132e-81 1.90581e-50 5.68675e-30 6.6404e-17 6.42005e-09 0.000411138 0.677942 23.9629 46.5258 28.833 
591487 1477887 0 0.230026 0 0 0 0 0 0 0 7.66415e-293 8.91386e-236 3.82504e-183 5.95732e-127 1.23752e-82 1.93495e-51 1.4133e-30 2.92596e-17 4.02304e-09 0.000319936 0.613127 23.4411 46.7397 29.2058 
593487 1477887 0 0.223415 0 0 0 0 0 0 0 1.66427e-298 2.40221e-240 1.05387e-186 1.9696e-129 2.9119e-84 1.81541e-52 3.34749e-31 1.25321e-17 2.48037e-09 0.000246786 0.552494 22.9085 46.9503 29.5885 
595487 1477887 0 0.216897 0 0 0 0 0 0 0 2.34203e-304 4.56149e-245 2.21022e-190 5.38342e-132 6.04639e-86 1.57391e-53 7.55635e-32 5.21747e-18 1.50459e-09 0.000188692 0.496044 22.3659 47.157 29.9808 
597487 1477887 0 0.210483 0 0 0 0 0 0 0 2.13579e-310 6.10296e-250 3.5283e-194 1.21641e-134 1.1079e-87 1.2609e-54 1.62557e-32 2.11138e-18 8.97963e-10 0.000143008 0.443735 21.8146 47.359 30.3825 
599487 1477887 0 0.20418 0 0 0 0 0 0 0 1.26205e-316 5.75307e-255 4.28709e-198 2.27212e-137 1.79132e-89 9.33383e-56 3.33267e-33 8.30501e-19 5.27265e-10 0.000107432 0.395487 21.2554 47.5556 30.7934 
601487 1477887 0 0.197996 0 0 0 0 0 0 0 0 3.82094e-260 3.96476e-202 3.50832e-140 2.55567e-91 6.38425e-57 6.51125e-34 3.17523e-19 3.04598e-10 7.99968e-05 0.351191 20.6895 47.746 31.2133 
603487 1477887 0 0.191937 0 0 0 0 0 0 0 0 1.78789e-265 2.79072e-206 4.47784e-143 3.21723e-93 4.03478e-58 1.21231e-34 1.17996e-19 1.7312e-10 5.90432e-05 0.310708 20.1179 47.9295 31.6418 
605487 1477887 0 0.186007 0 0 0 0 0 0 0 0 5.89389e-271 1.49502e-210 4.72422e-146 3.5735e-95 2.35602e-59 2.15097e-35 4.26195e-20 9.68019e-11 4.31939e-05 0.273876 19.5418 48.1056 32.0787 
607487 1477887 0 0.180212 0 0 0 0 0 0 0 0 1.3688e-276 6.09537e-215 4.11976e-149 3.50208e-97 1.27109e-60 3.63678e-36 1.49622e-20 5.3252e-11 3.13204e-05 0.240516 18.9623 48.2734 32.5238 
609487 1477887 0 0.174553 0 0 0 0 0 0 0 0 2.23947e-282 1.89131e-219 2.96949e-152 3.02809e-99 6.33581e-62 5.85942e-37 5.10531e-21 2.88202e-11 2.25102e-05 0.210436 18.3805 48.4323 32.9768 
611487 1477887 0 0.169034 0 0 0 0 0 0 0 0 2.58111e-288 4.46609e-224 1.76909e-155 2.30999e-101 2.91774e-63 8.99583e-38 1.69311e-21 1.53449e-11 1.60352e-05 0.183433 17.7974 48.5818 33.4374 
613487 1477887 0 0.163657 0 0 0 0 0 0 0 0 2.09563e-294 8.02569e-229 8.71101e-159 1.55467e-103 1.24136e-64 1.31604e-38 5.45728e-22 8.03767e-12 1.13217e-05 0.159299 17.2143 48.721 33.9054 
615487 1477887 0 0.158422 0 0 0 0 0 0 0 0 1.19856e-300 1.09753e-233 3.54507e-162 9.23096e-106 4.8792e-66 1.83455e-39 1.7096e-22 4.14186e-12 7.92287e-06 0.137823 16.6321 48.8496 34.3805 
617487 1477887 0 0.15333 0 0 0 0 0 0 0 0 4.82873e-307 1.14216e-238 1.19237e-165 4.83529e-108 1.77169e-67 2.43677e-40 5.20512e-23 2.09968e-12 5.49525e-06 0.118796 16.0521 48.9668 34.8624 
619487 1477887 0 0.148381 0 0 0 0 0 0 0 0 1.37033e-313 9.04475e-244 3.31449e-169 2.23437e-110 5.943e-69 3.08405e-41 1.54022e-23 1.04713e-12 3.77766e-06 0.102012 15.4751 49.0721 35.3508 
621487 1477887 0 0.143574 0 0 0 0 0 0 0 0 0 5.45033e-249 7.61439e-173 9.10833e-113 1.84159e-70 3.71911e-42 4.42939e-24 5.1373e-13 2.57385e-06 0.0872694 14.9023 49.165 35.8454 
623487 1477887 0 0.138909 0 0 0 0 0 0 0 0 0 2.49917e-254 1.44563e-176 3.27539e-115 5.2716e-72 4.27328e-43 1.23797e-24 2.47942e-13 1.73807e-06 0.0743763 14.3345 49.245 36.3461 
625487 1477887 0 0.134384 0 0 0 0 0 0 0 0 0 8.71983e-260 2.26818e-180 1.03901e-117 1.39394e-73 4.67823e-44 3.36264e-25 1.17719e-13 1.16325e-06 0.0631489 13.7729 49.3116 36.8523 
627487 1477887 0 0.129997 0 0 0 0 0 0 0 0 0 2.31501e-265 2.94094e-184 2.90736e-120 3.40478e-75 4.87971e-45 8.87655e-26 5.49813e-14 7.71601e-07 0.0534136 13.2183 49.3643 37.364 
629487 1477887 0 0.125747 0 0 0 0 0 0 0 0 0 4.67654e-271 3.15121e-188 7.17621e-123 7.68191e-77 4.84943e-46 2.2772e-26 2.52614e-14 5.07257e-07 0.0450081 12.6715 49.4028 37.8807 
433487 1475887 0 0.126292 0 0 0 0 0 0 0 0 0 3.78379e-270 1.34826e-187 1.85797e-122 1.39683e-76 6.96444e-46 2.81412e-26 2.84798e-14 5.40745e-07 0.0461754 12.7494 49.3965 37.8079 
435487 1475887 0 0.130649 0 0 0 0 0 0 0 0 0 2.33229e-264 1.4662e-183 8.32297e-120 6.59681e-75 7.2844e-45 1.12228e-25 6.28012e-14 8.28356e-07 0.0549562 13.3086 49.355 37.2814 
