#EAST NORTH ELEV Kg/m^2 [-4.5->-4.07143) [-4.07143->-3.64286) [-3.64286->-3.21429) [-3.21429->-2.78571) [-2.78571->-2.35714) [-2.35714->-1.92857) [-1.92857->-1.5) [-1.5->-1.07143) [-1.07143->-0.642857) [-0.642857->-0.214286) [-0.214286->0.214286) [0.214286->0.642857) [0.642857->1.07143) [1.07143->1.5) [1.5->1.92857) [1.92857->2.35714) [2.35714->2.78571) [2.78571->3.21429) [3.21429->3.64286) [3.64286->4.07143) [4.07143->4.5) (percent)
433487 1479887 0 0.149498 0 0 0 0 0 0 0 0 4.0582e-265 3.07799e-204 7.11894e-142 9.1814e-93 4.97299e-58 1.0717e-34 9.62405e-20 1.44178e-10 0.000109232 0.554193 23.5013 46.7644 29.1799 
435487 1479887 0 0.154283 0 0 0 0 0 0 0 0 1.1578e-259 5.03988e-200 6.22055e-139 7.95734e-91 8.39106e-57 6.01718e-34 2.66583e-19 2.58277e-10 0.000147042 0.62019 24.0771 46.5306 28.7719 
437487 1479887 0 0.159212 0 0 0 0 0 0 0 6.81811e-320 2.55341e-254 6.76306e-196 4.72979e-136 6.2918e-89 1.33582e-55 3.26037e-33 7.23041e-19 4.57093e-10 0.000196703 0.692307 24.6489 46.2896 28.3691 
439487 1479887 0 0.164288 0 0 0 0 0 0 0 3.58979e-313 4.35315e-249 7.43775e-192 3.12941e-133 4.53875e-87 2.00642e-54 1.70491e-32 1.92022e-18 7.99208e-10 0.000261491 0.770877 25.2157 46.0418 27.9714 
441487 1479887 0 0.169512 0 0 0 0 0 0 0 9.5167e-307 5.73703e-244 6.7038e-188 1.80175e-130 2.98717e-85 2.84341e-53 8.60395e-32 4.99346e-18 1.38056e-09 0.000345447 0.85622 25.7767 45.7877 27.579 
443487 1479887 0 0.174886 0 0 0 0 0 0 0 1.82689e-300 5.84489e-239 4.95208e-184 9.02708e-128 1.79371e-83 3.80199e-52 4.19047e-31 1.2715e-17 2.35607e-09 0.000453511 0.948639 26.3312 45.5275 27.1921 
445487 1479887 0 0.18041 0 0 0 0 0 0 0 2.53952e-294 4.6034e-234 2.99811e-180 3.93574e-125 9.827e-82 4.79667e-51 1.9697e-30 3.17026e-17 3.97252e-09 0.000591668 1.04842 26.8784 45.2618 26.8108 
447487 1479887 0 0.186086 0 0 0 0 0 0 0 2.5563e-288 2.80285e-229 1.48768e-176 1.49327e-122 4.91218e-80 5.70998e-50 8.93535e-30 7.74005e-17 6.6174e-09 0.000767101 1.15581 27.4173 44.991 26.4352 
449487 1479887 0 0.191913 0 0 0 0 0 0 0 1.86337e-282 1.31932e-224 6.05031e-173 4.93051e-120 2.24037e-78 6.41358e-49 3.91205e-29 1.8504e-16 1.08907e-08 0.000988359 1.27105 27.9473 44.7154 26.0653 
451487 1479887 0 0.197891 0 0 0 0 0 0 0 9.83613e-277 4.801e-220 2.01679e-169 1.41676e-117 9.32326e-77 6.79744e-48 1.65304e-28 4.33172e-16 1.77082e-08 0.00126551 1.39431 28.4675 44.4354 25.7014 
453487 1479887 0 0.204019 0 0 0 0 0 0 0 3.76003e-271 1.35069e-215 5.51022e-166 3.54288e-115 3.54017e-75 6.79791e-47 6.74139e-28 9.92966e-16 2.84475e-08 0.00161031 1.52576 28.9774 44.1517 25.3436 
455487 1479887 0 0.210295 0 0 0 0 0 0 1.12993e-318 1.04091e-265 2.93786e-211 1.23398e-162 7.71055e-113 1.22659e-73 6.41501e-46 2.65345e-27 2.22889e-15 4.51511e-08 0.00203632 1.66548 29.476 43.8645 24.9919 
457487 1479887 0 0.216719 0 0 0 0 0 0 2.5045e-312 2.08685e-260 4.94043e-207 2.2651e-159 1.46046e-110 3.87795e-72 5.7124e-45 1.00802e-26 4.89924e-15 7.08028e-08 0.00255906 1.81354 29.9629 43.5745 24.6465 
459487 1479887 0 0.223285 0 0 0 0 0 0 3.79499e-306 3.02999e-255 6.42343e-203 3.40815e-156 2.40758e-108 1.11877e-70 4.80005e-44 3.69598e-26 1.05452e-14 1.09696e-07 0.00319605 1.96991 30.4374 43.282 24.3076 
461487 1479887 0 0.229991 0 0 0 0 0 0 3.90822e-300 3.18618e-250 6.45724e-199 4.20347e-153 3.45437e-106 2.94529e-69 3.80616e-43 1.30797e-25 2.22266e-14 1.67918e-07 0.00396688 2.13454 30.8988 42.9875 23.9752 
463487 1479887 0 0.236831 0 0 0 0 0 0 2.73549e-294 2.42654e-245 5.01898e-195 4.24979e-150 4.31382e-104 7.07574e-68 2.84805e-42 4.46767e-25 4.5876e-14 2.53961e-07 0.00489316 2.30729 31.3467 42.6917 23.6495 
465487 1479887 0 0.2438 0 0 0 0 0 0 1.30134e-288 1.33846e-240 3.01635e-191 3.52215e-147 4.68894e-102 1.55125e-66 2.01112e-41 1.47292e-24 9.27248e-14 3.79497e-07 0.00599844 2.48797 31.7805 42.395 23.3306 
467487 1479887 0 0.250891 0 0 0 0 0 0 4.20778e-283 5.34731e-236 1.40171e-187 2.39299e-144 4.43625e-100 3.10361e-65 1.34018e-40 4.68707e-24 1.83531e-13 5.60301e-07 0.00730801 2.67631 32.1998 42.0979 23.0187 
469487 1479887 0 0.258096 0 0 0 0 0 0 9.24778e-278 1.54734e-231 5.03682e-184 1.33284e-141 3.65341e-98 5.66685e-64 8.42812e-40 1.43963e-23 3.55737e-13 8.17358e-07 0.00884862 2.87196 32.6043 41.801 22.7139 
471487 1479887 0 0.265405 0 0 0 0 0 0 1.38151e-272 3.2432e-227 1.39955e-180 6.08596e-139 2.61899e-96 9.44309e-63 5.00208e-39 4.26808e-23 6.75242e-13 1.1781e-06 0.0106481 3.07451 32.9936 41.5049 22.4164 
473487 1479887 0 0.272807 0 0 0 0 0 1.65779e-316 1.40287e-267 4.92387e-223 3.00722e-177 2.2783e-136 1.63432e-94 1.43614e-61 2.80175e-38 1.22139e-22 1.25518e-12 1.6778e-06 0.0127347 3.28348 33.3674 41.2101 22.1263 
475487 1479887 0 0.280292 0 0 0 0 0 8.59519e-311 9.68366e-263 5.41502e-219 4.99691e-174 6.99252e-134 8.87806e-93 1.99342e-60 1.48107e-37 3.37381e-22 2.28492e-12 2.36095e-06 0.0151369 3.4983 33.7255 40.9173 21.8438 
477487 1479887 0 0.287844 0 0 0 0 0 2.82515e-305 4.54395e-258 4.31388e-215 6.42112e-171 1.75959e-131 4.19848e-91 2.52541e-59 7.38917e-37 8.99574e-22 4.07344e-12 3.28267e-06 0.0178819 3.71834 34.0678 40.627 21.569 
479487 1479887 0 0.29545 0 0 0 0 0 5.88729e-300 1.44948e-253 2.48956e-211 6.38126e-168 3.63045e-129 1.72851e-89 2.92018e-58 3.47937e-36 2.31531e-21 7.11184e-12 4.5099e-06 0.0209956 3.94291 34.3942 40.3398 21.3021 
481487 1479887 0 0.303093 0 0 0 0 0 7.7784e-295 3.14335e-249 1.04083e-207 4.9046e-165 6.14176e-127 6.19544e-88 3.08206e-57 1.54631e-35 5.75235e-21 1.21601e-11 6.12224e-06 0.024501 4.17122 34.7047 40.0564 21.0432 
483487 1479887 0 0.310755 0 0 0 0 0 6.51599e-290 4.63433e-245 3.15249e-204 2.91552e-162 8.51969e-125 1.93333e-86 2.96919e-56 6.48624e-35 1.37959e-20 2.03626e-11 8.21226e-06 0.0284175 4.40246 34.9992 39.7774 20.7926 
485487 1479887 0 0.318416 0 0 0 0 0 3.461e-285 4.64529e-241 6.91766e-201 1.34048e-159 9.69101e-123 5.25277e-85 2.61104e-55 2.56801e-34 3.19396e-20 3.33944e-11 1.0885e-05 0.0327597 4.63574 35.2778 39.5033 20.5504 
487487 1479887 0 0.326056 0 0 0 0 0 1.16566e-280 3.1658e-237 1.0998e-197 4.76706e-157 9.03947e-121 1.24261e-83 2.09594e-54 9.59664e-34 7.13822e-20 5.36373e-11 1.42566e-05 0.0375363 4.87011 35.5408 39.2349 20.3167 
489487 1479887 0 0.333651 0 0 0 0 0 2.48943e-276 1.46695e-233 1.26686e-194 1.3113e-154 6.91452e-119 2.5595e-82 1.53584e-53 3.38506e-33 1.54006e-19 8.43757e-11 1.84514e-05 0.0427489 5.1046 35.7882 38.9727 20.0917 
491487 1479887 0 0.341178 0 0 0 0 1.31258e-317 3.37138e-272 4.62194e-230 1.05736e-191 2.79019e-152 4.33752e-117 4.59061e-81 1.02736e-52 1.12706e-32 3.20762e-19 1.29996e-10 2.35979e-05 0.0483913 5.33819 36.0204 38.7174 19.8757 
493487 1479887 0 0.348612 0 0 0 0 5.02574e-313 2.89541e-268 9.90208e-227 6.3946e-189 4.59259e-150 2.2315e-115 7.16953e-80 6.27375e-52 3.54219e-32 6.44952e-19 1.96161e-10 2.98232e-05 0.0544481 5.56982 36.2375 38.4695 19.6687 
495487 1479887 0 0.355925 0 0 0 0 1.13275e-308 1.57696e-264 1.44257e-223 2.8023e-186 5.84779e-148 9.41555e-114 9.7506e-79 3.49757e-51 1.05086e-31 1.25193e-18 2.89915e-10 3.72459e-05 0.0608945 5.79842 36.44 38.2297 19.4709 
497487 1479887 0 0.363091 0 0 0 0 1.50197e-304 5.44704e-261 1.42914e-220 8.89903e-184 5.7604e-146 3.25838e-112 1.1548e-77 1.78013e-50 2.94293e-31 2.34611e-18 4.19671e-10 4.59677e-05 0.0676955 6.02292 36.6282 37.9986 19.2825 
499487 1479887 0 0.37008 0 0 0 0 1.17164e-300 1.19328e-257 9.62838e-218 2.04793e-181 4.38991e-144 9.24869e-111 1.19106e-76 8.2717e-50 7.78e-31 4.2446e-18 5.95025e-10 5.60638e-05 0.0748053 6.24221 36.8025 37.7768 19.1036 
501487 1479887 0 0.376864 0 0 0 0 5.3772e-297 1.65798e-254 4.41153e-215 3.41542e-179 2.58831e-142 2.15327e-109 1.06984e-75 3.50919e-49 1.94158e-30 7.41402e-18 8.26331e-10 6.7573e-05 0.082168 6.45521 36.9633 37.5648 18.9344 
503487 1479887 0 0.383412 0 0 0 0 1.45197e-293 1.46114e-251 1.37467e-212 4.12809e-177 1.18073e-140 4.11216e-108 8.36917e-75 1.35924e-48 4.57419e-30 1.25027e-17 1.12401e-09 8.04881e-05 0.0897173 6.66086 37.1111 37.3631 18.7751 
505487 1479887 0 0.389694 0 0 0 0 2.30681e-290 8.16757e-249 2.91336e-210 3.61613e-175 4.16745e-139 6.44184e-107 5.70209e-74 4.80702e-48 1.01733e-29 2.03561e-17 1.49759e-09 9.47464e-05 0.0973775 6.85809 37.2463 37.1724 18.6258 
507487 1479887 0 0.39568 0 0 0 0 2.15644e-287 2.896e-246 4.19946e-208 2.29585e-173 1.13814e-137 8.27813e-106 3.38367e-73 1.55222e-47 2.13604e-29 3.19987e-17 1.95446e-09 0.000110223 0.105064 7.0459 37.3693 36.9931 18.4865 
509487 1479887 0 0.40134 0 0 0 0 1.18618e-284 6.5136e-244 4.11728e-206 1.05648e-171 2.40512e-136 8.72671e-105 1.74886e-72 4.57656e-47 4.2341e-29 4.85648e-17 2.49848e-09 0.000126727 0.112687 7.22328 37.4806 36.8257 18.3575 
511487 1479887 0 0.406645 0 0 0 0 3.83935e-282 9.29342e-242 2.74573e-204 3.5238e-170 3.93287e-135 7.54707e-104 7.87309e-72 1.23209e-46 7.92363e-29 7.11653e-17 3.12857e-09 0.000143996 0.120147 7.38931 37.5807 36.6707 18.2389 
513487 1479887 0 0.411567 0 0 0 0 7.3127e-280 8.41153e-240 1.24552e-202 8.51936e-169 4.97651e-134 5.3546e-103 3.08724e-71 3.02878e-46 1.39992e-28 1.00688e-16 3.83744e-09 0.000161708 0.127346 7.5431 37.6701 36.5285 18.1308 
515487 1479887 0 0.416077 0 0 0 7.11455e-320 8.19636e-278 4.82982e-238 3.84324e-201 1.493e-167 4.87299e-133 3.1168e-102 1.05449e-70 6.7987e-46 2.33512e-28 1.37548e-16 4.61072e-09 0.000179477 0.134182 7.68383 37.749 36.3995 18.0333 
517487 1479887 0 0.420152 0 0 0 8.63133e-318 5.40628e-276 1.75936e-236 8.06698e-200 1.89662e-166 3.6926e-132 1.48845e-101 3.13737e-70 1.39355e-45 3.6774e-28 1.81428e-16 5.42663e-09 0.000196875 0.140553 7.81073 37.8181 36.284 17.9465 
519487 1479887 0 0.423766 0 0 0 5.79724e-316 2.09856e-274 4.0659e-235 1.15187e-198 1.74655e-165 2.16543e-131 5.8319e-101 8.13117e-70 2.60835e-45 5.46773e-28 2.31064e-16 6.25649e-09 0.000213443 0.146362 7.92312 37.8775 36.1824 17.8704 
521487 1479887 0 0.426899 0 0 0 2.11638e-314 4.79398e-273 5.96137e-234 1.11887e-197 1.16591e-164 9.82745e-131 1.87477e-100 1.83573e-69 4.4582e-45 7.67557e-28 2.84144e-16 7.06599e-09 0.000228709 0.151518 8.02038 37.9277 36.0949 17.8053 
523487 1479887 0 0.429532 0 0 0 4.19978e-313 6.44516e-272 5.54536e-233 7.39352e-197 5.6422e-164 3.45168e-130 4.94486e-100 3.61027e-69 6.9584e-45 1.01732e-27 3.37387e-16 7.81739e-09 0.000242214 0.155936 8.10199 37.9689 36.0219 17.751 
525487 1479887 0 0.431648 0 0 0 4.53031e-312 5.09964e-271 3.27277e-232 3.32371e-196 1.9794e-163 9.3825e-130 1.07012e-99 6.18518e-69 9.91788e-45 1.27305e-27 3.86816e-16 8.47224e-09 0.000253532 0.159545 8.1675 38.0014 35.9635 17.7077 
527487 1479887 0 0.433235 0 0 0 2.65647e-311 2.37475e-270 1.22549e-231 1.01649e-195 5.03412e-163 1.97383e-129 1.90018e-99 9.23102e-69 1.2909e-44 1.50412e-27 4.28222e-16 8.99466e-09 0.000262292 0.162284 8.21656 38.0255 35.9199 17.6755 
529487 1479887 0 0.434282 0 0 0 8.4676e-311 6.50841e-270 2.91147e-231 2.1149e-195 9.28166e-163 3.21374e-129 2.76846e-99 1.20015e-68 1.53437e-44 1.67791e-27 4.57744e-16 9.35455e-09 0.000268199 0.164105 8.24888 38.0412 35.8913 17.6543 
531487 1479887 0 0.434783 0 0 0 1.46723e-310 1.04981e-269 4.38864e-231 2.99358e-195 1.24063e-162 4.04969e-129 3.30953e-99 1.35929e-68 1.66546e-44 1.76728e-27 4.72463e-16 9.53046e-09 0.000271052 0.164978 8.26429 38.0486 35.8776 17.6442 
533487 1479887 0 0.434735 0 0 0 1.38203e-310 9.96622e-270 4.19723e-231 2.88275e-195 1.20219e-162 3.94953e-129 3.24625e-99 1.34115e-68 1.65084e-44 1.7575e-27 4.70874e-16 9.5117e-09 0.000270751 0.164887 8.26272 38.0479 35.879 17.6452 
535487 1479887 0 0.434138 0 0 0 7.0765e-311 5.5684e-270 2.54689e-231 1.88858e-195 8.44536e-163 2.98112e-129 2.61267e-99 1.15275e-68 1.49433e-44 1.65019e-27 4.5314e-16 9.29941e-09 0.000267307 0.163834 8.24416 38.039 35.8954 17.6573 
537487 1479887 0 0.432996 0 0 0 1.96971e-311 1.83109e-270 9.80552e-232 8.41739e-196 4.30108e-163 1.74151e-129 1.72533e-99 8.63148e-69 1.23525e-44 1.46293e-27 4.21068e-16 8.90647e-09 0.000260839 0.161837 8.20872 38.0218 35.9268 17.6805 
539487 1479887 0 0.431316 0 0 0 2.98032e-312 3.54378e-271 2.3952e-232 2.55228e-196 1.58799e-163 7.87368e-130 9.34853e-100 5.63017e-69 9.32452e-45 1.2245e-27 3.77799e-16 8.35617e-09 0.000251568 0.158931 8.15659 37.9963 35.9732 17.7148 
541487 1479887 0 0.429109 0 0 0 2.45131e-313 4.03642e-272 3.71209e-233 5.26483e-197 4.25033e-164 2.75508e-130 4.15616e-100 3.19921e-69 6.42779e-45 9.67709e-28 3.27308e-16 7.67995e-09 0.000239805 0.155165 8.08807 37.9622 36.0343 17.76 
543487 1479887 0 0.426387 0 0 0 1.09597e-314 2.70579e-273 3.65003e-234 7.38823e-198 8.24707e-165 7.46083e-131 1.51605e-100 1.58359e-69 4.04628e-45 7.22061e-28 2.73804e-16 6.91445e-09 0.000225931 0.150601 8.00352 37.9194 36.1099 17.8163 
545487 1479887 0 0.423169 0 0 0 2.66363e-316 1.06746e-274 2.27703e-235 7.05324e-199 1.16003e-165 1.56362e-131 4.53737e-101 6.82838e-70 2.32597e-45 5.08679e-28 2.21159e-16 6.0982e-09 0.000210382 0.145316 7.90341 37.8676 36.2 17.8834 
547487 1479887 0 0.419473 0 0 0 3.52269e-318 2.47833e-276 9.01208e-237 4.5806e-200 1.18284e-166 2.53606e-132 1.11417e-101 2.56484e-70 1.22097e-45 3.38338e-28 1.72484e-16 5.26851e-09 0.000193621 0.139394 7.78829 37.8065 36.3042 17.9614 
549487 1479887 0 0.415321 0 0 0 2.86558e-320 3.38618e-278 2.26286e-238 2.02363e-201 8.74298e-168 3.18318e-133 2.24467e-102 8.39198e-71 5.85258e-46 2.12467e-28 1.29888e-16 4.45874e-09 0.000176117 0.132928 7.65877 37.7357 36.4222 18.0502 
551487 1479887 0 0.410737 0 0 0 0 2.72266e-280 3.6046e-240 6.0814e-203 4.68445e-169 3.09191e-134 3.71017e-103 2.39178e-71 2.5617e-46 1.25967e-28 9.44413e-17 3.69632e-09 0.000158327 0.126017 7.51557 37.6549 36.5537 18.1496 
553487 1479887 0 0.405747 0 0 0 0 1.28825e-282 3.6426e-242 1.24317e-204 1.81934e-170 2.32405e-135 5.03113e-104 5.93772e-72 1.02386e-46 7.05096e-29 6.63012e-17 3.00164e-09 0.000140672 0.118761 7.35945 37.5637 36.6983 18.2597 
555487 1479887 0 0.400379 0 0 0 0 3.58685e-285 2.33511e-244 1.72862e-206 5.12166e-172 1.35178e-136 5.59701e-105 1.28396e-72 3.73659e-47 3.7261e-29 4.4941e-17 2.38766e-09 0.000123525 0.111262 7.19125 37.4616 36.8556 18.3802 
557487 1479887 0 0.39466 0 0 0 0 5.87655e-288 9.49581e-247 1.63492e-208 1.04505e-173 6.08406e-138 5.10803e-106 2.41828e-73 1.24516e-47 1.85897e-29 2.94117e-17 1.8604e-09 0.000107198 0.103621 7.01186 37.3482 37.0252 18.511 
559487 1479887 0 0.388621 0 0 0 0 5.66518e-291 2.44947e-249 1.05174e-210 1.54554e-175 2.11883e-139 3.82423e-107 3.96709e-74 3.78862e-48 8.75572e-30 1.85844e-17 1.41989e-09 9.19405e-05 0.0959321 6.82224 37.2231 37.2066 18.6521 
561487 1479887 0 0.382291 0 0 0 0 3.21346e-294 4.00788e-252 4.60171e-213 1.65663e-177 5.7095e-141 2.34863e-108 5.66809e-75 1.05253e-48 3.89322e-30 1.13377e-17 1.06148e-09 7.79297e-05 0.0882866 6.62337 37.0857 37.3994 18.8032 
563487 1479887 0 0.375701 0 0 0 0 1.07247e-297 4.15951e-255 1.36936e-215 1.28694e-179 1.19038e-142 1.18318e-109 7.05324e-76 2.66977e-49 1.63424e-30 6.67786e-18 7.77275e-10 6.52787e-05 0.080767 6.41629 36.9356 37.6029 18.9643 
565487 1479887 0 0.36888 0 0 0 0 2.10588e-301 2.73805e-258 2.7713e-218 7.2454e-182 1.92019e-144 4.88922e-111 7.64387e-77 6.18289e-50 6.47593e-31 3.79738e-18 5.57487e-10 5.40388e-05 0.0734472 6.20204 36.7724 37.8168 19.1353 
567487 1479887 0 0.361859 0 0 0 0 2.43279e-305 1.14313e-261 3.81421e-221 2.95612e-184 2.39639e-146 1.65715e-112 7.21437e-78 1.3073e-50 2.4225e-31 2.08476e-18 3.9164e-10 4.4208e-05 0.0663916 5.98171 36.5956 38.0404 19.3159 
569487 1479887 0 0.354666 0 0 0 0 1.65342e-309 3.02683e-265 3.56997e-224 8.74022e-187 2.31372e-148 4.60688e-114 5.92966e-79 2.52356e-51 8.55442e-32 1.10497e-18 2.69479e-10 3.57396e-05 0.0596543 5.75638 36.4049 38.2731 19.506 
571487 1479887 0 0.347331 0 0 0 0 6.61072e-314 5.08282e-269 2.2722e-227 1.87261e-189 1.72817e-150 1.0504e-115 4.24417e-80 4.44732e-52 2.85151e-32 5.65401e-19 1.81611e-10 2.85528e-05 0.0532788 5.52714 36.1998 38.5144 19.7054 
573487 1479887 0 0.33988 0 0 0 0 1.54692e-318 5.41288e-273 9.83414e-231 2.90723e-192 9.98548e-153 1.96424e-117 2.6453e-81 7.1551e-53 8.97241e-33 2.793e-19 1.19877e-10 2.25418e-05 0.0472984 5.29507 35.9799 38.7636 19.914 
575487 1479887 0 0.332341 0 0 0 0 0 3.65547e-277 2.89411e-234 3.27042e-195 4.46316e-155 3.01236e-119 1.43569e-82 1.05089e-53 2.66492e-33 1.33194e-19 7.74989e-11 1.75859e-05 0.0417361 5.06124 35.745 39.0203 20.1317 
577487 1479887 0 0.324737 0 0 0 0 0 1.56543e-281 5.7912e-238 2.66566e-198 1.54309e-157 3.78857e-121 6.78475e-84 1.40898e-54 7.47122e-34 6.13185e-20 4.90702e-11 1.35572e-05 0.0366053 4.82671 35.4948 39.2836 20.3582 
579487 1479887 0 0.317094 0 0 0 0 0 4.25091e-286 7.87917e-242 1.57422e-201 4.12667e-160 3.90739e-123 2.79179e-85 1.72447e-55 1.97707e-34 2.72512e-20 3.04297e-11 1.03277e-05 0.0319108 4.59247 35.2291 39.5531 20.5934 
581487 1479887 0 0.309433 0 0 0 0 0 7.31939e-291 7.28844e-246 6.73551e-205 8.53595e-163 3.30464e-125 1.00021e-86 1.9266e-56 4.93822e-35 1.16913e-20 1.8481e-11 7.77417e-06 0.0276495 4.35951 34.9476 39.8281 20.8371 
583487 1479887 0 0.301774 0 0 0 0 0 7.9909e-296 4.58371e-250 2.08788e-208 1.36563e-165 2.29178e-127 3.11994e-88 1.96474e-57 1.16419e-35 4.84184e-21 1.09926e-11 5.78254e-06 0.0238115 4.12875 34.6502 40.108 21.0892 
585487 1479887 0 0.294138 0 0 0 0 0 5.53133e-301 1.9598e-254 4.68871e-212 1.68976e-168 1.30322e-129 8.47292e-90 1.82887e-58 2.59046e-36 1.93565e-21 6.40346e-12 4.25002e-06 0.0203814 3.90108 34.3369 40.3921 21.3495 
587487 1479887 0 0.286541 0 0 0 0 0 2.42752e-306 5.69643e-259 7.62784e-216 1.61703e-171 6.07638e-132 2.00326e-91 1.55386e-59 5.44026e-37 7.46973e-22 3.65311e-12 3.0865e-06 0.0173389 3.6773 34.0077 40.6799 21.6178 
589487 1479887 0 0.279001 0 0 0 0 0 6.75428e-312 1.12558e-263 8.98948e-220 1.19672e-174 2.32294e-134 4.12329e-93 1.20499e-60 1.07831e-37 2.78252e-22 2.04098e-12 2.21483e-06 0.0146603 3.45818 33.6625 40.9707 21.894 
591487 1479887 0 0.271531 0 0 0 0 0 1.19109e-317 1.5119e-268 7.6743e-224 6.84918e-178 7.28089e-137 7.38825e-95 8.52869e-62 2.01718e-38 1.00051e-22 1.11671e-12 1.57039e-06 0.0123196 3.2444 33.3015 41.2639 22.1778 
593487 1479887 0 0.264145 0 0 0 0 0 0 1.38046e-273 4.74571e-228 3.03139e-181 1.87099e-139 1.15243e-96 5.50935e-63 3.5613e-39 3.47255e-23 5.98357e-13 1.10018e-06 0.0102891 3.03658 32.9249 41.559 22.4692 
595487 1479887 0 0.256854 0 0 0 0 0 0 8.56778e-279 2.12573e-232 1.0375e-184 3.94169e-142 1.56478e-98 3.24808e-64 5.93377e-40 1.16336e-23 3.13975e-13 7.6156e-07 0.00854044 2.83528 32.5329 41.8553 22.768 
597487 1479887 0 0.24967 0 0 0 0 0 0 3.61446e-284 6.89679e-237 2.74578e-188 6.80784e-145 1.84945e-100 1.74763e-65 9.33046e-41 3.76193e-24 1.61339e-13 5.20865e-07 0.00704534 2.64095 32.1257 42.1522 23.0741 
599487 1479887 0 0.242601 0 0 0 0 0 0 1.03642e-289 1.62071e-241 5.61904e-192 9.63911e-148 1.90271e-102 8.58137e-67 1.38458e-41 1.17418e-24 8.11878e-14 3.51983e-07 0.00577615 2.45402 31.7037 42.4493 23.3872 
601487 1479887 0 0.235655 0 0 0 0 0 0 2.01994e-295 2.75851e-246 8.89133e-196 1.11881e-150 1.70383e-104 3.84539e-68 1.93895e-42 3.53737e-25 4.00077e-14 2.35013e-07 0.00470637 2.27479 31.2674 42.7459 23.7072 
603487 1479887 0 0.228838 0 0 0 0 0 0 2.67569e-301 3.40049e-251 1.08785e-199 1.06451e-153 1.328e-106 1.57249e-69 2.56236e-43 1.02859e-25 1.93061e-14 1.55035e-07 0.00381103 2.10353 30.817 43.0415 24.0341 
605487 1479887 0 0.222158 0 0 0 0 0 0 2.4089e-307 3.03596e-256 1.0291e-203 8.30264e-157 9.00898e-109 5.868e-71 3.19548e-44 2.8868e-26 9.12301e-15 1.0105e-07 0.00306692 1.94042 30.3532 43.3356 24.3676 
607487 1479887 0 0.215617 0 0 0 0 0 0 1.47393e-313 1.96303e-261 7.52695e-208 5.3081e-160 5.3192e-111 1.9982e-72 3.76047e-45 7.81984e-27 4.22156e-15 6.50733e-08 0.00245281 1.78558 29.8765 43.6277 24.7077 
609487 1479887 0 0.20922 0 0 0 0 0 0 4.94066e-320 9.19237e-267 4.25647e-212 2.7817e-163 2.73339e-113 6.20899e-74 4.17594e-46 2.04447e-27 1.91291e-15 4.14028e-08 0.00194951 1.63907 29.3875 43.9173 25.0542 
611487 1479887 0 0.202969 0 0 0 0 0 0 0 3.11735e-272 1.86096e-216 1.19487e-166 1.22245e-115 1.76047e-75 4.37586e-47 5.15895e-28 8.4879e-16 2.60264e-08 0.00153987 1.50089 28.8868 44.2039 25.4069 
613487 1479887 0 0.196868 0 0 0 0 0 0 0 7.65588e-278 6.29033e-221 4.20689e-170 4.75803e-118 4.55465e-77 4.32677e-48 1.25642e-28 3.68796e-16 1.61641e-08 0.00120874 1.37097 28.375 44.487 25.7658 
615487 1479887 0 0.190917 0 0 0 0 0 0 0 1.36159e-283 1.64381e-225 1.21401e-173 1.61168e-120 1.0752e-78 4.03691e-49 2.95322e-29 1.5691e-16 9.91837e-09 0.000942923 1.2492 27.853 44.7661 26.1307 
617487 1479887 0 0.185117 0 0 0 0 0 0 0 1.7536e-289 3.32094e-230 2.87144e-177 4.75093e-123 2.31591e-80 3.55394e-50 6.69948e-30 6.53715e-17 6.01282e-09 0.000730983 1.13543 27.3214 45.0409 26.5015 
619487 1479887 0 0.179468 0 0 0 0 0 0 0 1.63547e-295 5.18676e-235 5.5665e-181 1.21876e-125 4.55142e-82 2.95218e-51 1.46679e-30 2.66685e-17 3.60133e-09 0.000563152 1.02946 26.7809 45.3109 26.8781 
621487 1479887 0 0.17397 0 0 0 0 0 0 0 1.10452e-301 6.26252e-240 8.84433e-185 2.72077e-128 8.1612e-84 2.31387e-52 3.09933e-31 1.06531e-17 2.13104e-09 0.000431151 0.931059 26.2325 45.5756 27.2604 
623487 1479887 0 0.168623 0 0 0 0 0 0 0 5.40158e-308 5.84541e-245 1.1517e-188 5.28553e-131 1.33517e-85 1.71117e-53 6.32032e-32 4.16698e-18 1.24585e-09 0.000328031 0.839969 25.6767 45.8347 27.6482 
625487 1479887 0 0.163425 0 0 0 0 0 0 0 1.91281e-314 4.21779e-250 1.22914e-192 8.93521e-134 1.99291e-87 1.19399e-54 1.24388e-32 1.59599e-18 7.19575e-10 0.000248017 0.755901 25.1146 46.0878 28.0415 
627487 1479887 0 0.158375 0 0 0 0 0 0 0 0 2.35264e-255 1.07508e-196 1.31441e-136 2.71393e-89 7.86048e-56 2.36254e-33 5.98546e-19 4.10606e-10 0.000186349 0.678547 24.5469 46.3343 28.44 
629487 1479887 0 0.153471 0 0 0 0 0 0 0 0 1.01442e-260 7.70648e-201 1.68254e-139 3.3718e-91 4.88245e-57 4.33052e-34 2.19798e-19 2.31479e-10 0.00013914 0.607585 23.9744 46.5741 28.8438 
433487 1477887 0 0.154199 0 0 0 0 0 0 0 0 9.41634e-260 4.29599e-200 5.56406e-139 7.3932e-91 8.00891e-57 5.84814e-34 2.62128e-19 2.55794e-10 0.000146318 0.619028 24.0674 46.5346 28.7788 
435487 1477887 0 0.15923 0 0 0 0 0 0 0 1.36362e-319 2.68486e-254 7.03004e-196 4.85903e-136 6.40417e-89 1.35082e-55 3.28256e-33 7.25923e-19 4.58126e-10 0.000196927 0.6926 24.651 46.2886 28.3676 
437487 1477887 0 0.164418 0 0 0 0 0 0 0 5.27709e-313 5.9176e-249 9.42793e-192 3.69236e-133 5.06102e-87 2.14959e-54 1.77812e-32 1.96844e-18 8.10611e-10 0.000263381 0.77297 25.23 46.0354 27.9614 
439487 1477887 0 0.169765 0 0 0 0 0 0 0 1.93081e-306 1.00823e-243 1.0362e-187 2.44152e-130 3.64893e-85 3.22738e-53 9.2954e-32 5.22648e-18 1.41702e-09 0.000350059 0.860503 25.8035 45.7753 27.5603 
441487 1477887 0 0.175275 0 0 0 0 0 0 0 5.1154e-300 1.3279e-238 9.33358e-184 1.40483e-127 2.40022e-83 4.57184e-52 4.68962e-31 1.3588e-17 2.44722e-09 0.000462355 0.955551 26.3707 45.5086 27.1646 
443487 1477887 0 0.180949 0 0 0 0 0 0 0 9.81347e-294 1.35199e-233 6.89023e-180 7.03399e-125 1.44047e-81 6.11058e-51 2.28336e-30 3.45912e-17 4.17552e-09 0.000606859 1.05845 26.9307 45.2359 26.7744 
445487 1477887 0 0.186789 0 0 0 0 0 0 0 1.36325e-287 1.06411e-228 4.16876e-176 3.0648e-122 7.88736e-80 7.70605e-50 1.07295e-29 8.62262e-17 7.03862e-09 0.000791556 1.16949 27.4826 44.9575 26.3896 
447487 1477887 0 0.192795 0 0 0 0 0 0 0 1.37133e-281 6.47463e-224 2.06717e-172 1.16207e-119 3.94041e-78 9.16949e-49 4.86588e-29 2.10465e-16 1.17221e-08 0.00102603 1.28898 28.0257 44.6737 26.0106 
449487 1477887 0 0.198969 0 0 0 0 0 0 0 9.98919e-276 3.04554e-219 8.40129e-169 3.8344e-117 1.79614e-76 1.02951e-47 2.12972e-28 5.03027e-16 1.92873e-08 0.00132166 1.41713 28.5591 44.3852 25.6373 
451487 1477887 0 0.205311 0 0 0 0 0 0 0 5.26926e-270 1.1075e-214 2.79851e-165 1.10106e-114 7.47033e-75 1.09066e-46 8.99632e-28 1.17727e-15 3.13533e-08 0.00169188 1.55417 29.0821 44.0922 25.2699 
453487 1477887 0 0.21182 0 0 0 0 0 0 3.89803e-317 2.01283e-264 3.11356e-210 7.64057e-162 2.75153e-112 2.83496e-73 1.09028e-45 3.66772e-27 2.69796e-15 5.03552e-08 0.00215232 1.70024 29.5939 43.7952 24.9085 
455487 1477887 0 0.218496 0 0 0 0 0 0 1.27758e-310 5.56815e-259 6.76731e-206 1.70982e-158 5.98417e-110 9.8168e-72 1.02843e-44 1.44318e-26 6.05444e-15 7.9902e-08 0.00272105 1.85544 30.0937 43.4948 24.5533 
457487 1477887 0 0.225336 0 0 0 0 0 0 2.84635e-304 1.1155e-253 1.13718e-201 3.13626e-155 1.13268e-107 3.10184e-70 9.15396e-44 5.48075e-26 1.33044e-14 1.25264e-07 0.00341869 2.01982 30.581 43.1913 24.2044 
459487 1477887 0 0.232338 0 0 0 0 0 0 4.30975e-298 1.61843e-248 1.47742e-197 4.7154e-152 1.86591e-105 8.94345e-69 7.68865e-43 2.00892e-25 2.86288e-14 1.94022e-07 0.00426855 2.19337 31.0551 42.8854 23.8618 
461487 1477887 0 0.239498 0 0 0 0 0 0 4.43495e-292 1.70055e-243 1.48407e-193 5.8114e-149 2.67527e-103 2.35308e-67 6.09402e-42 7.10705e-25 6.03252e-14 2.96919e-07 0.00529665 2.37599 31.5154 42.5774 23.5258 
463487 1477887 0 0.246812 0 0 0 0 0 0 3.10176e-286 1.29412e-238 1.15262e-189 5.87095e-146 3.33849e-101 5.64968e-66 4.55803e-41 2.42677e-24 1.24477e-13 4.4894e-07 0.00653168 2.56753 31.9614 42.268 23.1965 
465487 1477887 0 0.254274 0 0 0 0 0 0 1.47443e-280 7.13265e-234 6.92174e-186 4.86198e-143 3.62617e-99 1.23788e-64 3.21721e-40 7.99805e-24 2.5152e-13 6.70665e-07 0.00800487 2.76776 32.3925 41.9577 22.874 
467487 1477887 0 0.261877 0 0 0 0 0 0 4.76368e-275 2.84732e-229 3.21402e-182 3.3007e-140 3.42826e-97 2.47518e-63 2.14297e-39 2.54426e-23 4.9769e-13 9.89908e-07 0.00974976 2.97638 32.8084 41.647 22.5585 
469487 1477887 0 0.269613 0 0 0 0 0 5.11358e-319 1.04611e-269 8.23267e-225 1.15398e-178 1.83696e-137 2.82124e-95 4.51674e-62 1.34709e-38 7.81205e-23 9.64385e-13 1.44364e-06 0.0118018 3.19298 33.2087 41.3365 22.25 
471487 1477887 0 0.277472 0 0 0 0 0 6.5678e-313 1.56152e-264 1.72416e-220 3.20392e-175 8.38125e-135 2.02096e-93 7.52216e-61 7.9915e-38 2.31527e-22 1.83e-12 2.08019e-06 0.0141977 3.4171 33.593 41.0268 21.9489 
473487 1477887 0 0.285443 0 0 0 0 0 5.36687e-307 1.58437e-259 2.61551e-216 6.87872e-172 3.13505e-132 1.26021e-91 1.14333e-59 4.47425e-37 6.62333e-22 3.40068e-12 2.96162e-06 0.016975 3.64819 33.9612 40.7185 21.6551 
475487 1477887 0 0.293514 0 0 0 0 0 2.78023e-301 1.09276e-254 2.87406e-212 1.14206e-168 9.61435e-130 6.84079e-90 1.58606e-58 2.36417e-36 1.82892e-21 6.1887e-12 4.16624e-06 0.020171 3.88563 34.313 40.4122 21.369 
477487 1477887 0 0.30167 0 0 0 0 0 9.13084e-296 5.12342e-250 2.28775e-208 1.46638e-165 2.41741e-127 3.23269e-88 2.00818e-57 1.179e-35 4.87489e-21 1.10295e-11 5.79099e-06 0.0238219 4.12869 34.6483 40.1086 21.0906 
479487 1477887 0 0.309896 0 0 0 0 0 1.9012e-290 1.63299e-245 1.31919e-204 1.45609e-162 4.9837e-125 1.32993e-86 2.32076e-56 5.54925e-35 1.25427e-20 1.92506e-11 7.95351e-06 0.0279615 4.37661 34.9671 39.8082 20.8202 
481487 1477887 0 0.318174 0 0 0 0 0 2.50983e-285 3.53839e-241 5.51071e-201 1.11823e-159 8.42437e-123 4.76339e-85 2.44802e-55 2.46518e-34 3.11515e-20 3.29052e-11 1.07937e-05 0.0326202 4.62852 35.2693 39.5117 20.5578 
483487 1477887 0 0.326484 0 0 0 0 0 2.10078e-280 5.21249e-237 1.66773e-197 6.64186e-157 1.16768e-120 1.48539e-83 2.35706e-54 1.03363e-33 7.46856e-20 5.50842e-11 1.4474e-05 0.0378232 4.8835 35.5552 39.2198 20.3037 
485487 1477887 0 0.334806 0 0 0 0 0 1.11493e-275 5.22056e-233 3.65661e-194 3.05128e-154 1.32717e-118 4.0329e-82 2.0716e-53 4.09062e-33 1.72851e-19 9.03099e-11 1.91787e-05 0.0435894 5.14058 35.8247 38.933 20.058 
487487 1477887 0 0.343116 0 0 0 0 2.17335e-316 3.75201e-271 3.55498e-229 5.80874e-191 1.08424e-151 1.23698e-116 9.53371e-81 1.66202e-52 1.52804e-32 3.86179e-19 1.45009e-10 2.51116e-05 0.04993 5.39871 36.0782 38.6521 19.821 
489487 1477887 0 0.351389 0 0 0 0 2.40444e-311 8.00658e-267 1.64597e-225 6.68578e-188 2.98013e-149 9.45475e-115 1.9624e-79 1.21723e-51 5.38778e-32 8.32906e-19 2.28042e-10 3.24903e-05 0.0568468 5.6568 36.3158 38.3778 19.5928 
491487 1477887 0 0.3596 0 0 0 0 1.56483e-306 1.08346e-262 5.1819e-222 5.57578e-185 6.33617e-147 5.92655e-113 3.51733e-78 8.13816e-51 1.79317e-31 1.7342e-18 3.51235e-10 4.154e-05 0.0643308 5.91375 36.5379 38.1105 19.3735 
493487 1477887 0 0.36772 0 0 0 0 5.99085e-302 9.29776e-259 1.10931e-218 3.36946e-182 1.04212e-144 3.04675e-111 5.48973e-77 4.96718e-50 5.63352e-31 3.48584e-18 5.2985e-10 5.2483e-05 0.0723616 6.16839 36.7447 37.8511 19.1634 
495487 1477887 0 0.375719 0 0 0 0 1.34925e-297 5.06012e-255 1.61487e-215 1.47548e-179 1.32596e-142 1.28461e-109 7.46134e-76 2.76781e-49 1.67068e-30 6.76436e-18 7.82861e-10 6.55265e-05 0.0809058 6.41955 36.9368 37.6001 18.9626 
497487 1477887 0 0.383567 0 0 0 0 1.78772e-293 1.74654e-251 1.59865e-212 4.68211e-177 1.30519e-140 4.44244e-108 8.83134e-75 1.40804e-48 4.67703e-30 1.26725e-17 1.13292e-09 8.08475e-05 0.0899164 6.66605 37.1146 37.3581 18.7712 
499487 1477887 0 0.391232 0 0 0 0 1.39355e-289 3.82337e-248 1.07627e-209 1.07672e-174 9.9396e-139 1.2601e-106 9.1032e-74 6.53974e-48 1.236e-29 2.29206e-17 1.60586e-09 9.85768e-05 0.0993328 6.90669 37.2785 37.1259 18.5896 
501487 1477887 0 0.39868 0 0 0 0 6.39117e-286 5.30864e-245 4.92781e-207 1.79446e-172 5.85643e-137 2.93183e-105 8.17212e-73 2.7732e-47 3.08354e-29 4.00239e-17 2.22951e-09 0.000118781 0.109081 7.1403 37.4289 36.9039 18.4177 
503487 1477887 0 0.405878 0 0 0 0 1.72461e-282 4.67526e-242 1.53452e-204 2.16745e-170 2.66982e-135 5.59549e-104 6.38942e-72 1.07372e-46 7.26221e-29 6.74764e-17 3.03191e-09 0.000141447 0.119072 7.36571 37.5666 36.6927 18.2558 
505487 1477887 0 0.412791 0 0 0 0 2.73823e-279 2.61174e-239 3.25007e-202 1.89745e-168 9.41744e-134 8.76029e-103 4.351e-71 3.79574e-46 1.61468e-28 1.09832e-16 4.03861e-09 0.000166462 0.129207 7.58178 37.6919 36.493 18.104 
507487 1477887 0 0.419386 0 0 0 3.64966e-318 2.55819e-276 9.2549e-237 4.68198e-200 1.20395e-166 2.5704e-132 1.12511e-101 2.58066e-70 1.22521e-45 3.38927e-28 1.72608e-16 5.26943e-09 0.000193608 0.139374 7.78741 37.8053 36.3052 17.9625 
509487 1477887 0 0.425629 0 0 0 5.1676e-315 1.40636e-273 2.0804e-234 4.58774e-198 5.53706e-165 5.42875e-131 1.18545e-100 1.33321e-69 3.61114e-45 6.71646e-28 2.61908e-16 6.73467e-09 0.000222546 0.149452 7.98154 37.9076 36.1299 17.8314 
511487 1477887 0 0.431485 0 0 0 3.97425e-312 4.54959e-271 2.96668e-232 3.05784e-196 1.84586e-163 8.8725e-130 1.0247e-99 5.99937e-69 9.71862e-45 1.25659e-27 3.83709e-16 8.43135e-09 0.00025282 0.159314 8.16315 37.999 35.9675 17.7108 
513487 1477887 0 0.436922 0 0 0 1.66131e-309 8.6612e-269 2.68383e-230 1.38641e-194 4.46049e-162 1.12215e-128 7.26683e-99 2.35159e-68 2.38836e-44 2.21959e-27 5.42781e-16 1.03397e-08 0.000283861 0.168828 8.33131 38.0803 35.8185 17.6008 
515487 1477887 0 0.44191 0 0 0 3.77475e-307 9.70343e-267 1.54034e-228 4.27607e-193 7.81343e-161 1.09833e-127 4.2281e-98 8.0293e-68 5.35969e-44 3.70155e-27 7.41349e-16 1.24211e-08 0.000314997 0.177858 8.48511 38.1518 35.6833 17.5017 
517487 1477887 0 0.446418 0 0 0 4.6621e-305 6.39774e-265 5.60871e-227 8.97187e-192 9.92174e-160 8.31949e-127 2.0184e-97 2.38816e-67 1.09832e-43 5.82819e-27 9.7769e-16 1.46168e-08 0.000345477 0.186274 8.62375 38.214 35.5623 17.4134 
519487 1477887 0 0.450421 0 0 0 3.12997e-303 2.48252e-263 1.29571e-225 1.28061e-190 9.1334e-159 4.87705e-126 7.90568e-97 6.18767e-67 2.05532e-43 8.66415e-27 1.24498e-15 1.68497e-08 0.000374496 0.193945 8.74649 38.2673 35.4558 17.336 
521487 1477887 0 0.453892 0 0 0 1.14229e-301 5.66935e-262 1.89917e-224 1.24354e-189 6.09516e-158 2.2127e-125 2.5407e-96 1.39662e-66 3.5123e-43 1.21609e-26 1.53079e-15 1.90276e-08 0.000401231 0.200753 8.85269 38.3122 35.3642 17.2697 
523487 1477887 0 0.456811 0 0 0 2.26618e-300 7.62004e-261 1.76617e-223 8.21522e-189 2.94887e-157 7.76966e-125 6.69969e-96 2.74613e-66 5.48117e-43 1.61161e-26 1.81744e-15 2.10488e-08 0.000424879 0.206586 8.94177 38.349 35.2877 17.2145 
525487 1477887 0 0.459158 0 0 0 2.44402e-299 6.02798e-260 1.04215e-222 3.69233e-188 1.03431e-156 2.11155e-124 1.44961e-95 4.70394e-66 7.81139e-43 2.01654e-26 2.08352e-15 2.28102e-08 0.000444695 0.21135 9.01326 38.378 35.2265 17.1705 
527487 1477887 0 0.460918 0 0 0 1.43289e-298 2.80661e-259 3.90169e-222 1.12904e-187 2.6301e-156 4.44149e-124 2.57365e-95 7.0195e-66 1.01662e-42 2.38238e-26 2.3064e-15 2.42152e-08 0.000460031 0.214965 9.06678 38.3993 35.1808 17.1377 
529487 1477887 0 0.46208 0 0 0 4.56693e-298 7.6912e-259 9.26855e-222 2.34885e-187 4.84875e-156 7.23078e-124 3.74931e-95 9.1255e-66 1.20829e-42 2.65752e-26 2.46531e-15 2.51831e-08 0.000470373 0.217368 9.10204 38.4132 35.1508 17.1161 
531487 1477887 0 0.462636 0 0 0 7.91297e-298 1.24054e-258 1.39704e-221 3.32456e-187 6.48074e-156 9.1112e-124 4.48189e-95 1.03351e-65 1.31148e-42 2.79901e-26 2.54453e-15 2.56561e-08 0.000475367 0.21852 9.11886 38.4198 35.1365 17.1059 
533487 1477887 0 0.462583 0 0 0 7.45351e-298 1.17769e-258 1.33611e-221 3.20149e-187 6.27997e-156 8.88588e-124 4.39621e-95 1.01973e-65 1.29998e-42 2.78351e-26 2.53598e-15 2.56057e-08 0.00047484 0.2184 9.11714 38.4192 35.1379 17.1069 
535487 1477887 0 0.46192 0 0 0 3.81671e-298 6.58046e-259 8.10804e-222 2.09752e-187 4.41194e-156 6.70749e-124 3.53838e-95 8.76523e-66 1.17677e-42 2.61363e-26 2.44053e-15 2.50348e-08 0.000468811 0.217011 9.09689 38.4113 35.1551 17.1192 
537487 1477887 0 0.460652 0 0 0 1.06248e-298 2.16414e-259 3.12195e-222 9.34969e-188 2.24718e-156 3.9188e-124 2.33689e-95 6.56372e-66 9.72812e-43 2.31716e-26 2.26789e-15 2.3978e-08 0.000457488 0.214375 9.05823 38.3961 35.1881 17.1428 
539487 1477887 0 0.458789 0 0 0 1.60788e-299 4.18904e-260 7.62727e-223 2.83544e-188 8.29809e-157 1.77205e-124 1.26641e-95 4.28196e-66 7.3442e-43 1.93967e-26 2.03498e-15 2.24979e-08 0.000441257 0.210539 9.00135 38.3734 35.2366 17.1777 
541487 1477887 0 0.45634 0 0 0 1.32277e-300 4.77243e-261 1.18234e-223 5.85021e-189 2.22151e-157 6.20189e-125 5.63133e-96 2.43353e-66 5.06334e-43 1.53305e-26 1.76318e-15 2.06791e-08 0.00042066 0.205568 8.92657 38.3431 35.3006 17.2237 
543487 1477887 0 0.453324 0 0 0 5.91569e-302 3.20002e-262 1.16289e-224 8.21192e-190 4.31163e-158 1.67993e-125 2.05467e-96 1.20484e-66 3.18787e-43 1.14404e-26 1.47511e-15 1.86198e-08 0.000396366 0.199543 8.83428 38.3049 35.3799 17.2809 
545487 1477887 0 0.449758 0 0 0 1.43816e-303 1.26284e-263 7.25684e-226 7.84209e-191 6.06666e-159 3.52185e-126 6.15118e-97 5.19653e-67 1.83288e-43 8.06075e-27 1.19165e-15 1.64238e-08 0.000369134 0.192564 8.72497 38.2585 35.4743 17.3492 
547487 1477887 0 0.445665 0 0 0 1.90058e-305 2.93304e-265 2.87319e-227 5.09477e-192 6.1882e-160 5.71419e-127 1.51097e-97 1.95246e-67 9.62341e-44 5.36238e-27 9.29515e-16 1.41913e-08 0.000339774 0.184743 8.59923 38.2036 35.5835 17.4286 
549487 1477887 0 0.441071 0 0 0 1.3653e-307 4.00912e-267 7.21734e-229 2.25171e-193 4.57589e-161 7.17516e-128 3.04524e-98 6.39039e-68 4.61404e-44 3.36808e-27 7.00084e-16 1.2012e-08 0.00030911 0.176202 8.45772 38.1398 35.7071 17.5189 
551487 1477887 0 0.436003 0 0 0 5.33117e-310 3.22502e-269 1.15021e-230 6.76994e-195 2.45286e-162 6.97255e-129 5.03555e-99 1.82197e-68 2.02015e-44 1.9973e-27 5.09123e-16 9.95983e-09 0.000277936 0.167071 8.30119 38.0666 35.8449 17.62 
553487 1477887 0 0.430491 0 0 0 1.13151e-312 1.5267e-271 1.16291e-232 1.38461e-196 9.53109e-164 5.24352e-130 6.83156e-100 4.52494e-69 8.07659e-45 1.11824e-27 3.57495e-16 8.08955e-09 0.000246992 0.157481 8.13048 37.9836 35.9964 17.7319 
555487 1477887 0 0.424565 0 0 0 1.30533e-315 4.25308e-274 7.45894e-235 1.92633e-198 2.68456e-165 3.05149e-131 7.60377e-101 9.78885e-70 2.94854e-45 5.9109e-28 2.42374e-16 6.43618e-09 0.000216931 0.147569 7.94648 37.8902 36.1612 17.8544 
557487 1477887 0 0.41826 0 0 0 8.16196e-319 6.9721e-277 3.03496e-237 1.82297e-200 5.48086e-167 1.37418e-132 6.9432e-102 1.84454e-70 9.82905e-46 2.94978e-28 1.5866e-16 5.01602e-09 0.000188302 0.137464 7.75014 37.786 36.3388 17.9874 
559487 1477887 0 0.411607 0 0 0 0 6.72545e-280 7.83357e-240 1.17343e-202 8.11065e-169 4.78858e-134 5.20115e-103 3.02738e-71 2.9918e-46 1.38975e-28 1.00277e-16 3.82922e-09 0.000161539 0.127295 7.5425 37.6705 36.5288 18.1308 
561487 1477887 0 0.404642 0 0 0 0 3.81733e-283 1.28257e-242 5.13744e-205 8.69919e-171 1.29117e-135 3.19619e-104 4.32771e-72 8.31494e-47 6.1814e-29 6.11915e-17 2.86336e-09 0.000136957 0.117179 7.32462 37.543 36.7307 18.2844 
563487 1477887 0 0.397399 0 0 0 0 1.27486e-286 1.33199e-245 1.5298e-207 6.76241e-173 2.69375e-137 1.61118e-105 5.38825e-73 2.11e-47 2.59557e-29 3.60515e-17 2.09725e-09 0.000114753 0.107226 7.09761 37.4031 36.9439 18.4481 
565487 1477887 0 0.389912 0 0 0 0 2.50505e-290 8.77411e-249 3.09818e-210 3.80984e-175 4.34825e-139 6.66221e-107 5.8428e-74 4.88868e-48 1.02889e-29 2.05066e-17 1.50462e-09 9.50208e-05 0.0975341 6.86261 37.2503 37.1678 18.6217 
567487 1477887 0 0.382214 0 0 0 0 2.89602e-294 3.66582e-252 4.26718e-213 1.55553e-177 5.43045e-141 2.25964e-108 5.51779e-75 1.03413e-48 3.85018e-30 1.12614e-17 1.0573e-09 7.77563e-05 0.0881888 6.6208 37.0839 37.4019 18.8052 
569487 1477887 0 0.374339 0 0 0 0 1.96971e-298 9.71376e-256 3.99691e-216 4.60258e-180 5.24694e-143 6.28622e-110 4.538e-76 1.9972e-49 1.36008e-30 5.97061e-18 7.27712e-10 6.28796e-05 0.0792618 6.37335 36.9036 37.6455 18.9982 
571487 1477887 0 0.366317 0 0 0 0 7.88132e-303 1.63243e-259 2.54587e-219 9.86859e-183 3.92201e-145 1.43434e-111 3.25015e-77 3.52143e-50 4.53536e-31 3.05605e-18 4.90573e-10 5.02499e-05 0.0708112 6.12146 36.7089 37.8981 19.2007 
573487 1477887 0 0.358181 0 0 0 0 1.85514e-307 1.73979e-263 1.10271e-222 1.53329e-185 2.2679e-147 2.68419e-113 2.02707e-78 5.66836e-51 1.42762e-31 1.51012e-18 3.2391e-10 3.9683e-05 0.0628812 5.86631 36.4993 38.159 19.4125 
575487 1477887 0 0.349959 0 0 0 0 2.56873e-312 1.17586e-267 3.24777e-226 1.7262e-188 1.01447e-149 4.11959e-115 1.10089e-79 8.32958e-52 4.24187e-32 7.20386e-19 2.09467e-10 3.09679e-05 0.0555027 5.60908 36.2745 38.4276 19.6333 
577487 1477887 0 0.341678 0 0 0 0 2.09306e-317 5.03955e-272 6.50409e-230 1.40812e-191 3.51019e-152 5.18511e-117 5.20615e-81 1.11739e-52 1.1897e-32 3.31753e-19 1.32669e-10 2.3881e-05 0.0486941 5.3509 36.034 38.7032 19.8632 
579487 1477887 0 0.333366 0 0 0 0 0 1.36959e-276 8.85624e-234 8.32242e-195 9.39478e-155 5.3519e-119 2.14372e-82 1.36833e-53 3.14953e-33 1.47487e-19 8.22963e-11 1.81977e-05 0.042462 5.09289 35.7777 38.9852 20.1017 
581487 1477887 0 0.325046 0 0 0 0 0 2.36015e-281 8.19895e-238 3.56376e-198 1.94487e-157 4.52989e-121 7.68569e-84 1.52956e-54 7.86994e-34 6.32955e-20 4.99969e-11 1.37025e-05 0.0368028 4.83614 35.5052 39.2729 20.3489 
583487 1477887 0 0.316742 0 0 0 0 0 2.57879e-286 5.16055e-242 1.1056e-201 3.11403e-160 3.14399e-123 2.39909e-85 1.56071e-55 1.85612e-34 2.62221e-20 2.97476e-11 1.01953e-05 0.0317039 4.58166 35.2164 39.5657 20.6045 
585487 1477887 0 0.308473 0 0 0 0 0 1.78651e-291 2.20824e-246 2.48486e-205 3.8563e-163 1.78926e-125 6.51999e-87 1.45361e-56 4.13183e-35 1.04865e-20 1.7334e-11 7.49559e-06 0.0271449 4.33043 34.9112 39.863 20.8683 
587487 1477887 0 0.300259 0 0 0 0 0 7.84685e-297 6.42385e-251 4.04582e-209 3.69332e-166 8.34924e-128 1.54264e-88 1.23574e-57 8.68101e-36 4.04816e-21 9.89191e-12 5.44521e-06 0.0230996 4.08335 34.5894 40.164 21.1401 
589487 1477887 0 0.292118 0 0 0 0 0 2.18509e-302 1.27036e-255 4.77194e-213 2.73556e-169 3.19439e-130 3.17753e-90 9.58843e-59 1.7214e-36 1.50847e-21 5.52828e-12 3.90859e-06 0.0195369 3.84128 34.2511 40.4682 21.4199 
591487 1477887 0 0.284065 0 0 0 0 0 3.85754e-308 1.70776e-260 4.07712e-217 1.56692e-172 1.00203e-132 5.69777e-92 6.79049e-60 3.22156e-37 5.42586e-22 3.02568e-12 2.77216e-06 0.0164225 3.60497 33.8964 40.7749 21.7074 
593487 1477887 0 0.276114 0 0 0 0 0 4.31725e-314 1.56056e-265 2.5233e-221 6.94064e-176 2.57699e-135 8.894e-94 4.38909e-61 5.69008e-38 1.88383e-22 1.62171e-12 1.94269e-06 0.0137197 3.37513 33.5253 41.0834 22.0024 
595487 1477887 0 0.268277 0 0 0 0 0 3.50787e-320 9.69335e-271 1.13116e-225 2.37736e-179 5.43337e-138 1.20852e-95 2.58914e-62 9.48481e-39 6.31324e-23 8.51213e-13 1.34515e-06 0.0113913 3.15236 33.1381 41.3933 22.3049 
597487 1477887 0 0.260565 0 0 0 0 0 0 4.09257e-276 3.67292e-230 6.29677e-183 9.39154e-141 1.42942e-97 1.39391e-63 1.49207e-39 2.04218e-23 4.37533e-13 9.20278e-07 0.00939977 2.93721 32.735 41.7039 22.6145 
