#EAST NORTH ELEV Kg/m^2 [-4.5->-4.07143) [-4.07143->-3.64286) [-3.64286->-3.21429) [-3.21429->-2.78571) [-2.78571->-2.35714) [-2.35714->-1.92857) [-1.92857->-1.5) [-1.5->-1.07143) [-1.07143->-0.642857) [-0.642857->-0.214286) [-0.214286->0.214286) [0.214286->0.642857) [0.642857->1.07143) [1.07143->1.5) [1.5->1.92857) [1.92857->2.35714) [2.35714->2.78571) [2.78571->3.21429) [3.21429->3.64286) [3.64286->4.07143) [4.07143->4.5) (percent)
433487 1479887 0 0.164445 0 0 0 0 0 0 0 9.71906e-293 1.15409e-231 5.88059e-178 1.1981e-123 6.48749e-81 1.27985e-50 3.188e-30 3.96283e-17 4.49561e-09 0.000902448 1.36794 28.5897 44.4056 25.6359 
435487 1479887 0 0.169629 0 0 0 0 0 0 0 1.00962e-286 6.82965e-227 2.79573e-174 4.43537e-121 3.2142e-79 1.52164e-49 1.44867e-29 9.6973e-17 7.49693e-09 0.00116144 1.50004 29.1091 44.1167 25.273 
437487 1479887 0 0.174969 0 0 0 0 0 0 0 7.89592e-281 3.22637e-222 1.11717e-170 1.45412e-118 1.46959e-77 1.7192e-48 6.38061e-29 2.32946e-16 1.23695e-08 0.00148678 1.64144 29.6196 43.8229 24.9146 
439487 1479887 0 0.180467 0 0 0 0 0 0 0 4.64903e-275 1.21672e-217 3.75235e-167 4.22188e-116 6.20093e-76 1.84588e-47 2.72396e-28 5.49311e-16 2.01926e-08 0.00189308 1.79241 30.1205 43.5244 24.5608 
441487 1479887 0 0.186126 0 0 0 0 0 0 0 2.06084e-269 3.663e-213 1.05937e-163 1.08557e-113 2.41468e-74 1.88344e-46 1.12717e-27 1.27158e-15 3.26142e-08 0.00239755 1.95317 30.6111 43.2216 24.2118 
443487 1479887 0 0.191948 0 0 0 0 0 0 2.28037e-316 6.87784e-264 8.8035e-209 2.51398e-160 2.47206e-111 8.67779e-73 1.8263e-45 4.52094e-27 2.88959e-15 5.21191e-08 0.00302025 2.1239 31.0908 42.9148 23.8675 
445487 1479887 0 0.197932 0 0 0 0 0 0 6.62367e-310 1.7282e-258 1.68909e-204 5.01477e-157 4.98561e-109 2.87816e-71 1.68296e-44 1.75761e-26 6.44606e-15 8.24073e-08 0.00378441 2.30474 31.5589 42.6044 23.5282 
447487 1479887 0 0.204082 0 0 0 0 0 0 1.36996e-303 3.26944e-253 2.58725e-200 8.40855e-154 8.90518e-107 8.81018e-70 1.47388e-43 6.62335e-26 1.41163e-14 1.28918e-07 0.00471664 2.49577 32.0149 42.2908 23.1938 
449487 1479887 0 0.210396 0 0 0 0 0 0 2.01769e-297 4.65693e-248 3.16386e-196 1.18517e-150 1.40877e-104 2.489e-68 1.2267e-42 2.41933e-25 3.03473e-14 1.99546e-07 0.00584723 2.69703 32.4583 41.9743 22.8645 
451487 1479887 0 0.216875 0 0 0 0 0 0 2.11612e-291 4.99437e-243 3.08884e-192 1.40422e-147 1.97387e-102 6.48999e-67 9.70319e-42 8.56598e-25 6.4046e-14 3.05602e-07 0.00721027 2.90847 32.8885 41.6554 22.5404 
453487 1479887 0 0.223518 0 0 0 0 0 0 1.58043e-285 4.03295e-238 2.40759e-188 1.39861e-144 2.44954e-100 1.56189e-65 7.29445e-41 2.93988e-24 1.32691e-13 4.63078e-07 0.00884382 3.13001 33.3051 41.3344 22.2216 
455487 1479887 0 0.230324 0 0 0 0 0 0 8.40562e-280 2.45208e-233 1.49826e-184 1.17103e-141 2.69247e-98 3.46938e-64 5.2117e-40 9.78039e-24 2.6988e-13 6.9429e-07 0.0107899 3.36149 33.7076 41.0119 21.9082 
457487 1479887 0 0.23729 0 0 0 0 0 0 3.18368e-274 1.1226e-228 7.44416e-181 8.24261e-139 2.62135e-96 7.11306e-63 3.539e-39 3.15399e-23 5.38867e-13 1.02996e-06 0.0130944 3.60267 34.0957 40.6882 21.6004 
459487 1479887 0 0.244413 0 0 0 0 0 3.12897e-317 8.58749e-269 3.86993e-224 2.95312e-177 4.87744e-136 2.26057e-94 1.34609e-61 2.28404e-38 9.85932e-23 1.05628e-12 1.51178e-06 0.015807 3.85325 34.469 40.3638 21.2982 
461487 1479887 0 0.251688 0 0 0 0 0 5.26536e-311 1.64963e-263 1.00457e-219 9.35384e-174 2.42639e-133 1.72679e-92 2.35133e-60 1.40105e-37 2.98758e-22 2.03266e-12 2.19562e-06 0.0189805 4.11285 34.8273 40.0392 21.0017 
463487 1479887 0 0.259112 0 0 0 0 0 5.93793e-305 2.25686e-258 1.96364e-215 2.36567e-170 1.0148e-130 1.16842e-90 3.79126e-59 8.16843e-37 8.77574e-22 3.84012e-12 3.15518e-06 0.0226709 4.38103 35.1703 39.7148 20.7112 
465487 1479887 0 0.266677 0 0 0 0 0 4.48953e-299 2.19902e-253 2.89045e-211 4.77732e-167 3.56835e-128 7.0034e-89 5.6428e-58 4.52652e-36 2.49887e-21 7.12231e-12 4.48636e-06 0.026936 4.65725 35.4979 39.3912 20.4267 
467487 1479887 0 0.274377 0 0 0 0 0 2.27581e-293 1.52605e-248 3.20404e-207 7.70358e-164 1.05494e-125 3.71861e-87 7.75276e-57 2.38418e-35 6.89769e-21 1.29687e-11 6.31207e-06 0.031835 4.94091 35.81 39.0689 20.1483 
469487 1479887 0 0.282202 0 0 0 0 0 7.73488e-288 7.54295e-244 2.67468e-203 9.91951e-161 2.62225e-123 1.74915e-85 9.83282e-56 1.19362e-34 1.84574e-20 2.31835e-11 8.78738e-06 0.0374273 5.23135 36.1065 38.7484 19.8763 
471487 1479887 0 0.290142 0 0 0 0 0 1.76264e-282 2.65555e-239 1.68151e-199 1.01997e-157 5.48052e-121 7.28884e-84 1.15125e-54 5.68014e-34 4.78792e-20 4.06884e-11 1.21049e-05 0.0437711 5.52781 36.3875 38.4302 19.6107 
473487 1479887 0 0.298186 0 0 0 0 0 2.69329e-277 6.6592e-235 7.9615e-196 8.37536e-155 9.63123e-119 2.69084e-82 1.24435e-53 2.56933e-33 1.20404e-19 7.01094e-11 1.65e-05 0.0509221 5.82949 36.6529 38.1149 19.3518 
475487 1479887 0 0.306321 0 0 0 0 5.11338e-317 2.75944e-272 1.18948e-230 2.83903e-192 5.4922e-152 1.42321e-116 8.80095e-81 1.24167e-52 1.10473e-32 2.93533e-19 1.18604e-10 2.22551e-05 0.0589318 6.13551 36.903 37.803 19.0995 
477487 1479887 0 0.314532 0 0 0 0 2.14786e-311 1.89581e-267 1.51348e-226 7.62501e-189 2.87628e-149 1.76846e-114 2.55033e-79 1.14386e-51 4.51523e-32 6.93745e-19 1.96992e-10 2.97032e-05 0.0678457 6.44495 37.1379 37.4951 18.8542 
479487 1479887 0 0.322802 0 0 0 0 5.67042e-306 8.73403e-263 1.3718e-222 1.54248e-185 1.20302e-146 1.84789e-112 6.54786e-78 9.7286e-51 1.75427e-31 1.58956e-18 3.21237e-10 3.92293e-05 0.0777014 6.7568 37.3578 37.1917 18.6159 
481487 1479887 0 0.331115 0 0 0 0 9.40814e-301 2.69835e-258 8.85759e-219 2.35029e-182 4.01869e-144 1.62378e-110 1.48955e-76 7.63925e-50 6.47903e-31 3.53097e-18 5.14324e-10 5.12692e-05 0.0885269 7.07005 37.563 36.8935 18.3849 
483487 1479887 0 0.33945 0 0 0 0 9.81039e-296 5.59062e-254 4.07443e-215 2.6975e-179 1.07222e-141 1.19995e-108 3.00245e-75 5.53842e-49 2.27475e-30 7.60427e-18 8.08516e-10 6.6305e-05 0.100338 7.38362 37.7539 36.6009 18.1611 
485487 1479887 0 0.347786 0 0 0 0 6.42952e-291 7.76811e-250 1.33524e-211 2.33214e-176 2.28499e-139 7.45756e-107 5.36259e-74 3.70736e-48 7.59228e-30 1.58772e-17 1.24792e-09 8.48567e-05 0.113138 7.69639 37.9309 36.3146 17.9449 
487487 1479887 0 0.356099 0 0 0 0 2.64847e-286 7.23902e-246 3.11752e-208 1.51886e-173 3.88957e-137 3.89804e-105 8.48725e-73 2.29139e-47 2.40899e-29 3.21401e-17 1.89119e-09 0.000107468 0.126913 8.00723 38.0943 36.0351 17.7363 
489487 1479887 0 0.364366 0 0 0 0 6.85731e-282 4.52449e-242 5.18599e-205 7.4519e-171 5.28876e-135 1.71367e-103 1.19033e-71 1.30767e-46 7.26657e-29 6.30792e-17 2.81412e-09 0.000134691 0.141634 8.31498 38.2447 35.763 17.5356 
491487 1479887 0 0.372561 0 0 0 4.69362e-319 1.11601e-277 1.89671e-238 6.14672e-202 2.75434e-168 5.74454e-133 6.33654e-102 1.4794e-70 6.89092e-46 2.08384e-28 1.20032e-16 4.11162e-09 0.000167056 0.157251 8.61849 38.3825 35.4988 17.3428 
493487 1479887 0 0.380654 0 0 0 1.87533e-314 1.14172e-273 5.3332e-235 5.19112e-199 7.66984e-166 4.98451e-131 1.97079e-100 1.62944e-69 3.35307e-45 5.68129e-28 2.21456e-16 5.89866e-09 0.000205049 0.173699 8.91658 38.5084 35.243 17.1581 
495487 1479887 0 0.388619 0 0 0 4.39393e-310 7.34241e-270 1.00589e-231 3.12392e-196 1.60912e-163 3.45518e-129 5.15591e-99 1.59053e-68 1.50662e-44 1.4726e-27 3.96151e-16 8.30941e-09 0.000249077 0.190888 9.20809 38.6227 34.9963 16.9817 
497487 1479887 0 0.396423 0 0 0 6.04408e-306 2.96841e-266 1.27263e-228 1.33961e-193 2.54356e-161 1.91345e-127 1.13465e-97 1.37595e-67 6.25139e-44 3.629e-27 6.87111e-16 1.14939e-08 0.00029943 0.208712 9.49186 38.7263 34.7592 16.8137 
499487 1479887 0 0.404036 0 0 0 4.88115e-302 7.54454e-263 1.08009e-225 4.09365e-191 3.02944e-159 8.46601e-126 2.10053e-96 1.05497e-66 2.39533e-43 8.50276e-27 1.15556e-15 1.56119e-08 0.000356246 0.227044 9.76676 38.8196 34.5321 16.6542 
501487 1479887 0 0.411426 0 0 0 2.31445e-298 1.20553e-259 6.14955e-223 8.91482e-189 2.71873e-157 2.99274e-124 3.27129e-95 7.16914e-66 8.47586e-43 1.89414e-26 1.88434e-15 2.08228e-08 0.00041947 0.245737 10.0317 38.9032 34.3156 16.5033 
503487 1479887 0 0.41856 0 0 0 6.44346e-295 1.2111e-256 2.34889e-220 1.38357e-186 1.83851e-155 8.45288e-123 4.28595e-94 4.3181e-65 2.76974e-42 4.01191e-26 2.97947e-15 2.72723e-08 0.000488829 0.264628 10.2856 38.9779 34.1101 16.3613 
505487 1479887 0 0.425405 0 0 0 1.05331e-291 7.64984e-254 6.01917e-218 1.53035e-184 9.36876e-154 1.90766e-121 4.72418e-93 2.30531e-64 8.35878e-42 8.07947e-26 4.5681e-15 3.50761e-08 0.000563797 0.283538 10.5274 39.0442 33.9161 16.2282 
507487 1479887 0 0.431928 0 0 0 1.01104e-288 3.03815e-251 1.03485e-215 1.20642e-182 3.5977e-152 3.4401e-120 4.38099e-92 1.09092e-63 2.32971e-41 1.54709e-25 6.79134e-15 4.4301e-08 0.000643583 0.302276 10.7561 39.1026 33.7342 16.1041 
509487 1479887 0 0.438097 0 0 0 5.6987e-286 7.5869e-249 1.19372e-213 6.77856e-181 1.04115e-150 4.95713e-119 3.41819e-91 4.57601e-63 5.99688e-41 2.81679e-25 9.79049e-15 5.49457e-08 0.000727122 0.320641 10.9709 39.1539 33.5645 15.9892 
511487 1479887 0 0.443879 0 0 0 1.88621e-283 1.19133e-246 9.23904e-212 2.71469e-179 2.27067e-149 5.70811e-118 2.24395e-90 1.70149e-62 1.42568e-40 4.8765e-25 1.36864e-14 6.69233e-08 0.000813088 0.338424 11.1708 39.1987 33.4077 15.8836 
513487 1479887 0 0.449243 0 0 5.51871e-319 3.66625e-281 1.17633e-244 4.79799e-210 7.74927e-178 3.73222e-148 5.25252e-117 1.23946e-89 5.60822e-62 3.13038e-40 8.02751e-25 1.85529e-14 8.00478e-08 0.000899911 0.355416 11.355 39.2373 33.2641 15.7873 
515487 1479887 0 0.45416 0 0 1.18812e-316 4.18492e-279 7.304e-243 1.67191e-208 1.57678e-176 4.62339e-147 3.86252e-116 5.76059e-89 1.63865e-61 6.34835e-40 1.25655e-24 2.43881e-14 9.40275e-08 0.000985822 0.371407 11.5228 39.2705 33.1339 15.7004 
517487 1479887 0 0.458601 0 0 1.39368e-314 2.8054e-277 2.85196e-241 3.90933e-207 2.28698e-175 4.31665e-146 2.26992e-115 2.25281e-88 4.24444e-61 1.1891e-39 1.87028e-24 3.10882e-14 1.08467e-07 0.0010689 0.386194 11.6735 39.2986 33.0175 15.6231 
519487 1479887 0 0.462542 0 0 8.94492e-313 1.10448e-275 7.00303e-240 6.13386e-206 2.36454e-174 3.03764e-145 1.0661e-114 7.41339e-88 9.74617e-61 2.05719e-39 2.64709e-24 3.84296e-14 1.2288e-07 0.00114716 0.399583 11.8065 39.3222 32.9152 15.5554 
521487 1479887 0 0.465957 0 0 3.14121e-311 2.55376e-274 1.08143e-238 6.4583e-205 1.74273e-173 1.61115e-144 4.00164e-114 2.05282e-87 1.98397e-60 3.28726e-39 3.56262e-24 4.60673e-14 1.36714e-07 0.0012186 0.411395 11.9212 39.3415 32.8273 15.4974 
523487 1479887 0 0.468828 0 0 6.03578e-310 3.46796e-273 1.05023e-237 4.56314e-204 9.15633e-173 6.44105e-144 1.20045e-113 4.78335e-87 3.58037e-60 4.85181e-39 4.55945e-24 5.35526e-14 1.4938e-07 0.00128129 0.421467 12.0172 39.3571 32.7539 15.4491 
525487 1479887 0 0.471135 0 0 6.34589e-309 2.76595e-272 6.41443e-237 2.1636e-203 3.42948e-172 1.9409e-143 2.87818e-113 9.37926e-87 5.72822e-60 6.61433e-39 5.54884e-24 6.03713e-14 1.60296e-07 0.00133349 0.429658 12.0941 39.3691 32.6953 15.4106 
527487 1479887 0 0.472866 0 0 3.65072e-308 1.29568e-271 2.46388e-236 6.88435e-203 9.15706e-172 4.40839e-143 5.51527e-113 1.54762e-86 8.1248e-60 8.32882e-39 6.42154e-24 6.60003e-14 1.68929e-07 0.00137369 0.435854 12.1515 39.3779 32.6515 15.3819 
529487 1479887 0 0.474007 0 0 1.14921e-307 3.56484e-271 5.95215e-236 1.47003e-202 1.74304e-171 7.54731e-143 8.44685e-113 2.14893e-86 1.02167e-59 9.68722e-39 7.06685e-24 6.99727e-14 1.74841e-07 0.00140071 0.439966 12.1894 39.3835 32.6227 15.363 
531487 1479887 0 0.474554 0 0 1.97948e-307 5.76062e-271 9.04325e-236 2.10653e-202 2.36531e-171 9.73964e-143 1.03396e-112 2.511e-86 1.13897e-59 1.04072e-38 7.39543e-24 7.19414e-14 1.7772e-07 0.00141373 0.441933 12.2074 39.3862 32.609 15.354 
533487 1479887 0 0.474502 0 0 1.86569e-307 5.46752e-271 8.64117e-236 2.02578e-202 2.2882e-171 9.47398e-143 1.01157e-112 2.46909e-86 1.12571e-59 1.03274e-38 7.35958e-24 7.17294e-14 1.77414e-07 0.00141236 0.441729 12.2056 39.386 32.6104 15.3549 
535487 1479887 0 0.473851 0 0 9.62199e-308 3.0479e-271 5.19299e-236 1.30736e-202 1.57809e-171 6.94643e-143 7.90986e-113 2.04312e-86 9.86379e-60 9.46599e-39 6.96456e-24 6.9356e-14 1.73938e-07 0.00139664 0.439356 12.1839 39.3828 32.6269 15.3657 
537487 1479887 0 0.472605 0 0 2.71534e-308 9.97933e-272 1.96272e-236 5.66214e-203 7.75879e-172 3.83909e-143 4.94337e-113 1.42271e-86 7.66247e-60 8.01421e-39 6.26737e-24 6.50337e-14 1.67478e-07 0.00136705 0.434848 12.1424 39.3766 32.6584 15.3863 
539487 1479887 0 0.470773 0 0 4.1929e-309 1.91906e-272 4.66542e-237 1.64566e-203 2.71945e-172 1.5993e-143 2.4692e-113 8.33679e-87 5.27713e-60 6.2672e-39 5.36323e-24 5.9137e-14 1.58371e-07 0.00132447 0.428269 12.0813 39.3673 32.7049 15.4168 
541487 1479887 0 0.468366 0 0 3.54268e-310 2.16748e-273 6.97448e-238 3.20976e-204 6.79496e-173 5.02182e-144 9.8574e-114 4.11094e-87 3.22202e-60 4.5269e-39 4.3643e-24 5.21489e-14 1.47077e-07 0.00127015 0.419715 12.0009 39.3547 32.7663 15.4571 
543487 1479887 0 0.465399 0 0 1.63784e-311 1.4378e-274 6.55715e-239 4.20119e-205 1.21034e-173 1.18855e-144 3.14512e-114 1.70583e-87 1.74403e-60 3.02024e-39 3.37714e-24 4.45958e-14 1.34143e-07 0.00120566 0.409305 11.9014 39.3386 32.8423 15.5072 
545487 1479887 0 0.46189 0 0 4.14308e-313 5.60161e-276 3.87699e-240 3.69003e-206 1.53686e-174 2.12028e-145 8.01999e-115 5.95634e-88 8.36899e-61 1.86118e-39 2.48499e-24 3.6983e-14 1.20154e-07 0.00113278 0.397185 11.7833 39.3185 32.9329 15.567 
547487 1479887 0 0.457861 0 0 5.73433e-315 1.2817e-277 1.44159e-241 2.1749e-207 1.39111e-175 2.85087e-146 1.63442e-115 1.7501e-88 3.56023e-61 1.05935e-39 1.73875e-24 2.97417e-14 1.05694e-07 0.00105346 0.383519 11.647 39.2942 33.0378 15.6364 
549487 1479887 0 0.453335 0 0 4.34259e-317 1.72231e-279 3.3709e-243 8.60183e-209 8.97586e-177 2.8891e-147 2.66195e-116 4.32691e-89 1.34264e-61 5.56918e-40 1.15687e-24 2.31944e-14 9.13074e-08 0.000969685 0.368491 11.4931 39.2652 33.1567 15.7155 
551487 1479887 0 0.448338 0 0 1.81816e-319 1.35918e-281 4.95677e-245 2.28283e-210 4.1283e-178 2.20668e-148 3.46475e-117 9.00152e-90 4.48865e-62 2.70417e-40 7.31918e-25 1.75408e-14 7.74637e-08 0.000883458 0.352296 11.3222 39.2312 33.2894 15.804 
553487 1479887 0 0.442899 0 0 0 6.29904e-284 4.5834e-247 4.06515e-212 1.35342e-179 1.27027e-149 3.60385e-118 1.57567e-90 1.33025e-62 1.21272e-40 4.40315e-25 1.28635e-14 6.45391e-08 0.000796668 0.33514 11.135 39.1915 33.4355 15.902 
555487 1479887 0 0.437048 0 0 0 1.7143e-286 2.66502e-249 4.85721e-214 3.16265e-181 5.51083e-151 2.99554e-119 2.32069e-91 3.49465e-63 5.02307e-41 2.51874e-25 9.1476e-15 5.2805e-08 0.000711049 0.317232 10.9323 39.1457 33.5947 16.0094 
557487 1479887 0 0.430816 0 0 0 2.73971e-289 9.74368e-252 3.89396e-216 5.26759e-183 1.80175e-152 1.98967e-120 2.87579e-92 8.138e-64 1.92153e-41 1.36998e-25 6.30796e-15 4.24278e-08 0.000628128 0.298781 10.7149 39.0931 33.7666 16.1259 
559487 1479887 0 0.424235 0 0 0 2.57106e-292 2.23997e-254 2.09448e-218 6.25318e-185 4.43926e-154 1.05603e-121 2.9983e-93 1.67983e-64 6.78873e-42 7.0852e-26 4.21793e-15 3.34767e-08 0.000549183 0.279996 10.4837 39.0333 33.9508 16.2516 
561487 1479887 0 0.417338 0 0 0 1.41676e-295 3.23776e-257 7.55838e-221 5.29058e-187 8.24238e-156 4.47859e-123 2.63e-94 3.0735e-65 2.21505e-42 3.48409e-26 2.73483e-15 2.59386e-08 0.000475227 0.261075 10.2396 38.9656 34.1469 16.3864 
563487 1479887 0 0.410158 0 0 0 4.58395e-299 2.94248e-260 1.82992e-223 3.19011e-189 1.15321e-157 1.51763e-124 1.94083e-95 4.9844e-66 6.67461e-43 1.62899e-26 1.71941e-15 1.97358e-08 0.000406999 0.242208 9.98358 38.8894 34.3544 16.53 
565487 1479887 0 0.402728 0 0 0 8.7082e-303 1.68126e-263 2.97214e-226 1.37085e-191 1.21578e-159 4.10894e-126 1.2049e-96 7.16455e-67 1.85739e-43 7.24158e-27 1.04818e-15 1.47457e-08 0.000344977 0.223572 9.71673 38.8041 34.5729 16.6824 
567487 1479887 0 0.39508 0 0 0 9.71284e-307 6.03935e-267 3.23837e-229 4.198e-194 9.65795e-162 8.88838e-128 6.29273e-98 9.12748e-68 4.77318e-44 3.06073e-27 6.19582e-16 1.08185e-08 0.000289389 0.205325 9.44011 38.709 34.8019 16.8434 
569487 1479887 0 0.387247 0 0 0 6.3603e-311 1.36385e-270 2.36694e-232 9.16108e-197 5.78066e-164 1.53612e-129 2.76459e-99 1.03059e-68 1.13274e-44 1.22995e-27 3.55105e-16 7.79395e-09 0.000240252 0.187611 9.15484 38.6036 35.0408 17.013 
571487 1479887 0 0.379259 0 0 0 2.44515e-315 1.93618e-274 1.16048e-235 1.42458e-199 2.60686e-166 2.12092e-131 1.02167e-100 1.03128e-69 2.48231e-45 4.69907e-28 1.97336e-16 5.51352e-09 0.000197394 0.170554 8.86203 38.4872 35.2892 17.1909 
573487 1479887 0 0.371147 0 0 0 5.58294e-320 1.72787e-278 3.81642e-239 1.5785e-202 8.85706e-169 2.33939e-133 3.17592e-102 9.14571e-71 5.02319e-46 1.70683e-28 1.06326e-16 3.82979e-09 0.000160502 0.154256 8.56287 38.3592 35.5465 17.377 
575487 1479887 0 0.36294 0 0 0 0 9.69278e-283 8.4184e-243 1.24625e-205 2.26713e-171 2.0613e-135 8.30394e-104 7.18767e-72 9.38617e-47 5.89408e-29 5.55456e-17 2.61211e-09 0.000129152 0.138803 8.25849 38.2192 35.8122 17.5712 
577487 1479887 0 0.354664 0 0 0 0 3.41775e-287 1.24549e-246 7.01054e-209 4.37181e-174 1.45087e-137 1.82618e-105 5.00583e-73 1.61947e-47 1.935e-29 2.81339e-17 1.74932e-09 0.000102845 0.124257 7.95009 38.0665 36.0857 17.7734 
579487 1479887 0 0.346346 0 0 0 0 7.57477e-292 1.23588e-250 2.80976e-212 6.35082e-177 8.15729e-140 3.37776e-107 3.08937e-74 2.58001e-48 6.03914e-30 1.38158e-17 1.15028e-09 8.10457e-05 0.110663 7.63882 37.9007 36.3664 17.9833 
581487 1479887 0 0.338011 0 0 0 0 1.05517e-296 8.22463e-255 8.02306e-216 6.94967e-180 3.66335e-142 5.25445e-109 1.68948e-75 3.7951e-49 1.79181e-30 6.57776e-18 7.42659e-10 6.32018e-05 0.0980483 7.32582 37.7213 36.6539 18.2009 
583487 1479887 0 0.32968 0 0 0 0 9.23804e-302 3.67069e-259 1.63211e-219 5.72862e-183 1.31404e-144 6.87421e-111 8.18676e-77 5.15427e-50 5.05386e-31 3.03621e-18 4.70782e-10 4.87728e-05 0.0864227 7.01225 37.5278 36.9476 18.4259 
585487 1479887 0 0.321374 0 0 0 0 5.08311e-307 1.09864e-263 2.36528e-223 3.55689e-186 3.76464e-147 7.56309e-113 3.51507e-78 6.46314e-51 1.35507e-31 1.35872e-18 2.93015e-10 3.72451e-05 0.0757808 6.69919 37.32 37.2468 18.6583 
587487 1479887 0 0.313114 0 0 0 0 1.75775e-312 2.20506e-268 2.44188e-227 1.66346e-189 8.61404e-150 6.99749e-115 1.33723e-79 7.4824e-52 3.45381e-32 5.89479e-19 1.79057e-10 2.81449e-05 0.0661042 6.38771 37.0974 37.551 18.8978 
589487 1479887 0 0.304917 0 0 0 0 3.82555e-318 2.96779e-273 1.79581e-231 5.8595e-193 1.57414e-152 5.44425e-117 4.50726e-81 7.9974e-53 8.3681e-33 2.47935e-19 1.0743e-10 2.10456e-05 0.0573631 6.07884 36.8598 37.8596 19.1443 
591487 1479887 0 0.296798 0 0 0 0 0 2.67841e-278 9.40749e-236 1.55453e-196 2.29732e-155 3.56181e-119 1.34599e-82 7.89144e-54 1.92725e-33 1.01096e-19 6.32817e-11 1.55722e-05 0.0495182 5.77356 36.607 38.1722 19.3978 
593487 1479887 0 0.288773 0 0 0 0 0 1.62084e-283 3.51038e-240 3.10611e-200 2.67746e-158 1.95942e-121 3.56106e-84 7.18875e-55 4.21915e-34 3.99626e-20 3.65975e-11 1.14015e-05 0.0425227 5.47279 36.3388 38.488 19.6579 
595487 1479887 0 0.280853 0 0 0 0 0 6.57666e-289 9.3301e-245 4.67411e-204 2.49195e-161 9.06349e-124 8.34667e-86 6.04545e-56 8.77972e-35 1.5314e-20 2.07796e-11 8.26027e-06 0.0363241 5.17739 36.055 38.8066 19.9246 
597487 1479887 0 0.273051 0 0 0 0 0 1.78922e-294 1.76628e-249 5.29704e-208 1.85205e-164 3.52501e-126 1.73313e-87 4.69324e-57 1.73659e-35 5.68895e-21 1.15833e-11 5.92161e-06 0.0308663 4.88815 35.7557 39.1275 20.1977 
599487 1479887 0 0.265375 0 0 0 0 0 3.26363e-300 2.38154e-254 4.52071e-212 1.09915e-167 1.15268e-128 3.18801e-89 3.36338e-58 3.26488e-36 2.04871e-21 6.33914e-12 4.20044e-06 0.0260907 4.60582 35.4409 39.4501 20.4771 
601487 1479887 0 0.257835 0 0 0 0 0 3.99123e-306 2.28704e-259 2.90541e-216 5.20874e-171 3.16908e-131 5.1948e-91 2.22499e-59 5.83425e-37 7.15204e-22 3.40588e-12 2.9482e-06 0.0219378 4.33105 35.1105 39.7738 20.7627 
603487 1479887 0 0.250438 0 0 0 0 0 3.27242e-312 1.56421e-264 1.40613e-220 1.97094e-174 7.32518e-134 7.49836e-93 1.35868e-60 9.90928e-38 2.42033e-22 1.79649e-12 2.04748e-06 0.0183486 4.06443 34.7647 40.0983 21.0543 
605487 1479887 0 0.243189 0 0 0 0 0 1.79e-318 7.61917e-270 5.12449e-225 5.95482e-178 1.42349e-136 9.5874e-95 7.65839e-62 1.59968e-38 7.93977e-23 9.30275e-13 1.40697e-06 0.0152656 3.80646 34.4037 40.4229 21.3517 
607487 1479887 0 0.236094 0 0 0 0 0 0 2.64305e-275 1.40627e-229 1.4365e-181 2.32556e-139 1.08583e-96 3.98453e-63 2.45442e-39 2.52481e-23 4.72919e-13 9.56629e-07 0.0126335 3.55759 34.0277 40.7472 21.6549 
609487 1479887 0 0.229157 0 0 0 0 0 0 6.52945e-281 2.90587e-234 2.76679e-185 3.19399e-142 1.08928e-98 1.9135e-64 3.5792e-40 7.78268e-24 2.3602e-13 6.4357e-07 0.0103998 3.31818 33.637 41.0707 21.9637 
611487 1479887 0 0.222381 0 0 0 0 0 0 1.14872e-286 4.52125e-239 4.25473e-189 3.68773e-145 9.67882e-101 8.48167e-66 4.96064e-41 2.32546e-24 1.15636e-13 4.28389e-07 0.00851561 3.08853 33.232 41.393 22.278 
613487 1479887 0 0.215767 0 0 0 0 0 0 1.43915e-292 5.29676e-244 5.22374e-193 3.57928e-148 7.61733e-103 3.46999e-67 6.53426e-42 6.73535e-25 5.56179e-14 2.82143e-07 0.00693581 2.86884 32.813 41.7136 22.5977 
615487 1479887 0 0.209317 0 0 0 0 0 0 1.28395e-298 4.6722e-249 5.12034e-197 2.92036e-151 5.30972e-105 1.31027e-68 8.18007e-43 1.89095e-25 2.62612e-14 1.83859e-07 0.00561907 2.65927 32.3804 42.032 22.9227 
617487 1479887 0 0.203032 0 0 0 0 0 0 8.15696e-305 3.10302e-254 4.00697e-201 2.00295e-154 3.27808e-107 4.56636e-70 9.73225e-44 5.14597e-26 1.21727e-14 1.18545e-07 0.00452809 2.4599 31.9347 42.348 23.2528 
619487 1479887 0 0.196912 0 0 0 0 0 0 3.69014e-311 1.55165e-259 2.50336e-205 1.15477e-157 1.79242e-109 1.46876e-71 1.10042e-44 1.35743e-26 5.53899e-15 7.56248e-08 0.00362952 2.27075 31.4765 42.6611 23.588 
621487 1479887 0 0.190956 0 0 0 0 0 0 1.18912e-317 5.84172e-265 1.24858e-209 5.59625e-161 8.68004e-112 4.36004e-73 1.18247e-45 3.47075e-27 2.47425e-15 4.77335e-08 0.00289376 2.09179 31.0062 42.9709 23.9282 
623487 1479887 0 0.185164 0 0 0 0 0 0 0 1.65585e-270 4.97153e-214 2.27968e-164 3.72272e-114 1.1945e-74 1.20754e-46 8.60171e-28 1.08498e-15 2.98099e-08 0.00229485 1.92291 30.5246 43.2769 24.2733 
625487 1479887 0 0.179533 0 0 0 0 0 0 0 3.53366e-276 1.58028e-218 7.80581e-168 1.414e-116 3.02015e-76 1.17188e-47 2.06632e-28 4.67052e-16 1.84193e-08 0.00181019 1.76397 30.0321 43.579 24.6231 
627487 1479887 0 0.174063 0 0 0 0 0 0 0 5.67741e-282 4.01001e-223 2.24659e-171 4.75643e-119 7.04714e-78 1.08078e-48 4.81127e-29 1.97365e-16 1.12606e-08 0.00142026 1.61478 29.5295 43.8767 24.9777 
629487 1479887 0 0.16875 0 0 0 0 0 0 0 6.86736e-288 8.12304e-228 5.43484e-175 1.41693e-121 1.51751e-79 9.47223e-50 1.08584e-29 8.18722e-17 6.81115e-09 0.00110838 1.47511 29.0173 44.1696 25.3368 
433487 1477887 0 0.169538 0 0 0 0 0 0 0 8.03893e-287 5.70008e-227 2.43204e-174 4.02373e-121 3.01394e-79 1.46074e-49 1.41289e-29 9.55478e-17 7.43365e-09 0.00115658 1.49774 29.1003 44.1217 25.2791 
435487 1477887 0 0.174988 0 0 0 0 0 0 0 8.34586e-281 3.37115e-222 1.15554e-170 1.48873e-118 1.49251e-77 1.73608e-48 6.41864e-29 2.3376e-16 1.23939e-08 0.00148821 1.64201 29.6215 43.8218 24.9133 
437487 1477887 0 0.180608 0 0 0 0 0 0 0 6.52301e-275 1.59157e-217 4.61472e-167 4.87787e-116 6.82064e-76 1.96076e-47 2.82631e-28 5.61404e-16 2.0445e-08 0.00190468 1.79639 30.1331 43.5167 24.5519 
439487 1477887 0 0.186401 0 0 0 0 0 0 0 3.83827e-269 5.99834e-213 1.54902e-163 1.4154e-113 2.87651e-74 2.10446e-46 1.20626e-27 1.32355e-15 3.33683e-08 0.00242467 1.96116 30.6343 43.2069 24.1952 
441487 1477887 0 0.192369 0 0 0 0 0 0 6.73739e-316 1.70035e-263 1.80467e-208 4.37043e-160 3.63718e-111 1.11956e-72 2.14648e-45 4.99007e-27 3.06312e-15 5.38831e-08 0.00307013 2.13654 31.1247 42.8927 23.8431 
443487 1477887 0 0.198516 0 0 0 0 0 0 2.74649e-309 5.671e-258 4.33442e-204 1.03647e-156 8.27748e-109 4.02136e-71 2.08058e-44 2.00089e-26 6.95905e-15 8.60886e-08 0.00386665 2.32273 31.6034 42.5743 23.4957 
445487 1477887 0 0.204844 0 0 0 0 0 0 7.97203e-303 1.424e-252 8.31072e-200 2.06612e-153 1.66834e-106 1.33307e-69 1.91655e-43 7.77668e-26 1.55203e-14 1.36086e-07 0.00484382 2.51986 32.0698 42.2522 23.1533 
447487 1477887 0 0.211353 0 0 0 0 0 0 1.64771e-296 2.6921e-247 1.27211e-195 3.46203e-150 2.97805e-104 4.07845e-68 1.6778e-42 2.92969e-25 3.39796e-14 2.12842e-07 0.00603559 2.72801 32.5235 41.9267 22.8157 
449487 1477887 0 0.218044 0 0 0 0 0 0 2.42506e-290 3.83191e-242 1.55454e-191 4.87629e-147 4.70812e-102 1.15161e-66 1.39588e-41 1.06982e-24 7.30306e-14 3.29368e-07 0.00748051 2.94721 32.9637 41.5983 22.4833 
451487 1477887 0 0.224919 0 0 0 0 0 0 2.54155e-284 4.10663e-237 1.5166e-187 5.7735e-144 6.59235e-100 3.00118e-65 1.10371e-40 3.78672e-24 1.54086e-13 5.04295e-07 0.00922197 3.1774 33.39 41.2674 22.156 
453487 1477887 0 0.231977 0 0 0 0 0 0 1.89679e-278 3.31369e-232 1.18125e-183 5.74631e-141 8.17559e-98 7.2188e-64 8.29394e-40 1.29922e-23 3.19151e-13 7.63962e-07 0.0113084 3.41847 33.8019 40.9343 21.8339 
455487 1477887 0 0.239217 0 0 0 0 0 0 1.00807e-272 2.01327e-227 7.34558e-180 4.8078e-138 8.98036e-96 1.60262e-62 5.92346e-39 4.32091e-23 6.48942e-13 1.1451e-06 0.0137931 3.67022 34.1991 40.5996 21.5173 
457487 1477887 0 0.246638 0 0 0 0 0 2.73604e-315 3.81526e-267 9.21015e-223 3.64695e-176 3.38159e-135 8.73722e-94 3.28398e-61 4.02071e-38 1.39298e-22 1.29538e-12 1.69826e-06 0.0167346 3.93239 34.5811 40.2637 21.2062 
459487 1477887 0 0.254236 0 0 0 0 0 6.85979e-309 1.02832e-261 3.17258e-218 1.44565e-172 1.99951e-132 7.52954e-92 6.21129e-60 2.59389e-37 4.35304e-22 2.53846e-12 2.49205e-06 0.0201957 4.20464 34.9476 39.927 20.9006 
461487 1477887 0 0.262007 0 0 0 0 0 1.15301e-302 1.97384e-256 8.2291e-214 4.57549e-169 9.93947e-130 5.74765e-90 1.08439e-58 1.59047e-36 1.31864e-21 4.88349e-12 3.61828e-06 0.0242436 4.48654 35.2983 39.59 20.6009 
463487 1477887 0 0.269948 0 0 0 0 0 1.29927e-296 2.69829e-251 1.60729e-209 1.15628e-165 4.15386e-127 3.88641e-88 1.7475e-57 9.26905e-36 3.87213e-21 9.22322e-12 5.1981e-06 0.0289489 4.77759 35.6331 39.2533 20.307 
465487 1477887 0 0.278051 0 0 0 0 0 9.81561e-291 2.62704e-246 2.36402e-205 2.33318e-162 1.45949e-124 2.32786e-86 2.5995e-56 5.13434e-35 1.10222e-20 1.71013e-11 7.38905e-06 0.0343851 5.07719 35.9518 38.9174 20.0192 
467487 1477887 0 0.28631 0 0 0 0 0 4.97167e-285 1.82162e-241 2.61839e-201 3.75932e-159 4.31144e-122 1.23516e-84 3.56954e-55 2.70322e-34 3.04148e-20 3.11297e-11 1.03929e-05 0.0406269 5.38468 36.2544 38.5827 19.7376 
469487 1477887 0 0.294715 0 0 0 0 0 1.68836e-279 8.99653e-237 2.18401e-197 4.83679e-156 1.07085e-119 5.80585e-83 4.52478e-54 1.3528e-33 8.13592e-20 5.56318e-11 1.44642e-05 0.0477492 5.69933 36.5407 38.2499 19.4622 
471487 1477887 0 0.303256 0 0 0 0 3.51775e-319 3.84433e-274 3.1647e-232 1.37192e-193 4.96939e-153 2.23632e-117 2.41765e-81 5.29484e-53 6.43497e-33 2.10979e-19 9.76068e-11 1.99189e-05 0.0558256 6.0203 36.8109 37.9195 19.1934 
473487 1477887 0 0.311921 0 0 0 0 3.77978e-313 5.86922e-269 7.92942e-228 6.4903e-190 4.07721e-150 3.9269e-115 8.91908e-80 5.71992e-52 2.90958e-32 5.30379e-19 1.68132e-10 2.71427e-05 0.0649259 6.34671 37.0651 37.5921 18.9312 
475487 1477887 0 0.320697 0 0 0 0 2.52464e-307 6.00839e-264 1.4152e-223 2.31249e-186 2.67146e-147 5.79819e-113 2.91514e-78 5.70452e-51 1.25052e-31 1.29258e-18 2.84339e-10 3.65984e-05 0.0751149 6.67761 37.3034 37.2682 18.6757 
477487 1477887 0 0.329567 0 0 0 0 1.0597e-301 4.12448e-259 1.79917e-219 6.20569e-183 1.3979e-144 7.19905e-111 8.4416e-77 5.25234e-50 5.10903e-31 3.05389e-18 4.72115e-10 4.88315e-05 0.0864495 7.01197 37.526 36.9484 18.4272 
479487 1477887 0 0.338516 0 0 0 0 2.79531e-296 1.89858e-254 1.62939e-215 1.25432e-179 5.842e-142 7.51647e-109 2.16586e-75 4.46478e-49 1.98417e-30 6.99493e-18 7.69639e-10 6.44719e-05 0.0989766 7.34873 37.7333 36.6332 18.1857 
481487 1477887 0 0.347522 0 0 0 0 4.63401e-291 5.8607e-250 1.05121e-211 1.90963e-176 1.94993e-139 6.59969e-107 4.92368e-74 3.50408e-48 7.32521e-30 1.5533e-17 1.23186e-09 8.42324e-05 0.112731 7.68675 37.9255 36.3234 17.9515 
483487 1477887 0 0.356566 0 0 0 0 4.82813e-286 1.21325e-245 4.83148e-208 2.18994e-173 5.19834e-137 4.87327e-105 9.91788e-73 2.53912e-47 2.57082e-29 3.34404e-17 1.93586e-09 0.000108901 0.127731 8.02488 38.1031 36.0194 17.7247 
485487 1477887 0 0.365624 0 0 0 0 3.16164e-281 1.68441e-241 1.58203e-204 1.89177e-170 1.10691e-134 3.02636e-103 1.77023e-71 1.6988e-46 8.5771e-29 6.9798e-17 2.987e-09 0.000139327 0.143979 8.36191 38.2666 35.7219 17.5055 
487487 1477887 0 0.37467 0 0 0 7.87639e-318 1.30129e-276 1.5684e-237 3.69071e-201 1.23106e-167 1.88272e-132 1.58066e-101 2.79988e-70 1.04944e-45 2.72042e-28 1.41245e-16 4.5253e-09 0.000176398 0.161459 8.69663 38.4163 35.4314 17.294 
489487 1477887 0 0.383679 0 0 0 9.10806e-313 3.36652e-272 9.79479e-234 6.13454e-198 6.03503e-165 2.55796e-130 6.94375e-100 3.92429e-69 5.98614e-45 8.20288e-28 2.77122e-16 6.73161e-09 0.000221011 0.18013 9.02779 38.5529 35.1486 17.0904 
491487 1477887 0 0.392621 0 0 0 6.18736e-308 5.47457e-268 4.10279e-230 7.26521e-195 2.22888e-162 2.77625e-128 2.56567e-98 4.87427e-68 3.15295e-44 2.35147e-27 5.27161e-16 9.83232e-09 0.000274033 0.199931 9.35415 38.6769 34.8739 16.8948 
493487 1477887 0 0.401465 0 0 0 2.46751e-303 5.59628e-264 1.15273e-226 6.13093e-192 6.20181e-160 2.40711e-126 7.974e-97 5.36536e-67 1.53348e-43 6.40861e-27 9.72289e-16 1.41015e-08 0.000336253 0.220775 9.67445 38.7889 34.6081 16.7075 
495487 1477887 0 0.410179 0 0 0 5.77699e-299 3.59622e-260 2.17249e-223 3.68666e-189 1.30014e-157 1.66733e-124 2.08467e-95 5.23412e-66 6.88725e-43 1.66054e-26 1.73875e-15 1.98588e-08 0.000408332 0.242551 9.98745 38.8896 34.3516 16.5284 
497487 1477887 0 0.418729 0 0 0 7.9406e-295 1.4528e-256 2.74653e-220 1.57975e-186 2.05364e-155 9.22688e-123 4.58459e-94 4.52542e-65 2.85645e-42 4.09073e-26 3.01489e-15 2.74616e-08 0.000490735 0.265121 10.2919 38.9796 34.105 16.3579 
499487 1477887 0 0.427081 0 0 0 6.40812e-291 3.68977e-253 2.32932e-217 4.82397e-184 2.44418e-153 4.07954e-121 8.48167e-93 3.46783e-64 1.09404e-41 9.58141e-26 5.06884e-15 3.72898e-08 0.000583683 0.288325 10.5867 39.0596 33.8689 16.1959 
501487 1477887 0 0.435197 0 0 0 3.03634e-287 5.89172e-250 1.32527e-214 1.04979e-181 2.19197e-151 1.44115e-119 1.32007e-91 2.35534e-63 3.86968e-41 2.13374e-25 8.26332e-15 4.97225e-08 0.000687082 0.311977 10.8706 39.1303 33.6437 16.0428 
503487 1477887 0 0.443042 0 0 0 8.44753e-284 5.91494e-247 5.05863e-212 1.62817e-179 1.48131e-149 4.06784e-118 1.72847e-90 1.41794e-62 1.26405e-40 4.51801e-25 1.30622e-14 6.51061e-08 0.000800476 0.335871 11.1424 39.1923 33.43 15.8986 
505487 1477887 0 0.450578 0 0 2.48811e-318 1.38002e-280 3.73372e-244 1.29547e-209 1.79975e-177 7.54373e-148 9.17469e-117 1.90411e-89 7.56638e-62 3.81334e-40 9.09604e-25 2.00217e-14 8.37147e-08 0.000923002 0.359781 11.4012 39.2465 33.2282 15.7634 
507487 1477887 0 0.457767 0 0 5.95226e-315 1.32384e-277 1.48195e-241 2.22589e-207 1.41793e-175 2.89513e-146 1.65352e-115 1.76482e-88 3.57893e-61 1.06246e-39 1.74126e-24 2.97587e-14 1.05706e-07 0.00105336 0.383465 11.6458 39.2934 33.0389 15.6374 
509487 1477887 0 0.464572 0 0 7.78869e-312 7.45745e-275 3.6986e-239 2.56613e-205 7.96241e-174 8.37354e-145 2.38138e-114 1.37627e-87 1.5006e-60 2.73399e-39 3.1695e-24 4.28905e-14 1.31075e-07 0.00118982 0.406669 11.8754 39.3337 32.8624 15.5206 
511487 1477887 0 0.470957 0 0 5.5759e-309 2.46701e-272 5.8046e-237 1.98503e-203 3.18709e-172 1.82525e-143 2.74074e-113 9.03052e-87 5.57745e-60 6.49772e-39 5.48579e-24 5.99447e-14 1.59615e-07 0.0013302 0.429132 12.0889 39.3681 32.6993 15.4133 
513487 1477887 0 0.476886 0 0 2.18397e-306 4.79277e-270 5.72863e-235 1.03035e-201 9.09328e-171 2.99863e-142 2.5208e-112 4.98588e-86 1.8377e-59 1.42632e-38 9.02847e-24 8.12431e-14 1.9088e-07 0.00147195 0.450588 12.2856 39.3972 32.5498 15.3154 
515487 1477887 0 0.482325 0 0 4.68032e-304 5.46832e-268 3.55538e-233 3.58873e-200 1.84942e-169 3.71298e-141 1.8529e-111 2.31634e-85 5.36776e-59 2.89181e-38 1.41294e-23 1.06776e-13 2.24175e-07 0.00161218 0.470776 12.4647 39.4215 32.4143 15.2272 
517487 1477887 0 0.487242 0 0 5.48797e-302 3.66424e-266 1.38769e-231 8.38787e-199 2.68133e-168 3.46525e-140 1.08849e-110 9.05535e-85 1.38995e-58 5.41536e-38 2.10267e-23 1.36088e-13 2.58559e-07 0.00174776 0.489438 12.6254 39.4417 32.2932 15.1486 
519487 1477887 0 0.491607 0 0 3.52101e-300 1.44207e-264 3.40625e-230 1.31561e-197 2.77125e-167 2.43764e-139 5.11047e-110 2.97892e-84 3.19079e-58 9.36691e-38 2.97552e-23 1.682e-13 2.92875e-07 0.00187544 0.506333 12.7671 39.4582 32.1867 15.0798 
521487 1477887 0 0.495393 0 0 1.23609e-298 3.3333e-263 5.25837e-229 1.38476e-196 2.04185e-166 1.29252e-138 1.91767e-109 8.24658e-84 6.49385e-58 1.49652e-37 4.00408e-23 2.01604e-13 3.25806e-07 0.00199198 0.521234 12.8894 39.4714 32.0952 15.0208 
523487 1477887 0 0.498576 0 0 2.37451e-297 4.52537e-262 5.10535e-228 9.78151e-196 1.07251e-165 5.16587e-138 5.75137e-109 1.92113e-83 1.17169e-57 2.20845e-37 5.12383e-23 2.34337e-13 3.55953e-07 0.00209423 0.533939 12.9917 39.4818 32.0188 14.9717 
525487 1477887 0 0.501136 0 0 2.49598e-296 3.60856e-261 3.1175e-227 4.63689e-195 4.01623e-165 1.55632e-137 1.37867e-108 3.76629e-83 1.8743e-57 3.01037e-37 6.23509e-23 2.64152e-13 3.81932e-07 0.00217937 0.54427 13.0736 39.4897 31.9578 14.9325 
527487 1477887 0 0.503056 0 0 1.43568e-295 1.69012e-260 1.19729e-226 1.47518e-194 1.07221e-164 3.53435e-137 2.64146e-108 6.21369e-83 2.65817e-57 3.79035e-37 7.21521e-23 2.88763e-13 4.02477e-07 0.00224493 0.552083 13.1348 39.4953 31.9122 14.9034 
529487 1477887 0 0.504323 0 0 4.51889e-295 4.64958e-260 2.89206e-226 3.14965e-194 2.04073e-164 6.05032e-137 4.0451e-108 8.62718e-83 3.34233e-57 4.40829e-37 7.93991e-23 3.06129e-13 4.16545e-07 0.00228898 0.557268 13.175 39.499 31.8823 14.8842 
531487 1477887 0 0.50493 0 0 7.78329e-295 7.51315e-260 4.39376e-226 4.51319e-194 2.76913e-164 7.80743e-137 4.95129e-108 1.00803e-82 3.72595e-57 4.73581e-37 8.3089e-23 3.14736e-13 4.23396e-07 0.00231021 0.559749 13.1942 39.5007 31.868 14.8751 
533487 1477887 0 0.504871 0 0 7.33592e-295 7.13091e-260 4.19843e-226 4.34019e-194 2.67888e-164 7.59451e-137 4.84408e-108 9.91211e-83 3.68256e-57 4.69949e-37 8.26863e-23 3.13809e-13 4.22667e-07 0.00230798 0.559491 13.1923 39.5005 31.8694 14.876 
535487 1477887 0 0.504149 0 0 3.7836e-295 3.97541e-260 2.52323e-226 2.80117e-194 1.84763e-164 5.56871e-137 3.788e-108 8.20248e-83 3.22691e-57 4.30765e-37 7.82503e-23 3.03433e-13 4.14396e-07 0.00228235 0.556498 13.1692 39.4985 31.8866 14.8869 
537487 1477887 0 0.502766 0 0 1.06786e-295 1.30176e-260 9.53778e-227 1.21331e-194 9.08503e-165 3.07801e-137 2.36761e-108 5.71228e-83 2.50696e-57 3.64722e-37 7.04206e-23 2.84536e-13 3.99024e-07 0.00223409 0.550813 13.125 39.4946 31.9194 14.9079 
539487 1477887 0 0.500733 0 0 1.64922e-296 2.50375e-261 2.26753e-227 3.52701e-195 3.18483e-165 1.28245e-137 1.1828e-108 3.34778e-83 1.72675e-57 2.85243e-37 6.02661e-23 2.58755e-13 3.77351e-07 0.00216465 0.542518 13.06 39.4886 31.9678 14.9389 
541487 1477887 0 0.498063 0 0 1.39377e-297 2.82849e-262 3.39055e-228 6.88073e-196 7.95953e-166 4.0278e-138 4.7229e-109 1.65113e-83 1.05445e-57 2.06061e-37 4.90461e-23 2.28198e-13 3.50472e-07 0.00207607 0.531728 12.9743 39.4803 32.0317 14.9799 
543487 1477887 0 0.494772 0 0 6.44538e-299 1.8768e-263 3.18855e-229 9.00848e-197 1.41816e-166 9.53542e-139 1.50729e-109 6.853e-84 5.70871e-58 1.37499e-37 3.7957e-23 1.95168e-13 3.19685e-07 0.00197087 0.518597 12.8683 39.4695 32.1109 15.0308 
545487 1477887 0 0.490884 0 0 1.63095e-300 7.31427e-265 1.88587e-230 7.91498e-198 1.80132e-167 1.70158e-139 3.84472e-110 2.39357e-84 2.74004e-58 8.47474e-38 2.79338e-23 1.61873e-13 2.86383e-07 0.00185198 0.503306 12.7424 39.4558 32.2052 15.0915 
547487 1477887 0 0.48642 0 0 2.2582e-302 1.6742e-266 7.01489e-232 4.66681e-199 1.63109e-168 2.28873e-140 7.83805e-111 7.0351e-85 1.16594e-58 4.82467e-38 1.95486e-23 1.30197e-13 2.51956e-07 0.00172255 0.486061 12.5971 39.4387 32.3143 15.1621 
549487 1477887 0 0.48141 0 0 1.7108e-304 2.25068e-268 1.641e-233 1.84652e-200 1.05287e-169 2.32038e-141 1.27707e-111 1.73998e-85 4.39838e-59 2.53699e-38 1.3009e-23 1.01553e-13 2.17697e-07 0.00158584 0.467093 12.4329 39.4178 32.4381 15.2425 
551487 1477887 0 0.475884 0 0 7.09159e-307 1.77698e-270 2.41413e-235 4.90272e-202 4.84473e-171 1.77309e-142 1.66295e-112 3.62125e-86 1.47093e-59 1.23218e-38 8.23212e-24 7.68138e-14 1.84724e-07 0.00144509 0.446648 12.2506 39.3927 32.5762 15.3325 
553487 1477887 0 0.469873 0 0 1.60835e-309 8.23943e-273 2.23341e-237 8.73492e-204 1.5891e-172 1.02118e-143 1.73054e-113 6.34165e-87 4.36084e-60 5.52744e-39 4.95349e-24 5.63426e-14 1.53934e-07 0.00130339 0.424983 12.0507 39.3628 32.7282 15.432 
555487 1477887 0 0.463413 0 0 1.99571e-312 2.24361e-275 1.29933e-239 1.04425e-205 3.71539e-174 4.43259e-145 1.43918e-114 9.34464e-88 1.14608e-60 2.29015e-39 2.83425e-24 4.00757e-14 1.25974e-07 0.00116357 0.402361 11.8342 39.3274 32.8938 15.5411 
557487 1477887 0 0.456538 0 0 1.35481e-315 3.58772e-278 4.7533e-242 8.37653e-208 6.19179e-176 1.45005e-146 9.56455e-116 1.15859e-88 2.67002e-61 8.76366e-40 1.542e-24 2.76417e-14 1.0124e-07 0.00102811 0.379047 11.6018 39.286 33.0727 15.6595 
559487 1477887 0 0.449287 0 0 5.02465e-319 3.36895e-281 1.09341e-244 4.50835e-210 7.35482e-178 3.5749e-148 5.07943e-117 1.20861e-89 5.51392e-62 3.09727e-40 7.97706e-25 1.84877e-14 7.99008e-08 0.000899117 0.355302 11.3544 39.2378 33.2643 15.7872 
561487 1477887 0 0.441695 0 0 0 1.85763e-284 1.58149e-247 1.62799e-212 6.22667e-180 6.64179e-150 2.15551e-118 1.06076e-90 1.00934e-62 1.01097e-40 3.92381e-25 1.19902e-14 6.19249e-08 0.000778237 0.331378 11.0932 39.1823 33.4683 15.924 
563487 1477887 0 0.433801 0 0 0 6.01448e-288 1.43824e-250 3.94411e-215 3.75709e-182 9.29886e-152 7.30899e-120 7.83273e-92 1.63772e-63 3.04752e-41 1.83515e-25 7.5404e-15 4.71292e-08 0.000666686 0.307513 10.819 39.1188 33.6841 16.0699 
565487 1477887 0 0.425642 0 0 0 1.14339e-291 8.22353e-254 6.41052e-218 1.61563e-184 9.81029e-154 1.98024e-121 4.86582e-93 2.35531e-64 8.48403e-42 8.16068e-26 4.59807e-15 3.52223e-08 0.000565247 0.28393 10.5331 39.0465 33.9113 16.2246 
567487 1477887 0 0.417254 0 0 0 1.27623e-295 2.95619e-257 6.98985e-221 4.9512e-187 7.79874e-156 4.28663e-123 2.5429e-94 3.00227e-65 2.18118e-42 3.45036e-26 2.71872e-15 2.5849e-08 0.000474303 0.260832 10.2364 38.9648 34.1494 16.3881 
569487 1477887 0 0.408674 0 0 0 8.36347e-300 6.68088e-261 5.11276e-224 1.08128e-189 4.67132e-158 7.4137e-125 1.11794e-95 3.39183e-66 5.17849e-43 1.387e-26 1.55867e-15 1.86278e-08 0.000393883 0.238399 9.93027 38.8729 34.3979 16.5602 
571487 1477887 0 0.399936 0 0 0 3.21772e-304 9.49178e-265 2.50864e-227 1.68272e-192 2.1082e-160 1.02437e-126 4.13433e-97 3.39614e-67 1.13535e-43 5.30097e-27 8.66439e-16 1.31814e-08 0.000323717 0.216789 9.61584 38.7702 34.6561 16.7407 
573487 1477887 0 0.391074 0 0 0 7.26772e-309 8.47726e-269 8.25655e-231 1.866e-195 7.16839e-163 1.13075e-128 1.2861e-98 3.01363e-68 2.29856e-44 1.92616e-27 4.66991e-16 9.15884e-09 0.000263296 0.196133 9.29433 38.6561 34.9236 16.9296 
575487 1477887 0 0.38212 0 0 0 9.63647e-314 4.75926e-273 1.82272e-234 1.47441e-198 1.83634e-165 9.97114e-131 3.3652e-100 2.36991e-69 4.29707e-45 6.65397e-28 2.44038e-16 6.2487e-09 0.000211933 0.176539 8.967 38.5299 35.1997 17.1266 
577487 1477887 0 0.373105 0 0 0 7.44063e-319 1.67951e-277 2.69888e-238 8.30075e-202 3.54395e-168 7.02385e-133 7.40621e-102 1.65158e-70 7.41772e-46 2.18529e-28 1.23646e-16 4.18604e-09 0.000168818 0.158088 8.6351 38.391 35.484 17.3316 
579487 1477887 0 0.364056 0 0 0 0 3.72536e-282 2.68024e-242 3.32958e-205 5.15239e-171 3.95221e-135 1.37092e-103 1.01994e-71 1.18232e-46 6.82295e-29 6.07392e-17 2.75344e-09 0.000133077 0.140837 8.29987 38.2389 35.7758 17.5445 
581487 1477887 0 0.355 0 0 0 0 5.19373e-287 1.78514e-246 9.51524e-209 5.64287e-174 1.77633e-137 2.13426e-105 5.58147e-73 1.74004e-47 2.02516e-29 2.89279e-17 1.77827e-09 0.00010381 0.124822 7.96256 38.0729 36.0745 17.7651 
583487 1477887 0 0.345963 0 0 0 0 4.55092e-292 7.9738e-251 1.93727e-212 4.65527e-177 6.37688e-140 2.79435e-107 2.70645e-74 2.36445e-48 5.7143e-30 1.33572e-17 1.12763e-09 8.01354e-05 0.110057 7.62437 37.8927 36.3796 17.9932 
