#EAST NORTH ELEV Kg/m^2 [-4.5->-4.07143) [-4.07143->-3.64286) [-3.64286->-3.21429) [-3.21429->-2.78571) [-2.78571->-2.35714) [-2.35714->-1.92857) [-1.92857->-1.5) [-1.5->-1.07143) [-1.07143->-0.642857) [-0.642857->-0.214286) [-0.214286->0.214286) [0.214286->0.642857) [0.642857->1.07143) [1.07143->1.5) [1.5->1.92857) [1.92857->2.35714) [2.35714->2.78571) [2.78571->3.21429) [3.21429->3.64286) [3.64286->4.07143) [4.07143->4.5) (percent)
433487 1479887 0 0.134134 0 0 0 0 0 0 0 0 2.37048e-307 8.96995e-238 4.04323e-165 6.9954e-108 1.73247e-67 2.08563e-40 4.40707e-23 1.83761e-12 7.47463e-06 0.167007 17.7051 48.6187 33.5092 
435487 1479887 0 0.138506 0 0 0 0 0 0 0 0 4.92346e-301 7.11161e-233 1.05578e-161 1.2371e-105 4.56983e-66 1.53401e-39 1.43001e-22 3.60279e-12 1.06497e-05 0.19192 18.2873 48.4718 33.049 
437487 1479887 0 0.143012 0 0 0 0 0 0 0 0 7.59031e-295 4.47407e-228 2.34581e-158 1.96695e-103 1.12688e-64 1.08283e-38 4.52863e-22 6.9655e-12 1.50609e-05 0.219876 18.8715 48.3146 32.594 
439487 1479887 0 0.147654 0 0 0 0 0 0 0 0 8.68581e-289 2.23358e-223 4.43496e-155 2.81181e-101 2.59777e-63 7.33559e-38 1.39972e-21 1.328e-11 2.11416e-05 0.251136 19.4569 48.1474 32.1446 
441487 1479887 0 0.152434 0 0 0 0 0 0 0 0 7.37783e-283 8.84853e-219 7.1346e-152 3.61401e-99 5.59864e-62 4.76938e-37 4.22245e-21 2.49675e-11 2.94576e-05 0.285969 20.0425 47.9707 31.7008 
443487 1479887 0 0.157352 0 0 0 0 0 0 0 0 4.65181e-277 2.78174e-214 9.76657e-149 4.1765e-97 1.12805e-60 2.97608e-36 1.24319e-20 4.62902e-11 4.0741e-05 0.324645 20.6274 47.7851 31.2628 
445487 1479887 0 0.16241 0 0 0 0 0 0 0 0 2.17719e-271 6.9398e-210 1.13766e-145 4.33973e-95 2.12493e-59 1.78233e-35 3.57248e-20 8.46335e-11 5.593e-05 0.367436 21.2106 47.5909 30.831 
447487 1479887 0 0.167608 0 0 0 0 0 0 0 0 7.56415e-266 1.37394e-205 1.12769e-142 4.05461e-93 3.74232e-58 1.02447e-34 1.00198e-19 1.52594e-10 7.62146e-05 0.414609 21.7913 47.3887 30.4053 
449487 1479887 0 0.172946 0 0 0 0 0 0 0 0 1.95084e-260 2.15868e-201 9.51222e-140 3.40628e-91 6.16204e-57 5.65176e-34 2.74293e-19 2.71318e-10 0.00010309 0.466428 22.3684 47.1789 29.9861 
451487 1479887 0 0.178423 0 0 0 0 0 0 0 9.77262e-319 3.73496e-255 2.69164e-197 6.82805e-137 2.57315e-89 9.48645e-56 2.99258e-33 7.32886e-19 4.75738e-10 0.000138414 0.523144 22.9411 46.9621 29.5736 
453487 1479887 0 0.184038 0 0 0 0 0 0 0 2.5107e-312 5.30841e-250 2.66354e-193 4.17103e-134 1.74788e-87 1.36548e-54 1.52087e-32 1.9113e-18 8.22638e-10 0.000184473 0.584993 23.5084 46.7387 29.1678 
455487 1479887 0 0.18979 0 0 0 0 0 0 0 4.59566e-306 5.60099e-245 2.09183e-189 2.16835e-131 1.06766e-85 1.83773e-53 7.41868e-32 4.86515e-18 1.40283e-09 0.000244049 0.652194 24.0693 46.5094 28.7689 
457487 1479887 0 0.195676 0 0 0 0 0 0 0 5.80331e-300 4.38729e-240 1.30385e-185 9.59329e-129 5.86453e-84 2.31257e-52 3.47342e-31 1.20877e-17 2.35916e-09 0.000320491 0.724942 24.623 46.2746 28.3772 
459487 1479887 0 0.201694 0 0 0 0 0 0 0 5.05578e-294 2.55134e-235 6.45018e-182 3.61215e-126 2.89686e-82 2.72106e-51 1.56095e-30 2.93138e-17 3.91264e-09 0.000417786 0.8034 25.1685 46.0349 27.9928 
461487 1479887 0 0.207839 0 0 0 0 0 0 0 3.03875e-288 1.10152e-230 2.53262e-178 1.15753e-123 1.28684e-80 2.99377e-50 6.73328e-30 6.93886e-17 6.39954e-09 0.000540621 0.887701 25.705 45.7908 27.6159 
463487 1479887 0 0.214107 0 0 0 0 0 0 0 1.26011e-282 3.53082e-226 7.89279e-175 3.15706e-121 5.14085e-79 3.07995e-49 2.7879e-29 1.60323e-16 1.03227e-08 0.000694443 0.977937 26.2317 45.543 27.2466 
465487 1479887 0 0.220492 0 0 0 0 0 0 0 3.60524e-277 8.40293e-222 1.95239e-171 7.32868e-119 1.84701e-77 2.96295e-48 1.10802e-28 3.61576e-16 1.64215e-08 0.000885499 1.07416 26.7477 45.2921 26.8851 
467487 1479887 0 0.226989 0 0 0 0 0 0 0 7.11687e-272 1.4848e-217 3.83343e-168 1.44801e-116 5.96815e-76 2.66543e-47 4.22707e-28 7.95979e-16 2.57635e-08 0.00112086 1.17636 27.2523 45.0386 26.5316 
469487 1479887 0 0.233588 0 0 0 0 0 0 0 9.69352e-267 1.94806e-213 5.97455e-165 2.4352e-114 1.73443e-74 2.24224e-46 1.54797e-27 1.71044e-15 3.98637e-08 0.00140841 1.28451 27.7447 44.7831 26.1863 
471487 1479887 0 0.240281 0 0 0 0 0 0 1.16795e-314 9.11012e-262 1.89776e-209 7.39152e-162 3.48598e-112 4.5335e-73 1.76391e-45 5.44154e-27 3.58777e-15 6.08322e-08 0.00175682 1.39848 28.2243 44.5262 25.8493 
473487 1479887 0 0.247059 0 0 0 0 0 0 6.94326e-309 5.90786e-257 1.37277e-205 7.25911e-159 4.24772e-110 1.06581e-71 1.29766e-44 1.83622e-26 7.34604e-15 9.15539e-08 0.00217544 1.51811 28.6904 44.2686 25.5207 
475487 1479887 0 0.253911 0 0 0 0 0 0 2.64483e-303 2.6437e-252 7.37377e-202 5.65938e-156 4.40597e-108 2.25376e-70 8.92783e-44 5.94806e-26 1.46825e-14 1.35897e-07 0.0026742 1.64318 29.1423 44.011 25.2008 
477487 1479887 0 0.260823 0 0 0 0 0 0 6.45565e-298 8.16362e-248 2.9412e-198 3.5027e-153 3.8904e-106 4.28678e-69 5.7443e-43 1.84961e-25 2.86465e-14 1.98949e-07 0.00326342 1.77339 29.5796 43.7539 24.8898 
479487 1479887 0 0.267783 0 0 0 0 0 0 1.00973e-292 1.73963e-243 8.71205e-195 1.72107e-150 2.92435e-104 7.33434e-68 3.45657e-42 5.52139e-25 5.45594e-14 2.87259e-07 0.00395355 1.90838 30.0019 43.4981 24.5877 
481487 1479887 0 0.274774 0 0 0 0 0 0 1.01206e-287 2.55828e-239 1.91641e-191 6.71385e-148 1.87137e-102 1.12878e-66 1.94527e-41 1.58228e-24 1.01438e-13 4.09083e-07 0.0047549 2.04774 30.4085 43.2441 24.2949 
483487 1479887 0 0.281781 0 0 0 0 0 0 6.50073e-283 2.59639e-235 3.13072e-188 2.07939e-145 1.01953e-100 1.56276e-65 1.02388e-40 4.35305e-24 1.84107e-13 5.74591e-07 0.00567729 2.19096 30.7993 42.9927 24.0114 
485487 1479887 0 0.288786 0 0 0 0 0 0 2.67598e-278 1.81861e-231 3.79842e-185 5.11334e-143 4.72892e-99 1.94633e-64 5.04037e-40 1.1497e-23 3.262e-13 7.96016e-07 0.00672962 2.33751 31.1738 42.7445 23.7374 
487487 1479887 0 0.295769 0 0 0 0 0 0 7.05968e-274 8.79163e-228 3.42278e-182 9.9838e-141 1.86752e-97 2.18071e-63 2.32076e-39 2.91516e-23 5.64219e-13 1.08769e-06 0.00791945 2.48678 31.5318 42.5003 23.4732 
489487 1479887 0 0.302711 0 0 0 0 0 1.04248e-319 1.19367e-269 2.93344e-224 2.29081e-179 1.54783e-138 6.27943e-96 2.19811e-62 9.99447e-39 7.09633e-23 9.52721e-13 1.46594e-06 0.0092525 2.63808 31.8732 42.2606 23.2189 
491487 1479887 0 0.309588 0 0 0 0 0 6.97643e-315 1.29359e-265 6.75579e-221 1.1388e-176 1.90547e-136 1.79782e-94 1.99334e-61 4.02589e-38 1.65847e-22 1.57052e-12 1.94876e-06 0.0107322 2.7907 32.1978 42.0262 22.9746 
493487 1479887 0 0.316378 0 0 0 0 0 2.45788e-310 8.98535e-262 1.07395e-217 4.20504e-174 1.86273e-134 4.38282e-93 1.62633e-60 1.51686e-37 3.72125e-22 2.52749e-12 2.55527e-06 0.0123592 2.94387 32.5054 41.7977 22.7406 
495487 1479887 0 0.323058 0 0 0 0 0 5.11562e-306 4.00054e-258 1.17846e-214 1.15338e-171 1.44604e-132 9.09831e-92 1.19383e-59 5.34585e-37 8.01648e-22 3.97106e-12 3.30489e-06 0.0141308 3.09678 32.7962 41.5758 22.5171 
497487 1479887 0 0.3296 0 0 0 0 0 6.29015e-302 1.14173e-254 8.92662e-212 2.35002e-169 8.91472e-131 1.60835e-90 7.8849e-59 1.76233e-36 1.65806e-21 6.09118e-12 4.21625e-06 0.0160407 3.24859 33.07 41.3612 22.3042 
499487 1479887 0 0.335981 0 0 0 0 0 4.56947e-298 2.08872e-251 4.66782e-209 3.55698e-167 4.36467e-129 2.42119e-89 4.68575e-58 5.43459e-36 3.29264e-21 9.1218e-12 5.30578e-06 0.0180788 3.39842 33.327 41.1544 22.102 
501487 1479887 0 0.342172 0 0 0 0 0 1.96123e-294 2.44957e-248 1.68504e-206 3.99963e-165 1.69717e-127 3.10398e-88 2.50556e-57 1.56769e-35 6.27803e-21 1.33367e-11 6.58616e-06 0.0202305 3.54538 33.5673 40.9562 21.9109 
503487 1479887 0 0.348148 0 0 0 0 0 4.97349e-291 1.84164e-245 4.19947e-204 3.34117e-163 5.24134e-126 3.38895e-87 1.20554e-56 4.23038e-35 1.14932e-20 1.90376e-11 8.06454e-06 0.0224772 3.68858 33.7909 40.7672 21.7308 
505487 1479887 0 0.353879 0 0 0 0 0 7.45217e-288 8.87649e-243 7.22569e-202 2.07365e-161 1.28564e-124 3.15123e-86 5.21947e-56 1.0679e-34 2.02027e-20 2.65323e-11 9.74088e-06 0.024796 3.82711 33.9982 40.5879 21.562 
507487 1479887 0 0.35934 0 0 0 0 0 6.5979e-285 2.74292e-240 8.5838e-200 9.56191e-160 2.50479e-123 2.49562e-85 2.0335e-55 2.52186e-34 3.40979e-20 3.61031e-11 1.16063e-05 0.02716 3.96008 34.1892 40.4189 21.4047 
509487 1479887 0 0.364502 0 0 0 0 0 3.4518e-282 5.4342e-238 7.0406e-198 3.27596e-158 3.87623e-122 1.68334e-84 7.12929e-55 5.57131e-34 5.52594e-20 4.79651e-11 1.36417e-05 0.0295387 4.08661 34.3642 40.2607 21.2589 
511487 1479887 0 0.36934 0 0 0 0 0 1.06712e-279 6.90273e-236 3.98734e-196 8.33935e-157 4.76484e-121 9.67102e-84 2.24928e-54 1.15146e-33 8.59901e-20 6.22189e-11 1.58171e-05 0.0318986 4.20587 34.5234 40.1139 21.1249 
513487 1479887 0 0.373828 0 0 0 0 0 1.9495e-277 5.62188e-234 1.55923e-194 1.57738e-155 4.65265e-120 4.7325e-83 6.3862e-54 2.22639e-33 1.28487e-19 7.88025e-11 1.80917e-05 0.0342038 4.31703 34.6671 39.9789 21.0027 
515487 1479887 0 0.37794 0 0 0 0 0 2.10469e-275 2.93582e-232 4.21025e-193 2.217e-154 3.60892e-119 1.9726e-82 1.63175e-53 4.02736e-33 1.84351e-19 9.74504e-11 2.0414e-05 0.0364171 4.41933 34.7954 39.8563 20.8925 
517487 1479887 0 0.381655 0 0 0 0 6.96633e-320 1.34282e-273 9.83053e-231 7.85023e-192 2.31541e-153 2.22377e-118 7.00365e-82 3.75218e-53 6.81573e-33 2.53987e-19 1.17668e-10 2.27234e-05 0.0385006 4.51205 34.9087 39.7464 20.7944 
519487 1479887 0 0.384949 0 0 0 0 4.30726e-318 5.06315e-272 2.11073e-229 1.01075e-190 1.79694e-152 1.08854e-117 2.11815e-81 7.76495e-53 1.07915e-32 3.36016e-19 1.38728e-10 2.4953e-05 0.0404171 4.59454 35.0071 39.6495 20.7085 
521487 1479887 0 0.387805 0 0 0 0 1.61783e-316 1.12826e-270 2.90607e-228 8.98681e-190 1.03632e-151 4.23307e-117 5.45688e-81 1.44619e-52 1.59857e-32 4.2687e-19 1.597e-10 2.70321e-05 0.042131 4.66621 35.0908 39.566 20.6348 
523487 1479887 0 0.390205 0 0 0 0 3.28188e-315 1.48589e-269 2.56569e-227 5.51787e-189 4.44135e-151 1.30775e-116 1.19755e-80 2.42409e-52 2.21549e-32 5.20739e-19 1.7951e-10 2.88898e-05 0.0436093 4.72654 35.1601 39.4963 20.5735 
525487 1479887 0 0.392134 0 0 0 0 3.60286e-314 1.15655e-268 1.45256e-226 2.33964e-188 1.4145e-150 3.20969e-116 2.23877e-80 3.65691e-52 2.87274e-32 6.10011e-19 1.97022e-10 3.04595e-05 0.044823 4.7751 35.2151 39.4404 20.5246 
527487 1479887 0 0.39358 0 0 0 0 2.14041e-313 5.32041e-268 5.27353e-226 6.85082e-188 3.34782e-150 6.25854e-116 3.5653e-80 4.96505e-52 3.48509e-32 6.862e-19 2.11146e-10 3.16821e-05 0.0457476 4.81153 35.2559 39.3987 20.4881 
529487 1479887 0 0.394534 0 0 0 0 6.88135e-313 1.44655e-267 1.22775e-225 1.38534e-187 5.88841e-150 9.69526e-116 4.83681e-80 6.06709e-52 3.95572e-32 7.41241e-19 2.20952e-10 3.25103e-05 0.0463643 4.83557 35.2826 39.3713 20.4642 
531487 1479887 0 0.394991 0 0 0 0 1.19724e-312 2.32451e-267 1.833e-225 1.93462e-187 7.69686e-150 1.19323e-115 5.58983e-80 6.67248e-52 4.20081e-32 7.68893e-19 2.25766e-10 3.29112e-05 0.0466602 4.84705 35.2953 39.3582 20.4528 
533487 1479887 0 0.394947 0 0 0 0 1.12725e-312 2.2077e-267 1.75492e-225 1.86577e-187 7.47668e-150 1.16673e-115 5.50321e-80 6.60455e-52 4.17384e-32 7.65898e-19 2.25251e-10 3.28689e-05 0.0466293 4.84587 35.294 39.3595 20.4539 
535487 1479887 0 0.394403 0 0 0 0 5.74369e-313 1.23925e-267 1.07746e-225 1.24264e-187 5.39739e-150 9.06343e-116 4.61543e-80 5.88369e-52 3.88003e-32 7.32611e-19 2.19444e-10 3.23849e-05 0.0462722 4.83205 35.2788 39.3752 20.4676 
537487 1479887 0 0.393362 0 0 0 0 1.58377e-313 4.1114e-268 4.24214e-226 5.71554e-188 2.8956e-150 5.59365e-116 3.2975e-80 4.71743e-52 3.37465e-32 6.72936e-19 2.08749e-10 3.14786e-05 0.0455963 4.80569 35.2496 39.4053 20.4938 
539487 1479887 0 0.391831 0 0 0 0 2.3633e-314 8.06168e-269 1.07105e-226 1.81547e-188 1.15443e-150 2.74267e-116 2.00693e-80 3.40414e-52 2.7461e-32 5.93567e-19 1.93898e-10 3.01859e-05 0.0446156 4.76698 35.2062 39.4497 20.5325 
541487 1479887 0 0.389819 0 0 0 0 1.90841e-315 9.34252e-270 1.73409e-227 3.98231e-189 3.42034e-151 1.06837e-116 1.04052e-80 2.21082e-52 2.09072e-32 5.0276e-19 1.75859e-10 2.85567e-05 0.04335 4.7162 35.1487 39.5081 20.5837 
543487 1479887 0 0.387339 0 0 0 0 8.34022e-317 6.39882e-271 1.80038e-228 6.03244e-190 7.53072e-152 3.30627e-117 4.59551e-81 1.29223e-52 1.48923e-32 4.08925e-19 1.55739e-10 2.66515e-05 0.0418249 4.65372 35.0768 39.5804 20.6472 
545487 1479887 0 0.384405 0 0 0 0 1.9728e-318 2.59015e-272 1.19862e-229 6.31036e-191 1.23215e-152 8.12854e-118 1.72893e-81 6.79774e-53 9.92467e-33 3.19386e-19 1.3467e-10 2.45383e-05 0.0400702 4.58 34.9904 39.6663 20.7231 
547487 1479887 0 0.381036 0 0 0 0 2.32211e-320 6.19632e-274 5.11698e-231 4.55839e-192 1.4981e-153 1.58759e-118 5.54085e-82 3.21824e-53 6.188e-33 2.39538e-19 1.13705e-10 2.22882e-05 0.0381194 4.49557 34.8893 39.7656 20.8113 
549487 1479887 0 0.377251 0 0 0 0 0 8.76021e-276 1.40073e-232 2.27382e-193 1.35351e-154 2.46325e-119 1.51258e-82 1.37119e-53 3.60962e-33 1.72511e-19 9.37389e-11 1.99713e-05 0.0360086 4.40101 34.7734 39.878 20.9116 
551487 1479887 0 0.373072 0 0 0 0 0 7.31911e-278 2.45861e-234 7.83205e-195 9.08687e-156 3.03607e-120 3.51721e-83 5.25766e-54 1.9699e-33 1.19299e-19 7.54554e-11 1.76537e-05 0.0337751 4.29701 34.6423 40.0029 21.024 
553487 1479887 0 0.368522 0 0 0 0 0 3.61372e-280 2.76701e-236 1.86278e-196 4.53303e-157 2.97261e-121 6.96635e-84 1.81425e-54 1.00575e-33 7.92188e-20 5.93041e-11 1.53943e-05 0.0314568 4.18429 34.4958 40.1401 21.1483 
555487 1479887 0 0.363626 0 0 0 0 0 1.05436e-282 1.99667e-238 3.05915e-198 1.68024e-158 2.31192e-122 1.17524e-84 5.63384e-55 4.80396e-34 5.05115e-20 4.55093e-11 1.32427e-05 0.0290907 4.06362 34.3338 40.289 21.2845 
557487 1479887 0 0.35841 0 0 0 0 0 1.81782e-285 9.23764e-241 3.46881e-200 4.62756e-160 1.42826e-123 1.68871e-85 1.57436e-55 2.14664e-34 3.09254e-20 3.40981e-11 1.12377e-05 0.0267123 3.93582 34.1559 40.4492 21.4324 
559487 1479887 0 0.352901 0 0 0 0 0 1.85194e-288 2.74008e-243 2.71573e-202 9.46923e-162 7.00854e-125 2.0667e-86 3.95901e-56 8.9736e-35 1.81802e-20 2.49443e-11 9.40711e-06 0.0243546 3.80176 33.962 40.6201 21.5918 
561487 1479887 0 0.347125 0 0 0 0 0 1.11481e-291 5.21074e-246 1.46794e-204 1.43962e-163 2.7316e-126 2.15416e-87 8.95863e-57 3.50923e-35 1.0262e-20 1.78163e-11 7.76804e-06 0.0220475 3.6623 33.7518 40.8013 21.7626 
563487 1479887 0 0.341111 0 0 0 0 0 3.96517e-295 6.35262e-249 5.47804e-207 1.62605e-165 8.456e-128 1.91226e-88 1.82414e-57 1.28377e-35 5.56177e-21 1.24241e-11 6.32756e-06 0.0198171 3.51834 33.5251 40.9921 21.9447 
565487 1479887 0 0.334886 0 0 0 0 0 8.33279e-299 4.9649e-252 1.41132e-209 1.36446e-167 2.079e-129 1.44567e-89 3.34217e-58 4.39325e-36 2.89423e-21 8.45869e-12 5.08423e-06 0.0176855 3.37078 33.2818 41.1919 22.1378 
567487 1479887 0 0.328476 0 0 0 0 0 1.0346e-302 2.48746e-255 2.51013e-212 8.50571e-170 4.05949e-131 9.30743e-91 5.50982e-59 1.40637e-36 1.44606e-21 5.62252e-12 4.0297e-06 0.0156706 3.22051 33.0218 41.4001 22.3419 
569487 1479887 0 0.321908 0 0 0 0 0 7.58919e-307 7.98866e-259 3.0819e-215 3.93886e-172 6.29505e-133 5.10289e-92 8.17287e-60 4.21131e-37 6.93693e-22 3.64873e-12 3.15045e-06 0.0137861 3.06844 32.7449 41.6161 22.5567 
571487 1479887 0 0.315209 0 0 0 0 0 3.28882e-311 1.64456e-262 2.61203e-218 1.35495e-174 7.75217e-135 2.38239e-93 1.09076e-60 1.1796e-37 3.19497e-22 2.31169e-12 2.42952e-06 0.0120414 2.91542 32.4511 41.8393 22.7822 
573487 1479887 0 0.308403 0 0 0 0 0 8.41959e-316 2.17002e-266 1.52812e-221 3.4622e-177 7.58102e-137 9.47122e-95 1.30975e-61 3.09056e-38 1.4128e-22 1.42984e-12 1.84803e-06 0.0104421 2.7623 32.1404 42.0689 23.018 
575487 1479887 0 0.301514 0 0 0 0 0 0 1.83529e-270 6.17081e-225 6.57118e-180 5.88704e-139 3.20612e-96 1.41494e-62 7.57393e-39 5.99792e-23 8.63402e-13 1.38655e-06 0.00899023 2.60987 31.8128 42.3044 23.264 
577487 1479887 0 0.294565 0 0 0 0 0 0 9.94847e-275 1.71995e-228 9.26361e-183 3.63007e-141 9.241e-98 1.37521e-63 1.7361e-39 2.44467e-23 5.08975e-13 1.0261e-06 0.00768451 2.45889 31.4684 42.5449 23.5201 
579487 1479887 0 0.287578 0 0 0 0 0 0 3.45622e-279 3.30876e-232 9.69946e-186 1.77733e-143 2.26782e-99 1.20245e-64 3.72211e-40 9.56608e-24 2.9291e-13 7.48984e-07 0.0065211 2.31009 31.1073 42.79 23.7861 
581487 1479887 0 0.280572 0 0 0 0 0 0 7.69528e-284 4.39312e-236 7.54275e-189 6.90935e-146 4.73845e-101 9.4584e-66 7.46374e-41 3.59363e-24 1.64559e-13 5.39229e-07 0.00549389 2.16411 30.7299 43.0388 24.0618 
583487 1479887 0 0.273568 0 0 0 0 0 0 1.09802e-288 4.02554e-240 4.35624e-192 2.13261e-148 8.42916e-103 6.69286e-67 1.3998e-41 1.29602e-24 9.02507e-14 3.82903e-07 0.00459502 2.02157 30.3362 43.2907 24.3469 
585487 1479887 0 0.266582 0 0 0 0 0 0 1.00403e-293 2.54568e-244 1.86844e-195 5.22604e-151 1.27656e-104 4.26025e-68 2.45533e-42 4.4871e-25 4.8319e-14 2.68173e-07 0.0038154 1.88299 29.9267 43.5451 24.6414 
587487 1479887 0 0.259631 0 0 0 0 0 0 5.88326e-299 1.11096e-248 5.95137e-199 1.01674e-153 1.64584e-106 2.43936e-69 4.02788e-43 1.49137e-25 2.52532e-14 1.85244e-07 0.00314508 1.74886 29.5017 43.8012 24.9451 
589487 1479887 0 0.252729 0 0 0 0 0 0 2.20907e-304 3.34575e-253 1.40771e-202 1.57038e-156 1.8064e-108 1.25638e-70 6.17959e-44 4.75844e-26 1.28838e-14 1.26204e-07 0.0025737 1.61958 29.0617 44.0584 25.2577 
591487 1479887 0 0.245891 0 0 0 0 0 0 5.31504e-310 6.95305e-258 2.47258e-206 1.92551e-159 1.68774e-110 5.82046e-72 8.86642e-45 1.45747e-26 6.41641e-15 8.48009e-08 0.00209081 1.49551 28.6072 44.3161 25.5791 
593487 1479887 0 0.239128 0 0 0 0 0 0 8.19426e-316 9.97081e-263 3.2249e-210 1.87422e-162 1.3423e-112 2.42535e-73 1.18969e-45 4.28529e-27 3.11931e-15 5.61975e-08 0.00168616 1.37691 28.1387 44.5736 25.9092 
595487 1479887 0 0.232451 0 0 0 0 0 0 0 9.86611e-268 3.12321e-214 1.44815e-165 9.08726e-115 9.08992e-75 1.49282e-46 1.20949e-27 1.48026e-15 3.673e-08 0.00134991 1.26401 27.6567 44.8302 26.2477 
597487 1479887 0 0.22587 0 0 0 0 0 0 0 6.73612e-273 2.24589e-218 8.88211e-169 5.2365e-117 3.06409e-76 1.75171e-47 3.27688e-28 6.85684e-16 2.36759e-08 0.00107283 1.15697 27.1621 45.0854 26.5944 
599487 1479887 0 0.219394 0 0 0 0 0 0 0 3.17329e-278 1.19914e-222 4.32427e-172 2.5684e-119 9.28943e-78 1.92214e-48 8.52213e-29 3.10038e-16 1.50512e-08 0.000846385 1.05587 26.6554 45.3386 26.9493 
601487 1479887 0 0.213029 0 0 0 0 0 0 0 1.03142e-283 4.7537e-227 1.67107e-175 1.07223e-121 2.53285e-79 1.97228e-49 2.12745e-29 1.36837e-16 9.43649e-09 0.000662854 0.960765 26.1374 45.589 27.3122 
603487 1479887 0 0.206783 0 0 0 0 0 0 0 2.31299e-289 1.39915e-231 5.12562e-179 3.8098e-124 6.21087e-81 1.89237e-50 5.09785e-30 5.89506e-17 5.83473e-09 0.000515318 0.871637 25.6089 45.8361 27.6828 
605487 1479887 0 0.20066 0 0 0 0 0 0 0 3.57862e-295 3.05741e-236 1.24785e-182 1.15212e-126 1.36964e-82 1.69781e-51 1.17254e-30 2.47892e-17 3.55794e-09 0.000397682 0.788429 25.0707 46.0794 28.061 
607487 1479887 0 0.194666 0 0 0 0 0 0 0 3.81988e-301 4.96013e-241 2.41116e-186 2.96523e-129 2.7162e-84 1.42431e-52 2.58864e-31 1.01748e-17 2.13964e-09 0.000304648 0.711042 24.5237 46.3183 28.4467 
609487 1479887 0 0.188804 0 0 0 0 0 0 0 2.81298e-307 5.97408e-246 3.69772e-190 6.49501e-132 4.84404e-86 1.11725e-53 5.48551e-32 4.07631e-18 1.26894e-09 0.000231664 0.639338 23.9686 46.5522 28.8396 
611487 1479887 0 0.183076 0 0 0 0 0 0 0 1.42908e-313 5.34169e-251 4.50063e-194 1.21074e-134 7.76845e-88 8.19432e-55 1.11572e-32 1.594e-18 7.42168e-10 0.000174869 0.573145 23.4065 46.7805 29.2397 
613487 1479887 0 0.177485 0 0 0 0 0 0 0 6.96633e-320 3.54573e-256 4.34746e-198 1.92069e-137 1.12029e-89 5.61935e-56 2.17813e-33 6.08394e-19 4.28071e-10 0.000131026 0.512265 22.8382 47.0027 29.6466 
615487 1479887 0 0.172033 0 0 0 0 0 0 0 0 1.74721e-261 3.33282e-202 2.59297e-140 1.45275e-91 3.60297e-57 4.08127e-34 2.26648e-19 2.43489e-10 9.74525e-05 0.456475 22.2647 47.2183 30.0604 
617487 1479887 0 0.16672 0 0 0 0 0 0 0 0 6.39129e-267 2.02765e-206 2.97891e-143 1.69395e-93 2.15988e-58 7.33978e-35 8.2411e-20 1.36582e-10 7.19471e-05 0.405537 21.6869 47.4268 30.4807 
619487 1479887 0 0.161547 0 0 0 0 0 0 0 0 1.73551e-272 9.78978e-211 2.91227e-146 1.77604e-95 1.21056e-59 1.2669e-35 2.9247e-20 7.55525e-11 5.27251e-05 0.359196 21.1057 47.6277 30.9074 
621487 1479887 0 0.156514 0 0 0 0 0 0 0 0 3.49827e-278 3.75096e-215 2.42276e-149 1.67432e-97 6.34335e-61 2.09879e-36 1.01306e-20 4.12143e-11 3.83532e-05 0.317189 20.5221 47.8204 31.3403 
623487 1479887 0 0.15162 0 0 0 0 0 0 0 0 5.23431e-284 1.1405e-219 1.71508e-152 1.41923e-99 3.10758e-62 3.33699e-37 3.42489e-21 2.2171e-11 2.76925e-05 0.279245 19.9371 48.0044 31.7792 
625487 1479887 0 0.146865 0 0 0 0 0 0 0 0 5.81352e-290 2.75184e-224 1.03312e-155 1.08164e-101 1.42327e-63 5.0921e-38 1.13008e-21 1.17614e-11 1.98472e-05 0.245094 19.3515 48.1794 32.224 
627487 1479887 0 0.142247 0 0 0 0 0 0 0 0 4.79276e-296 5.2689e-229 5.29543e-159 7.41182e-104 6.0941e-65 7.45741e-39 3.63931e-22 6.15269e-12 1.41192e-05 0.214466 18.7663 48.3449 32.6744 
629487 1479887 0 0.137764 0 0 0 0 0 0 0 0 2.93287e-302 8.00533e-234 2.30955e-162 4.56635e-106 2.43937e-66 1.04815e-39 1.14386e-22 3.17397e-12 9.96987e-06 0.187093 18.1824 48.5003 33.1302 
433487 1477887 0 0.13843 0 0 0 0 0 0 0 0 3.87566e-301 5.90672e-233 9.27505e-162 1.13598e-105 4.32973e-66 1.48429e-39 1.40244e-22 3.56284e-12 1.05873e-05 0.191476 18.2774 48.4744 33.0567 
435487 1477887 0 0.143028 0 0 0 0 0 0 0 0 8.04481e-295 4.68016e-228 2.42048e-158 2.00778e-103 1.14155e-64 1.09136e-38 4.54953e-22 6.98372e-12 1.50814e-05 0.219991 18.8738 48.3139 32.5923 
437487 1477887 0 0.147773 0 0 0 0 0 0 0 0 1.23947e-288 2.94258e-223 5.37469e-155 3.19048e-101 2.81366e-63 7.70119e-38 1.44041e-21 1.34991e-11 2.13239e-05 0.25198 19.4718 48.143 32.1332 
439487 1477887 0 0.152666 0 0 0 0 0 0 0 0 1.41747e-282 1.46809e-218 1.0155e-151 4.55822e-99 6.4833e-62 5.21544e-37 4.45095e-21 2.57307e-11 2.99269e-05 0.287741 20.0706 47.962 31.6796 
441487 1477887 0 0.157709 0 0 0 0 0 0 0 0 1.20324e-276 5.81224e-214 1.63261e-148 5.85522e-97 1.39661e-60 3.3898e-36 1.34235e-20 4.8365e-11 4.16895e-05 0.327576 20.6693 47.7714 31.2317 
443487 1477887 0 0.162904 0 0 0 0 0 0 0 0 7.58164e-271 1.82602e-209 2.23344e-145 6.76251e-95 2.81267e-59 2.11452e-35 3.9512e-20 8.9649e-11 5.76457e-05 0.371794 21.2667 47.5717 30.7897 
445487 1477887 0 0.168252 0 0 0 0 0 0 0 0 3.54608e-265 4.55248e-205 2.59992e-142 7.0226e-93 5.29581e-58 1.26594e-34 1.13514e-19 1.63869e-10 7.91194e-05 0.420699 21.8621 47.3634 30.3537 
447487 1477887 0 0.173754 0 0 0 0 0 0 0 0 1.23117e-259 9.0069e-201 2.57542e-139 6.55723e-91 9.32234e-57 7.27408e-34 3.18292e-19 2.95387e-10 0.00010779 0.474597 22.4544 47.1469 29.9241 
449487 1477887 0 0.179411 0 0 0 0 0 0 0 1.3615e-317 3.17308e-254 1.41416e-196 2.17093e-136 5.50535e-89 1.53428e-55 4.01159e-33 8.71094e-19 5.25083e-10 0.000145766 0.533783 23.0425 46.9227 29.5008 
451487 1477887 0 0.185222 0 0 0 0 0 0 0 5.23824e-311 6.07075e-249 1.76206e-192 1.55726e-133 4.15625e-87 2.3609e-54 2.1234e-32 2.32686e-18 9.20473e-10 0.000195667 0.59854 23.6257 46.6914 29.0842 
453487 1477887 0 0.191187 0 0 0 0 0 0 0 1.38888e-304 8.62208e-244 1.74243e-188 9.50618e-131 2.82149e-85 3.39669e-53 1.07878e-31 6.06662e-18 1.59127e-09 0.000260716 0.669134 24.2027 46.4535 28.6744 
455487 1477887 0 0.197305 0 0 0 0 0 0 0 2.5404e-298 9.09074e-239 1.36745e-184 4.93841e-128 1.72237e-83 4.56925e-52 5.26041e-31 1.54382e-17 2.71288e-09 0.000344833 0.745809 24.7728 46.2095 28.2715 
457487 1477887 0 0.203574 0 0 0 0 0 0 0 3.20562e-292 7.11562e-234 8.51715e-181 2.1833e-125 9.45486e-82 5.74717e-51 2.46208e-30 3.83464e-17 4.56113e-09 0.000452733 0.828781 25.335 45.96 27.8758 
459487 1477887 0 0.20999 0 0 0 0 0 0 0 2.79063e-286 4.13487e-229 4.21033e-177 8.21483e-123 4.6674e-80 6.75914e-50 1.10608e-29 9.29681e-17 7.56266e-09 0.000590027 0.918232 25.8882 45.7055 27.4874 
461487 1477887 0 0.216551 0 0 0 0 0 0 0 1.67603e-280 1.78385e-224 1.65192e-173 2.63057e-120 2.07203e-78 7.43303e-49 4.76952e-29 2.20003e-16 1.23663e-08 0.000763311 1.01431 26.4318 45.4467 27.1065 
463487 1477887 0 0.223252 0 0 0 0 0 0 0 6.94486e-275 5.71361e-220 5.14421e-170 7.16936e-118 8.27238e-77 7.64339e-48 1.97413e-28 5.08176e-16 1.99421e-08 0.000980244 1.1171 26.9647 45.184 26.7332 
465487 1477887 0 0.230088 0 0 0 0 0 0 0 1.98544e-269 1.35872e-215 1.27151e-166 1.66303e-115 2.97022e-75 7.34955e-47 7.84325e-28 1.14576e-15 3.17155e-08 0.00124961 1.22668 27.4862 44.9182 26.3677 
467487 1477887 0 0.237051 0 0 0 0 0 0 1.68886e-317 3.91626e-264 2.399e-211 2.49462e-163 3.28339e-113 9.5914e-74 6.60845e-46 2.99116e-27 2.52158e-15 4.97446e-08 0.00158133 1.34301 27.9955 44.6497 26.0102 
469487 1477887 0 0.244135 0 0 0 0 0 0 2.44352e-311 5.32994e-259 3.14501e-207 3.88493e-160 5.5177e-111 2.78563e-72 5.55661e-45 1.095e-26 5.41693e-15 7.69482e-08 0.00198648 1.46605 28.4918 44.3793 25.6608 
471487 1477887 0 0.25133 0 0 0 0 0 0 2.2653e-305 5.0052e-254 3.06138e-203 4.80252e-157 7.89263e-109 7.27651e-71 4.36921e-44 3.84789e-26 1.13591e-14 1.1739e-07 0.00247721 1.59566 28.9744 44.1076 25.3198 
473487 1477887 0 0.258626 0 0 0 0 0 0 1.3456e-299 3.24325e-249 2.21274e-199 4.71276e-154 9.61004e-107 1.7096e-69 3.21281e-43 1.298e-25 2.32511e-14 1.76625e-07 0.00306666 1.73165 29.4428 43.8352 24.9873 
475487 1477887 0 0.266011 0 0 0 0 0 0 5.12155e-294 1.45015e-244 1.18761e-195 3.67126e-151 9.96054e-105 3.61285e-68 2.20937e-42 4.20315e-25 4.64583e-14 2.62099e-07 0.00376871 1.87375 29.8962 43.5628 24.6635 
477487 1477887 0 0.273473 0 0 0 0 0 0 1.24909e-288 4.47441e-240 4.73325e-192 2.2704e-148 8.78837e-103 6.86754e-67 1.42089e-41 1.30657e-24 9.06161e-14 3.83593e-07 0.0045978 2.02162 30.3343 43.291 24.3485 
479487 1477887 0 0.280996 0 0 0 0 0 0 1.95214e-283 9.52708e-236 1.40089e-188 1.11469e-145 6.6011e-101 1.17425e-65 8.54617e-41 3.89897e-24 1.72534e-13 5.53704e-07 0.00556856 2.17485 30.7565 43.0206 24.0425 
481487 1477887 0 0.288565 0 0 0 0 0 0 1.95508e-278 1.39991e-231 3.0791e-185 4.3449e-143 4.22106e-99 1.80611e-64 4.8074e-40 1.11696e-23 3.20684e-13 7.88296e-07 0.00669538 2.33296 31.1624 42.7522 23.7458 
483487 1477887 0 0.296161 0 0 0 0 0 0 1.25478e-273 1.41963e-227 5.02612e-182 1.34462e-140 2.29794e-97 2.49898e-63 2.52922e-39 3.07184e-23 5.81861e-13 1.10691e-06 0.00799194 2.49537 31.5517 42.4865 23.4585 
485487 1477887 0 0.303766 0 0 0 0 0 6.6353e-319 5.16111e-269 9.93568e-224 6.0932e-179 3.3039e-138 1.06508e-95 3.11049e-62 1.24454e-38 8.11041e-23 1.03064e-12 1.53303e-06 0.00947063 2.66147 31.9241 42.2242 23.1808 
487487 1477887 0 0.311358 0 0 0 0 0 1.13025e-313 1.36051e-264 4.79937e-220 5.48629e-176 6.44584e-136 4.20312e-94 3.48302e-61 5.72784e-38 2.05578e-22 1.78214e-12 2.09415e-06 0.011142 2.83055 32.2793 41.9661 22.9128 
489487 1477887 0 0.318915 0 0 0 0 0 1.14021e-308 2.29858e-260 1.60012e-216 3.66901e-173 9.98555e-134 1.41227e-92 3.50879e-60 2.46568e-37 5.00272e-22 3.00838e-12 2.82159e-06 0.0130138 3.00186 32.6174 41.7129 22.6548 
491487 1477887 0 0.326413 0 0 0 0 0 6.79491e-304 2.48906e-256 3.68227e-213 1.82252e-170 1.22835e-131 4.04054e-91 3.18014e-59 9.92794e-37 1.1688e-21 4.95777e-12 3.74984e-06 0.0150909 3.17458 32.9381 41.4652 22.407 
493487 1477887 0 0.333826 0 0 0 0 0 2.39211e-299 1.72761e-252 5.84916e-210 6.72461e-168 1.1999e-129 9.84353e-90 2.5932e-58 3.7391e-36 2.6217e-21 7.97644e-12 4.91552e-06 0.0173738 3.34782 33.2415 41.2238 22.1696 
495487 1477887 0 0.341127 0 0 0 0 0 4.97501e-295 7.68609e-249 6.4136e-207 1.8431e-165 9.30805e-128 2.04206e-88 1.90256e-57 1.31725e-35 5.64605e-21 1.25287e-11 6.35582e-06 0.0198589 3.52069 33.5275 40.9893 21.9426 
497487 1477887 0 0.348289 0 0 0 0 0 6.11282e-291 2.19196e-245 4.85466e-204 3.75261e-163 5.73429e-126 3.60751e-87 1.25594e-56 4.34085e-35 1.16743e-20 1.92125e-11 8.10632e-06 0.0225372 3.69222 33.7963 40.7625 21.7264 
499487 1477887 0 0.355282 0 0 0 0 0 4.43752e-287 4.00724e-242 2.53676e-201 5.67596e-161 2.80559e-124 5.4273e-86 7.45995e-56 1.33812e-34 2.31765e-20 2.87638e-11 1.01984e-05 0.0253941 3.86143 34.048 40.544 21.5211 
501487 1477887 0 0.362076 0 0 0 0 0 1.90329e-283 4.69633e-239 9.15126e-199 6.37797e-159 1.09021e-122 6.95364e-85 3.98708e-55 3.85865e-34 4.41778e-20 4.2044e-11 1.26562e-05 0.0284094 4.02732 34.2828 40.3345 21.3269 
503487 1477887 0 0.36864 0 0 0 0 0 4.82341e-280 3.52849e-236 2.27919e-196 5.32451e-157 3.36473e-121 7.58766e-84 1.9175e-54 1.04089e-33 8.08548e-20 6.00012e-11 1.54934e-05 0.0315568 4.18888 34.5009 40.1347 21.1439 
505487 1477887 0 0.374944 0 0 0 0 0 7.22277e-277 1.69963e-233 3.91916e-194 3.30253e-155 8.24828e-120 7.05157e-83 8.29835e-54 2.62674e-33 1.42089e-19 8.36028e-11 1.87095e-05 0.0348043 4.34511 34.7025 39.9452 20.9724 
507487 1477887 0 0.380957 0 0 0 0 2.32211e-320 6.39099e-274 5.24888e-231 4.65302e-192 1.52194e-153 1.60607e-118 5.5816e-82 3.23171e-53 6.20121e-33 2.39758e-19 1.13735e-10 2.22873e-05 0.038114 4.495 34.8878 39.7665 20.8125 
509487 1477887 0 0.386647 0 0 0 0 3.90964e-317 3.34167e-271 1.03931e-228 3.81436e-190 5.21136e-152 2.48409e-117 3.76306e-81 1.13258e-52 1.36959e-32 3.88463e-19 1.51071e-10 2.61903e-05 0.0414434 4.63758 35.0573 39.5994 20.6643 
511487 1477887 0 0.391984 0 0 0 0 3.15694e-314 1.03253e-268 1.31948e-226 2.15907e-188 1.32592e-150 3.05202e-116 2.16095e-80 3.572e-52 2.82987e-32 6.04364e-19 1.95926e-10 3.03609e-05 0.0447456 4.7719 35.2112 39.4442 20.528 
513487 1477887 0 0.39694 0 0 0 0 1.37972e-311 1.8854e-266 1.07412e-224 8.43891e-187 2.50677e-149 2.97876e-115 1.05702e-79 1.01384e-51 5.47032e-32 9.02867e-19 2.48102e-10 3.47206e-05 0.0479706 4.89705 35.3497 39.3015 20.4037 
515487 1477887 0 0.401485 0 0 0 0 3.26293e-309 2.03458e-264 5.60671e-223 2.27767e-185 3.5217e-148 2.30955e-114 4.40418e-79 2.58971e-51 9.89316e-32 1.29518e-18 3.06761e-10 3.91706e-05 0.0510663 5.01219 35.4733 39.1718 20.2916 
517487 1477887 0 0.405592 0 0 0 0 4.1757e-307 1.29757e-262 1.87664e-221 4.24514e-184 3.67658e-147 1.42256e-113 1.56315e-78 5.95341e-51 1.67394e-31 1.78412e-18 3.70346e-10 4.35954e-05 0.0539798 5.11652 35.5821 39.0556 20.1918 
519487 1477887 0 0.409239 0 0 0 0 2.89179e-305 4.89081e-261 4.02795e-220 5.46388e-183 2.85232e-146 6.96114e-113 4.72611e-78 1.23174e-50 2.64991e-31 2.35999e-18 4.36572e-10 4.78665e-05 0.0566593 5.20931 35.6765 38.9532 20.1043 
521487 1477887 0 0.412401 0 0 0 0 1.08375e-303 1.08952e-259 5.54401e-219 4.85657e-182 1.64447e-145 2.70622e-112 1.21725e-77 2.2936e-50 3.92479e-31 2.99772e-18 5.02514e-10 5.18485e-05 0.0590551 5.2899 35.7567 38.8649 20.0294 
523487 1477887 0 0.415059 0 0 0 0 2.19798e-302 1.43451e-258 4.8934e-218 2.98115e-181 7.0459e-145 8.35846e-112 2.67074e-77 3.84386e-50 5.43874e-31 3.65653e-18 5.64792e-10 5.54063e-05 0.0611213 5.35773 35.823 38.7912 19.967 
525487 1477887 0 0.417197 0 0 0 0 2.41245e-301 1.11632e-257 2.76982e-217 1.26378e-180 2.24355e-144 2.05106e-111 4.99197e-77 5.79793e-50 7.05147e-31 4.28302e-18 6.19839e-10 5.8412e-05 0.0628175 5.41232 35.8755 38.7321 19.9172 
527487 1477887 0 0.4188 0 0 0 0 1.43298e-300 5.13457e-257 1.00543e-216 3.69997e-180 5.3092e-144 3.99875e-111 7.94882e-77 7.87116e-50 8.5539e-31 4.81765e-18 6.64236e-10 6.0753e-05 0.0641096 5.45327 35.9145 38.688 19.8801 
529487 1477887 0 0.419859 0 0 0 0 4.60652e-300 1.39588e-256 2.34054e-216 7.48117e-180 9.33731e-144 6.19395e-111 1.07827e-76 9.6176e-50 9.70855e-31 5.20387e-18 6.95057e-10 6.23387e-05 0.0649713 5.48029 35.94 38.659 19.8557 
531487 1477887 0 0.420365 0 0 0 0 8.01419e-300 2.24297e-256 3.49419e-216 1.04469e-179 1.22044e-143 7.62276e-111 1.24609e-76 1.05769e-49 1.03098e-30 5.39789e-18 7.10188e-10 6.31064e-05 0.0653848 5.49318 35.9521 38.6451 19.8441 
533487 1477887 0 0.420317 0 0 0 0 7.54572e-300 2.13027e-256 3.34538e-216 1.00752e-179 1.18553e-143 7.45348e-111 1.22679e-76 1.04693e-49 1.02437e-30 5.37687e-18 7.0857e-10 6.30252e-05 0.0653416 5.49186 35.9509 38.6466 19.8453 
535487 1477887 0 0.419713 0 0 0 0 3.84501e-300 1.19586e-256 2.05406e-216 6.71066e-180 8.55882e-144 5.79039e-111 1.02893e-76 9.32696e-50 9.52284e-31 5.14331e-18 6.90316e-10 6.20985e-05 0.0648426 5.47633 35.9364 38.6632 19.8592 
537487 1477887 0 0.418559 0 0 0 0 1.06034e-300 3.96788e-257 8.08809e-217 3.08691e-180 4.59215e-144 3.57401e-111 7.35191e-77 7.47872e-50 8.28294e-31 4.72457e-18 6.56702e-10 6.03634e-05 0.0638981 5.4467 35.9084 38.695 19.8859 
539487 1477887 0 0.416861 0 0 0 0 1.58251e-301 7.78155e-258 2.04241e-217 9.80678e-181 1.83112e-144 1.75268e-111 4.47515e-77 5.3973e-50 6.74073e-31 4.16762e-18 6.10019e-10 5.78882e-05 0.0625276 5.40319 35.8671 38.7419 19.9253 
541487 1477887 0 0.414631 0 0 0 0 1.27817e-302 9.01983e-259 3.30749e-218 2.15163e-181 5.42637e-145 6.82875e-112 2.32062e-77 3.50578e-50 5.13254e-31 3.53035e-18 5.53312e-10 5.47682e-05 0.0607588 5.34611 35.8121 38.8037 19.9774 
543487 1477887 0 0.411883 0 0 0 0 5.58694e-304 6.17945e-260 3.43484e-219 3.26016e-182 1.19506e-145 2.11382e-112 1.02515e-77 2.0495e-50 3.65643e-31 2.87176e-18 4.90058e-10 5.11196e-05 0.0586271 5.27586 35.7433 38.8801 20.0421 
545487 1477887 0 0.408635 0 0 0 0 1.32157e-305 2.50214e-261 2.28749e-220 3.41144e-183 1.95593e-146 5.19845e-113 3.85787e-78 1.07836e-50 2.43713e-31 2.24324e-18 4.23811e-10 4.7072e-05 0.0561742 5.19295 35.6605 38.971 20.1193 
547487 1477887 0 0.404907 0 0 0 0 1.69172e-307 5.98794e-263 9.76899e-222 2.4652e-184 2.37896e-147 1.01567e-113 1.23674e-78 5.10647e-51 1.51982e-31 1.68267e-18 3.57882e-10 4.27614e-05 0.0534467 5.09797 35.5635 39.076 20.209 
549487 1477887 0 0.400721 0 0 0 0 1.17188e-309 8.46907e-265 2.67526e-223 1.23019e-185 2.15022e-148 1.57649e-114 3.37734e-79 2.17629e-51 8.8673e-32 1.21203e-18 2.95086e-10 3.83223e-05 0.0504948 4.99158 35.4521 39.1948 20.3111 
551487 1477887 0 0.396103 0 0 0 0 4.39275e-312 7.07906e-267 4.69783e-225 4.23924e-187 1.44421e-149 1.94394e-115 7.85637e-80 8.34726e-52 4.8403e-32 8.38326e-19 2.37571e-10 3.3881e-05 0.0473708 4.87451 35.3258 39.3269 20.4254 
553487 1477887 0 0.391079 0 0 0 0 8.91006e-315 3.49692e-269 5.28972e-227 1.00876e-188 7.20801e-151 1.90421e-116 1.55673e-80 2.88133e-52 2.47188e-32 5.56793e-19 1.86754e-10 2.95503e-05 0.0441273 4.74759 35.1846 39.4719 20.5518 
555487 1477887 0 0.385678 0 0 0 0 9.78695e-318 1.02083e-271 3.81908e-229 1.65751e-190 2.67317e-152 1.48175e-117 2.62745e-81 8.95068e-53 1.18101e-32 3.551e-19 1.43341e-10 2.54252e-05 0.0408163 4.61167 35.0279 39.6293 20.6903 
557487 1477887 0 0.37993 0 0 0 0 0 1.761e-274 1.76791e-231 1.88054e-192 7.36634e-154 9.15897e-119 3.77726e-82 2.50221e-53 5.27884e-33 2.17459e-19 1.07422e-10 2.15803e-05 0.0374871 4.46766 34.8556 39.7986 20.8406 
559487 1477887 0 0.373865 0 0 0 0 0 1.79513e-277 5.24716e-234 1.47316e-194 1.50825e-155 4.49696e-120 4.62514e-83 6.29483e-54 2.20739e-33 1.2787e-19 7.86022e-11 1.80691e-05 0.034186 4.31652 34.6673 39.9793 21.0027 
561487 1477887 0 0.367514 0 0 0 0 0 1.0813e-280 9.98469e-237 7.9679e-197 2.29445e-157 1.75378e-121 4.82355e-84 1.42505e-54 8.63504e-34 7.21964e-20 5.61544e-11 1.49243e-05 0.0309548 4.15923 34.4627 40.1708 21.1763 
563487 1477887 0 0.360908 0 0 0 0 0 3.84851e-284 1.21808e-239 2.97542e-199 2.59329e-159 5.43253e-123 4.28437e-85 2.90299e-55 3.16e-34 3.91394e-20 3.91685e-11 1.21598e-05 0.02783 3.99679 34.2417 40.3724 21.3613 
565487 1477887 0 0.354078 0 0 0 0 0 8.0932e-288 9.52645e-243 7.67092e-202 2.17757e-161 1.33654e-124 3.24095e-86 5.32136e-56 1.08178e-34 2.03731e-20 2.6674e-11 9.77299e-06 0.0248428 3.8302 34.0038 40.5836 21.5575 
567487 1477887 0 0.347055 0 0 0 0 0 1.00557e-291 4.77623e-246 1.36529e-204 1.35841e-163 2.61155e-126 2.08789e-87 8.77705e-57 3.46429e-35 1.01821e-20 1.7735e-11 7.748e-06 0.0220182 3.66049 33.7491 40.8036 21.7648 
569487 1477887 0 0.339868 0 0 0 0 0 7.3816e-296 1.53504e-249 1.6775e-207 6.29512e-166 4.05263e-128 1.14545e-88 1.3026e-57 1.03776e-35 4.88596e-21 1.15123e-11 6.05909e-06 0.0193754 3.48864 33.4771 41.0319 21.9829 
571487 1477887 0 0.332546 0 0 0 0 0 3.20125e-300 3.16242e-253 1.42281e-210 2.1671e-168 4.99434e-130 5.35136e-90 1.73939e-58 2.90794e-36 2.25105e-21 7.29574e-12 4.67385e-06 0.016928 3.31564 33.188 41.2677 22.2117 
573487 1477887 0 0.325118 0 0 0 0 0 8.20169e-305 4.17605e-257 8.33024e-214 5.54164e-171 4.88773e-132 2.1289e-91 2.08975e-59 7.62195e-37 9.95719e-22 4.5139e-12 3.5562e-06 0.0146837 3.14243 32.8815 41.5103 22.4511 
575487 1477887 0 0.317609 0 0 0 0 0 1.24132e-309 3.53463e-261 3.3665e-217 1.0526e-173 3.79845e-134 7.21163e-93 2.25887e-60 1.86866e-37 4.22861e-22 2.72647e-12 2.66891e-06 0.0126455 2.96992 32.5576 41.7591 22.7007 
577487 1477887 0 0.310045 0 0 0 0 0 1.1098e-314 1.9175e-265 9.39062e-221 1.48505e-176 2.34402e-136 2.0801e-94 2.1967e-61 4.28517e-38 1.72409e-22 1.60772e-12 1.97567e-06 0.0108119 2.79896 32.2164 42.0133 22.9605 
579487 1477887 0 0.302451 0 0 0 0 0 7.01573e-320 6.66691e-270 1.80795e-224 1.55615e-179 1.14855e-138 5.10845e-96 1.92187e-62 9.19116e-39 6.74866e-23 9.255e-13 1.44252e-06 0.00917762 2.63038 31.858 42.2722 23.2302 
581487 1477887 0 0.294847 0 0 0 0 0 0 1.48558e-274 2.40238e-228 1.2111e-182 4.46853e-141 1.06816e-97 1.51264e-63 1.84386e-39 2.53608e-23 5.20105e-13 1.03884e-06 0.00773413 2.46492 31.4826 42.5352 23.5096 
583487 1477887 0 0.287255 0 0 0 0 0 0 2.12144e-279 2.20314e-232 7.00022e-186 1.38033e-143 1.90154e-99 1.07101e-64 3.45964e-40 9.14935e-24 2.85331e-13 7.37884e-07 0.00647056 2.30327 31.0903 42.8014 23.7986 
585487 1477887 0 0.279695 0 0 0 0 0 0 1.94141e-284 1.39435e-236 3.00488e-189 3.38524e-146 2.88195e-101 6.82156e-66 6.07113e-41 3.16878e-24 1.52807e-13 5.16939e-07 0.00537422 2.14603 30.6814 43.0702 24.097 
587487 1477887 0 0.272182 0 0 0 0 0 0 1.13851e-289 6.08997e-241 9.57889e-193 6.59131e-149 3.71844e-103 3.90835e-67 9.96402e-42 1.05356e-24 7.98864e-14 3.57186e-07 0.00443128 1.99377 30.2563 43.3409 24.4045 
589487 1477887 0 0.264734 0 0 0 0 0 0 4.27835e-295 1.83552e-245 2.26756e-196 1.01886e-151 4.08428e-105 2.01424e-68 1.52938e-42 3.36271e-25 4.07688e-14 2.43416e-07 0.00362724 1.84694 29.8154 43.6129 24.7211 
591487 1477887 0 0.257365 0 0 0 0 0 0 1.0302e-300 3.81759e-250 3.98606e-200 1.25026e-154 3.81888e-107 9.3373e-70 2.19536e-43 1.03032e-25 2.03097e-14 1.63605e-07 0.0029475 1.70596 29.3593 43.8854 25.0465 
593487 1477887 0 0.250087 0 0 0 0 0 0 1.5895e-306 5.47886e-255 5.20303e-204 1.21792e-157 3.03954e-109 3.89326e-71 2.9471e-44 3.03044e-26 9.87638e-15 1.08452e-07 0.00237769 1.57114 28.8883 44.1577 25.3805 
595487 1477887 0 0.242911 0 0 0 0 0 0 1.57136e-312 5.42562e-260 5.04295e-208 9.41791e-161 2.05929e-111 1.46008e-72 3.69975e-45 8.55614e-27 4.68816e-15 7.09023e-08 0.00190405 1.44273 28.4031 44.4292 25.723 
597487 1477887 0 0.235849 0 0 0 0 0 0 1.00987e-318 3.70727e-265 3.62922e-212 5.7809e-164 1.18755e-113 4.92486e-74 4.34339e-46 2.31892e-27 2.17228e-15 4.57157e-08 0.00151362 1.32093 27.9045 44.6993 26.0738 
599487 1477887 0 0.228909 0 0 0 0 0 0 0 1.7478e-270 1.93924e-216 2.81662e-167 5.82904e-116 1.49402e-75 4.76823e-47 6.03286e-28 9.82494e-16 2.90702e-08 0.00119446 1.20585 27.3929 44.9674 26.4327 
601487 1477887 0 0.222097 0 0 0 0 0 0 0 5.68528e-276 7.69357e-221 1.08929e-170 2.43525e-118 4.07619e-77 4.89494e-48 1.50655e-28 4.33753e-16 1.82307e-08 0.000935693 1.09754 26.8693 45.2327 26.7995 
603487 1477887 0 0.215421 0 0 0 0 0 0 0 1.27591e-281 2.26615e-225 3.34368e-174 8.65917e-121 1.00017e-78 4.69883e-49 3.61127e-29 1.86917e-16 1.12753e-08 0.000727615 0.995999 26.3344 45.4947 27.1741 
605487 1477887 0 0.208886 0 0 0 0 0 0 0 1.97555e-287 4.95571e-230 8.14637e-178 2.62051e-123 2.20701e-80 4.21771e-50 8.30899e-30 7.8622e-17 6.87735e-09 0.000561658 0.901163 25.7891 45.7528 27.5564 
607487 1477887 0 0.202495 0 0 0 0 0 0 0 2.1103e-293 8.04575e-235 1.57526e-181 6.74935e-126 4.37959e-82 3.53997e-51 1.83502e-30 3.22794e-17 4.1369e-09 0.00043037 0.812927 25.2341 46.0064 27.946 
609487 1477887 0 0.196254 0 0 0 0 0 0 0 1.55517e-299 9.69755e-240 2.41755e-185 1.47942e-128 7.81542e-84 2.77811e-52 3.88987e-31 1.29356e-17 2.45407e-09 0.000327346 0.731139 24.6705 46.255 28.343 
611487 1477887 0 0.190163 0 0 0 0 0 0 0 7.90645e-306 8.67725e-245 2.9446e-189 2.75974e-131 1.25415e-85 2.03853e-53 7.91446e-32 5.05972e-18 1.43567e-09 0.000247153 0.65561 24.0991 46.4979 28.7471 
613487 1477887 0 0.184225 0 0 0 0 0 0 0 2.77296e-312 5.76392e-250 2.8464e-193 4.38105e-134 1.80974e-87 1.39861e-54 1.54559e-32 1.9317e-18 8.28277e-10 0.000185231 0.586118 23.5209 46.7347 29.1581 
